# Nodes
0 -360.7 -415.1
1 -612 -443.2
2 -11.6 -372.3
3 -397.6 289.4
4 -420.5 275.6
5 -500.4 215.7
6 -520.1 180.9
7 -537.6 148.8
8 -552.6 93.4
9 -636.7 -283.6
10 -720.1 -284.7
11 -633.2 -209.9
12 -572.1 292
13 151.9 -336.9
14 -744.4 231.1
15 -725.1 310.3
16 -793 46.9
17 -156.1 -1628.6
18 -166.4 -1592.5
19 -79.8 -1477.7
20 -56.4 -1545.6
21 -102.8 -1591.6
22 -159.1 -1502.8
23 -112.3 -1451.4
24 163.6 -300.8
25 -78.4 -1609.9
26 38.9 -1621.1
27 -105.7 -1651.8
28 116.5 -359.4
29 -316.8 -1064.5
30 -323 -971.9
31 200.6 -770.1
32 182.1 -876.9
33 210.4 -735.7
34 65 -714.9
35 178.6 -328
36 246.2 -368.1
37 174.9 -364
38 296.7 -190.3
39 487.6 -241.9
40 628.2 22
41 -103.4 -129
42 -111.3 -202.4
43 -93 -47.3
44 46.9 -151.8
45 52.6 -208.6
46 220.3 -333.4
47 49.9 -365.9
48 51.5 -297.6
49 235.1 -744.6
50 80 -607.1
51 59.1 -755.3
52 17.2 -1608.2
53 85.2 -1510.7
54 -483.7 171.6
55 -398.5 -1244.9
56 -465.4 247.2
57 225.2 -367.4
58 -449.9 187.4
59 -360.3 -215.6
60 -342.9 -293.8
61 -239.9 -285.3
62 -335.7 -353.2
63 -313 -584.5
64 -318.3 -747.3
65 -160.6 -594.4
66 -364.8 -1261.7
67 -304.5 -1185
68 276.6 -337.7
69 -530.6 -1480.5
70 -448.6 -1348.7
71 -404 -27.4
72 -322.3 -889.2
73 -230.6 -1197.4
74 -311.6 -1095.1
75 -317.3 -33.4
76 -366.6 -185.5
77 -674.6 471.5
78 -851.6 -176.6
79 271.5 -361.6
80 -885 -289.7
81 -763.6 -286.1
82 -1072.2 -151.3
83 -1063.1 136
84 -613.3 311.9
85 -703.3 291
86 -1082.6 -294.6
87 -468 103.4
88 -846 603.7
89 619.3 106
90 323.1 -335
91 603.4 134.6
92 421.5 144.7
93 626.3 75.6
94 767.4 1258.3
95 1025.8 982.2
96 749.3 1226.5
97 718.2 1312.4
98 -556.4 -802.4
99 -910.7 -927
100 -844.1 -1030.6
101 549.9 -312.7
102 -586.8 -825.3
103 -804.4 -1093.9
104 -821.4 -1066.8
105 -760.4 -1141.1
106 -716.1 -1189.1
107 -744.4 -1158.4
108 -689.4 -1216.5
109 -536.5 -1056.1
110 -715.2 519.9
111 -566.3 578.3
112 -328.5 -413.1
113 564.3 -250.3
114 -32.2 -601.8
115 -152.5 -524.7
116 97.8 -480
117 255.3 -539.8
118 -25.1 -1004.9
119 21.1 -950
120 -70.5 -996.2
121 -197.7 -920.5
122 -60.9 -936.3
123 26.2 -924.5
124 -252.2 123.7
125 -49 -796.3
126 37.1 -870.4
127 95.2 -873
128 98.3 -823.3
129 101.7 -767.3
130 159.5 -772.2
131 -142.2 -451
132 -98.2 -457.7
133 -21.6 -537.4
134 -15.4 -466.7
135 -155.4 98.1
136 -37.4 -464.6
137 -10 -396.2
138 -18.6 -500.5
139 -15.1 -299.2
140 -17.7 -256.3
141 -119.3 -271.3
142 -106.3 -529.7
143 -85.1 -532.1
144 92.5 -256.4
145 52.4 -256.5
146 -252.3 226.2
147 -177 -315.6
148 -263 -345.8
149 -243.5 -199.5
150 -243.9 -147.3
151 -298.7 -205.5
152 -245.1 -37.1
153 -167.2 -42.9
154 -302.9 -168.5
155 -174.3 -189.5
156 -171.7 -139
157 -250.9 102.7
158 -156.9 76.8
159 -146.2 206.7
160 -244.6 279.1
161 -66 188.7
162 -142.6 258.5
163 -70.4 145.3
164 -33.3 181.6
165 -602.2 814.5
166 -714.6 724.5
167 -81.9 271.1
168 -77.6 76.3
169 -86.2 247.4
170 -14 232.7
171 358.6 101.9
172 408.3 92.6
173 458.8 81.8
174 -16.3 313.2
175 -814.5 644
176 -1070.2 -104.4
177 -17 392.8
178 250.7 228.6
179 -75.3 100.5
180 -14 421
181 -308.8 1050.2
182 -346.1 1079.4
183 -274.4 1102.3
184 -177.1 1048.1
185 -38.2 957.6
186 -15.7 995.8
187 -308.5 1121.8
188 -172.6 1204.9
189 8.2 1103.6
190 -79.7 56.2
191 36 1088.9
192 57.2 1208.7
193 13.5 1048
194 66.3 1143.7
195 107 996.5
196 254.9 916.7
197 273.6 951.6
198 -131.8 1338.1
199 97.8 1199.7
200 168 1096.7
201 -190.5 -860.2
202 265.4 1101.4
203 286.9 1137.8
204 302.1 1199.6
205 336.3 1141.2
206 111.1 1221.5
207 211 1220.8
208 228.3 865.6
209 184.2 888.4
210 327.9 1073.4
211 349.5 1117.9
212 -250.3 -857.5
213 293.2 1081
214 26.8 847.6
215 43.1 876.7
216 63.9 913.4
217 92 899.3
218 80 943.7
219 29.1 970.3
220 155.9 971
221 -24.1 875.9
222 111.6 630.6
223 -356.8 -567.6
224 -178.5 -756.9
225 -49.7 142.9
226 -96.8 104.2
227 196.8 574.4
228 167.6 715.2
229 215.5 796.4
230 194.3 752.1
231 154.4 849.5
232 247.5 855.6
233 107.1 929.2
234 126.8 918.8
235 -57.3 -866.1
236 289.5 799.7
237 333.3 763.2
238 308.2 729.6
239 437 682.1
240 449.5 704.6
241 415.7 643.1
242 284.1 695.8
243 -590.2 -584.3
244 413.3 -553.5
245 385.7 -521.8
246 229.8 218.5
247 509.9 -473.4
248 259.1 -502
249 394.7 -448.9
250 354.9 -331.8
251 432.6 -782.6
252 426.2 -808.8
253 292.7 206
254 295.7 366.9
255 337.6 240.8
256 -77.6 -460.8
257 224.6 167.7
258 -227.2 -1167.4
259 -597.8 614.2
260 366.2 899
261 496.4 154.1
262 561.8 142.5
263 420.7 169
264 471.5 689.9
265 520.7 817.4
266 587.7 945.1
267 548.2 976
268 97.4 210
269 662.2 1078.8
270 542.8 860.8
271 638.8 1092.4
272 612.8 1117.6
273 595.6 1131.7
274 598.8 1094.3
275 626.1 1176.9
276 445.7 1171.4
277 424.2 1132.5
278 413.9 1193
279 279 157.4
280 375.3 1198.8
281 362 1126.3
282 323.1 1199.8
283 568.2 1265.2
284 687.4 1251.4
285 720.6 1228.7
286 487.6 1287.2
287 587.1 1307.2
288 457.9 1188
289 634.9 1408.4
290 244.1 122.2
291 550.7 1506.3
292 483.9 1491.1
293 218.1 605.5
294 99.4 -1488.6
295 -822.7 -1194.4
296 281.9 -992.8
297 201.7 -1017.6
298 407.2 -887
299 152.7 -1004.6
300 -617.5 370.9
301 471.9 -640.5
302 -697.8 409
303 -606.8 333.6
304 653.5 112.1
305 584 168.7
306 1023.1 941.7
307 716.1 626.9
308 487.6 874.7
309 789.3 603.3
310 509.4 862.2
311 411.9 1006.5
312 449.5 -722.6
313 390.6 1073.6
314 245.9 1258.6
315 -18.7 1417.7
316 260.3 662.6
317 -906 -1066.6
318 -884.8 -1105.7
319 105.7 -414
320 294.9 1250.4
321 307.6 1273.4
322 307.1 823
323 485.3 -572.2
324 538.4 1460.5
325 -832.2 627
326 146.4 -1414.1
327 375.7 -365
328 412.6 -326.3
329 494 -537.2
330 393.2 -207.3
331 480.5 -283.7
332 521.4 -259.8
333 18.9 -205.4
334 -356.9 -852.7
335 -480.9 431.5
336 172.4 -1373.8
337 204.2 -1391.2
338 427.4 979.6
339 -538.6 735.5
340 177.3 14.5
341 498.2 672
342 435 412
343 486.5 343.2
344 430.5 596.3
345 407.8 434.3
346 -392.2 318.5
347 453.4 451.7
348 503.4 312.7
349 520.1 283.5
350 -0.2 -921.6
351 -171.5 -1108.3
352 -219.3 -1102.1
353 -163.8 -1170.1
354 -429.5 -1175.4
355 448.7 626.2
356 420.8 -830.8
357 -526.4 384.3
358 429.7 -521.3
359 502.3 -503.9
360 437.8 -488.5
361 531.3 1437
362 241.7 1279.5
363 225 1251.1
364 518.1 1393.7
365 517.1 -280.3
366 -419.7 519.3
367 -47.7 342.8
368 169.6 1314.1
369 448.1 1622
370 187.1 1339.7
371 515.5 1546.9
372 -56.8 266
373 -555.8 -838.9
374 -59.6 242
375 -50.4 319.8
376 -52.7 550.3
377 -33.8 607.7
378 -266.8 669.5
379 -318 619.5
380 -603.3 370.1
381 -572.7 350.7
382 -479.3 267.7
383 -136.8 282.1
384 -321.2 -854.3
385 -134.9 793.6
386 -69.7 901.1
387 -376.2 956.7
388 29.6 684.4
389 -203.1 727.6
390 324.5 490.1
391 399.6 616.4
392 278.5 527.5
393 386.3 448.6
394 -488.1 -1342.9
395 -357.1 -1060.6
396 -468 -1360.8
397 -638.2 -1272
398 -524.7 -1137.9
399 -533.2 184
400 -543.8 261.2
401 -514.7 232.4
402 -278.8 -1596.1
403 -422.5 -1541.2
404 352 -1098.2
405 373.8 -1024.1
406 -134.6 -390.5
407 257.2 -1066.4
408 302.5 -1171.5
409 123.4 -1122.7
410 -5.3 -1087.9
411 -90 -1429.6
412 8.8 -1011.5
413 -215.8 -1073.2
414 -79.3 -1081.2
415 -204.3 -976
416 -363.2 -1394.5
417 -123.8 -309.7
418 -439.1 -1371.6
419 -258.1 -1429.1
420 -242.8 -1300.1
421 -213.7 -1613.6
422 -198.4 -1447.5
423 184 -172.6
424 207.2 -37.2
425 92.5 -158.7
426 170.5 -255.9
427 215.4 3.5

# Edges
0 1
0 112
0 223
1 9
1 243
2 47
2 137
2 139
2 406
3 4
3 160
3 382
4 56
4 58
5 6
5 54
5 56
5 401
6 7
6 54
7 8
7 399
8 11
8 87
9 10
9 11
10 11
10 81
11 87
12 84
12 300
12 400
13 24
13 28
13 35
13 37
14 15
14 16
14 85
15 85
15 302
16 78
16 83
17 18
17 21
18 21
18 22
19 20
19 21
19 23
19 53
19 411
20 25
20 52
22 23
22 422
23 411
24 35
24 426
25 26
25 27
27 421
28 37
28 47
28 319
29 30
29 74
29 395
29 413
30 72
31 32
31 33
31 49
31 51
31 130
32 127
32 298
32 299
33 34
33 36
33 49
34 50
34 51
35 46
36 57
36 79
37 57
38 68
38 330
38 424
39 113
39 330
39 331
39 332
40 93
40 113
40 173
41 42
41 43
41 44
42 141
42 155
42 333
43 153
43 190
44 45
44 333
44 425
45 145
45 333
46 57
46 68
46 79
47 48
48 139
48 145
49 117
50 114
50 116
51 126
51 129
52 53
53 294
54 87
55 354
55 394
55 395
56 58
56 382
58 71
58 124
59 60
59 76
59 151
60 61
60 62
61 141
61 149
62 112
62 148
63 64
63 65
63 112
64 224
64 384
65 114
65 115
65 224
66 67
66 70
66 420
67 73
67 74
68 79
68 90
69 396
69 403
70 396
70 418
71 75
71 76
72 212
72 384
73 258
73 420
75 152
75 154
75 157
76 154
77 110
77 111
77 357
78 80
78 81
78 82
79 248
80 81
80 86
82 86
82 176
83 176
84 85
84 303
86 99
88 302
88 303
88 325
89 91
89 92
89 93
89 304
90 250
91 262
91 305
92 172
92 279
93 304
94 95
94 96
94 97
95 306
96 269
96 285
97 284
97 289
98 102
98 243
98 373
99 100
99 102
100 104
100 317
101 113
101 247
101 328
102 373
103 104
103 105
104 318
105 107
105 295
106 107
106 108
107 295
108 397
108 398
109 373
109 395
109 398
110 175
110 259
111 259
112 406
114 133
115 131
115 142
116 134
116 319
117 244
117 248
118 120
118 412
119 122
119 123
119 412
120 414
120 415
121 122
121 201
121 415
122 235
123 126
123 350
124 135
124 146
124 157
125 235
126 127
126 235
127 128
128 129
128 130
129 130
131 132
131 406
132 142
132 256
133 138
133 143
134 136
134 137
134 138
135 158
135 159
135 168
136 256
139 140
140 141
140 145
141 417
142 143
143 256
144 145
144 425
144 426
146 159
146 160
147 148
147 417
149 150
149 151
149 155
150 152
150 154
150 156
151 154
152 153
152 157
153 156
153 158
155 156
157 158
158 190
159 161
159 162
160 162
161 163
161 164
161 374
162 169
163 179
163 225
163 226
164 170
164 225
164 268
165 166
165 339
165 387
166 175
167 169
167 372
167 383
168 179
168 190
169 374
170 268
170 374
171 172
171 279
172 173
174 177
174 246
174 375
175 325
177 180
178 246
178 253
178 254
179 225
179 226
181 182
181 183
181 387
182 187
183 184
183 187
184 185
185 186
185 386
186 193
186 219
188 189
189 191
189 192
191 193
191 194
192 198
192 199
193 195
194 199
194 200
195 218
195 220
196 197
196 208
196 220
197 210
197 260
199 206
199 207
201 212
201 224
201 235
202 203
202 213
203 204
203 205
204 205
204 314
205 211
206 368
207 363
208 209
208 232
209 231
209 234
210 211
210 213
211 311
212 384
214 215
214 221
215 216
215 217
216 217
216 218
217 231
217 233
218 219
218 233
219 221
220 234
221 386
222 227
222 228
222 388
223 243
223 334
227 293
227 392
228 230
229 230
229 231
229 232
229 236
232 322
233 234
236 237
236 322
237 238
237 239
238 242
239 240
239 241
240 264
240 265
241 355
241 391
242 316
244 245
244 323
245 248
245 249
246 257
246 372
247 249
247 359
250 327
250 328
251 252
251 312
252 356
253 255
253 263
253 279
254 390
255 263
257 268
257 279
257 290
258 352
258 353
259 339
260 311
260 322
261 262
261 263
262 305
264 341
265 270
265 307
265 308
265 309
265 310
266 267
266 269
266 270
269 271
270 310
271 272
271 285
272 273
272 274
273 275
275 284
276 277
276 278
276 288
277 278
277 313
278 280
278 288
278 320
279 290
280 281
280 282
281 282
281 313
282 320
283 286
283 287
284 285
286 288
286 364
287 289
289 291
290 427
291 324
291 371
292 371
294 326
296 297
296 405
296 407
297 299
297 407
298 356
298 405
299 409
300 382
301 312
301 323
302 303
305 349
308 338
310 313
311 338
314 363
314 368
315 368
317 318
320 321
320 362
323 329
324 361
326 336
327 328
329 358
329 359
331 365
332 365
334 373
334 384
334 395
335 346
335 357
335 366
336 337
336 408
339 379
340 427
342 343
342 345
342 347
343 348
344 355
344 391
345 393
346 381
346 382
346 383
348 349
351 352
352 413
357 381
358 360
359 360
361 364
362 368
366 367
366 379
367 375
367 376
368 370
369 370
369 371
372 374
372 375
375 383
376 377
376 378
376 379
376 388
377 388
377 389
378 379
378 389
380 381
380 382
382 401
385 386
385 387
385 388
385 389
390 391
390 392
390 393
394 396
394 397
394 398
396 418
399 400
399 401
400 401
402 403
402 419
402 421
403 416
404 405
404 407
404 408
406 417
408 409
409 410
410 411
410 412
410 414
413 414
413 415
416 418
416 419
419 420
419 422
421 422
423 424
423 425
423 426
424 427
