# Nodes
0 466.8 -662.2
1 404.7 -565
2 222.1 -643.9
3 -887.5 -470.4
4 -694.3 -477.3
5 -497.9 -678.3
6 -511.6 -854.9
7 -304.3 -1067.5
8 -1741.3 -1125.9
9 -1839.4 -1025.8
10 -1847.8 -1154.7
11 -1648.7 -1033.9
12 -1577.9 -1105.6
13 325.3 -230.6
14 -1551.9 -938.2
15 -1642.2 -844.3
16 -1456.1 -843.6
17 -1362.5 -940.4
18 -1267.4 -655.9
19 -1173.6 -754.5
20 -1362.6 -749.8
21 -1172.3 -561.7
22 -1030.4 -424.7
23 -594.8 -1
24 767.1 -269.2
25 -503 -96.2
26 -501.4 90.5
27 -408.9 -4.8
28 -438 150.8
29 -345.6 57.6
30 -236.5 352.6
31 -373.5 216.4
32 -146.4 253.5
33 -121.5 466.3
34 -26.8 370.6
35 744.3 -228.3
36 -26.8 562.6
37 -104.7 641.5
38 67 652.4
39 165 557.7
40 -406.3 -1726.6
41 -502.5 -1820
42 -498.6 -1634
43 -312 -1632.3
44 -218.1 -1726.8
45 -214.7 -1538.8
46 905 -202.9
47 -28.7 -1543.9
48 652.6 -134.4
49 837.6 -136.9
50 938.1 -41.7
51 844.3 53.7
52 1031.9 51
53 1124.4 -42.8
54 1221.8 239.9
55 1125.7 146.4
56 1128.4 334.3
57 980.2 -281.9
58 1318.6 329.1
59 1408.5 235.7
60 1416.7 423.6
61 1321 522.2
62 1502.6 524.8
63 1602 422.4
64 1488.5 497.2
65 1708.3 712.2
66 1606.7 609.9
67 1801.6 614.7
68 1078.4 -186.3
69 1414.2 615.9
70 1510 709
71 1231 614.8
72 1223.1 426.1
73 1024.2 441.3
74 939 147.3
75 1033.3 241.2
76 745.8 154.3
77 747.7 -37.8
78 547 -25.8
79 950.8 -311.3
80 550.4 -232.3
81 125.2 -43
82 34.2 56.2
83 216.1 -142.2
84 826.2 644
85 921.5 736.7
86 733.1 738.9
87 1018 638.8
88 1019.3 831.9
89 1114.8 925.8
90 771.6 -309.7
91 1211.2 826.8
92 1212 1019.1
93 1262.2 1066.9
94 1341.7 1091.7
95 1315.8 1120.1
96 367.1 1689.8
97 461.5 1593
98 568.9 1698.7
99 552.2 1499.4
100 646.7 1402.8
101 -305 -875
102 754.9 1510.2
103 694.1 1353.2
104 832.8 1210.1
105 793.7 1172.5
106 928.1 1115.7
107 1018.8 1018.8
108 967.3 1153.9
109 1115.4 733.3
110 1298.6 736.5
111 1573.6 394.3
112 559 -532.7
113 -210.9 -782.3
114 1786.1 235.8
115 1690.4 141.5
116 -1166.5 -1333.1
117 -607.3 -948.5
118 -687.6 -1027.2
119 -685.1 -866.8
120 -400.2 -968.2
121 283.9 -217.9
122 345.5 -14.1
123 443 -114.4
124 -416.6 -761.3
125 537.5 173.9
126 442 81.5
127 642.1 67.2
128 730.6 363.2
129 836 254.9
130 649.2 283.5
131 1060.2 595.9
132 922.2 545.6
133 1500.9 1108.5
134 1407.6 1020.4
135 -121.8 -680.4
136 1475.1 1135.4
137 361.4 1123.8
138 409.9 1170.7
139 453.9 1028.6
140 369.3 946.4
141 547.6 932.3
142 469 845.9
143 640.9 834.3
144 616 859.5
145 690.5 883.2
146 -687.4 -1248.7
147 1315.7 142.4
148 1220 49.9
149 1409.7 46.2
150 1493.2 130.6
151 1389.3 67.7
152 1343.3 -22.8
153 1496.4 -43.9
154 864.7 604.5
155 824.7 454
156 453.3 1214.3
157 -495.8 -1062
158 548 1119.7
159 549.5 1309.7
160 641.4 1024.3
161 684.7 978.8
162 828.1 831.5
163 168.3 936.1
164 248.9 1013.8
165 260.9 841
166 172 742.9
167 312.2 787.5
168 -790.8 -1335.2
169 354.6 744.2
170 272 662.5
171 450.5 649.6
172 544.6 741.2
173 544.1 554
174 625.5 470.3
175 461.8 474.4
176 1034.1 -141
177 1155.6 -80.7
178 -23.3 936.4
179 -894.3 -1229
180 -118.8 841.1
181 72.7 842.6
182 -24.2 748
183 33.8 686.3
184 68.9 464
185 259.8 460
186 341.8 543.3
187 351 366
188 433.1 281.1
189 255.5 272.7
190 -975.1 -1530.5
191 -1556.3 -1317.7
192 -1459.4 -1227
193 -1695.4 -1174.5
194 -1368.8 -1319.5
195 -1365.3 -1130.9
196 -988.5 -762.4
197 -962.4 -778.7
198 -886.9 -661.3
199 -1074.7 -660.8
200 -794.1 -568
201 -878.9 -1436
202 -726 -637.1
203 -360.5 -243.7
204 -313.8 -101.1
205 -182.1 27.8
206 -220 -193.7
207 -126.4 82.8
208 -55 153.7
209 637.6 645.9
210 832 1022.8
211 887.5 1076.5
212 -1086.3 -1417.4
213 781.5 1074.3
214 1035 1219.5
215 1127.3 1311.9
216 1163.9 1273.7
217 1217.5 1400.4
218 1311 1490.1
219 1126.2 1495.7
220 1386.4 1562.3
221 1403.8 1394.1
222 1406.2 1581.3
223 335.6 -478.9
224 -120.1 -1253.7
225 1312.1 1676.6
226 1501.2 1673.4
227 1571.9 1600.6
228 -1268.9 -846.1
229 -1106.7 -822.8
230 -981 -564.2
231 -219.5 182.2
232 -279.2 123.5
233 64.9 274.4
234 -79.4 318
235 -212.9 -1351.2
236 738.4 1119
237 644 1212.5
238 1033.7 1406.7
239 873.7 1250.1
240 1033 1592.4
241 1081.1 1451.8
242 1265.4 1631.2
243 1218.5 1585.4
244 1256.7 1733.5
245 1407.2 1769.5
246 -1642.7 -654.7
247 -973.8 -1721.5
248 -1049.4 -1807.5
249 -945.6 -1750.2
250 -877.6 -1627.5
251 -783.4 -1534.8
252 -688.2 -1632.2
253 -687.8 -1441.1
254 -776.9 -1349.7
255 -591.7 -1346.8
256 -496.9 -1443.7
257 -1736.4 -749.6
258 -495.3 -1252.2
259 -403.4 -1352
260 -212.4 -1164.5
261 -399.7 -1159.9
262 -782 -1724.6
263 -809.5 -1697.3
264 -761.2 -1703.4
265 -672 -1648
266 -593.9 -1538.9
267 -409 -1539.4
268 -1546.1 -752.2
269 -361.9 -1394.8
270 -305.9 -1256.2
271 -314 -1822.2
272 -125.1 -1826
273 -27.6 -1732.9
274 -121.6 -1445.5
275 64.9 -1639.2
276 -1.4 -1571.2
277 160 -1734.4
278 -1645 -81.8
279 -1549.1 -559
280 -1547.6 7
281 -1679.7 -126.5
282 -587.1 -1164
283 -798.5 -1135
284 -1601.4 -426.4
285 -1453.4 -656.9
286 -977.5 -1311.6
287 -977.6 -1143.9
288 -539.7 -1592.9
289 -595.6 -1728.8
290 -1641.4 -464.5
291 -695.7 -1829.8
292 -1817.7 -667.8
293 -1827.3 -827.6
294 -1447 -1047
295 -1281.6 -1049.5
296 -1447.9 101.4
297 -1341.7 -198.9
298 -845.5 -705.3
299 -699.4 -664.2
300 -115.1 -1069.1
301 -1455.2 -467.5
302 -593.4 186.6
303 -724 436.5
304 -468.1 309.9
305 -139.1 -277.7
306 -271.2 -246.1
307 -1461.7 -1411.9
308 -1543.9 -1486.9
309 -1844.2 -659.6
310 -214.7 561.4
311 -174.4 599.6
312 -1359.3 -564.1
313 845.2 1600.1
314 661.3 1607.3
315 938.4 1690.5
316 1031.8 1779.4
317 884.3 1745.4
318 1124.8 1868.1
319 1125.2 1683.4
320 1029.3 1965.5
321 1220.7 1960.7
322 1315.9 1864.3
323 -1816.2 -636.7
324 1406.8 1207.3
325 1359.3 1254.5
326 1459.1 1258.3
327 1498.9 1296.9
328 1593 1388.4
329 1612 1180
330 1498 1486.2
331 1689.6 1483.1
332 938 2250.9
333 986.2 2202.6
334 147.6 -571.4
335 -1739.3 -560.9
336 893.3 2207.4
337 1033.8 2154.3
338 1079.3 2107.2
339 1595 1578.8
340 845.2 2158.6
341 752.2 2067.3
342 936.4 1876
343 983.8 2012.6
344 1217.5 1773.9
345 1141.8 1699.9
346 -1812.4 -600.2
347 1159.3 1832.6
348 845.8 1970.9
349 937.4 2059.5
350 658.7 1975.8
351 565.2 1886
352 753.5 1878.6
353 983.5 1643.8
354 940.9 1502.1
355 1309.8 1304
356 1220.1 1214.9
357 -1450.6 -279.9
358 660 1786.5
359 475.1 1796.1
360 750.2 1697.3
361 1288.8 1147.4
362 1127.2 1123.9
363 1510.3 916
364 1304.3 920.7
365 924.4 926.9
366 900.8 951.6
367 -301.4 662.8
368 -1370.5 -192.6
369 -263 610.7
370 -335.4 630.3
371 -233.6 579.9
372 158.7 178
373 239.6 95.3
374 512.2 -61.3
375 464.7 -135.8
376 163.5 366.6
377 741.8 -314
378 -214.6 747.5
379 -1259.9 -92
380 -235.4 726.7
381 597.9 22.5
382 -1069.7 -1623.2
383 -896.3 -1807.6
384 -866.8 -1808
385 -1343.9 -173
386 1125.2 2058.6
387 843.5 1786.8
388 977.1 1835.6
389 73.1 1032.2
390 -1161.8 4.4
391 -268.6 695.1
392 739.2 1305.8
393 801.5 1461.3
394 1353.9 1825.7
395 1070 1182.7
396 1168.5 -141.5
397 1223 -114.2
398 -1372.2 -170
399 77.3 -501.2
400 185.1 -378.2
401 -1167.9 -184.2
402 244.1 -662.2
403 264.9 -666.4
404 648.8 -426.9
405 255.4 -1830.5
406 194.6 -1768.6
407 -141.9 630.8
408 -53.2 -750.8
409 -81 -721.2
410 -45.4 -704.2
411 277.5 1041.6
412 -1258.5 101.2
413 432.2 821.6
414 489.2 814.2
415 1303.6 -36
416 731 550.4
417 151 1108.1
418 420.3 838.6
419 877.7 335.1
420 944.8 400
421 910.5 295.4
422 940.2 295.6
423 -1066.3 95.7
424 983 341.1
425 982.7 361.9
426 1010.2 420.2
427 -1813.6 -1250.2
428 -1741.5 -1317.2
429 -1376 -1699.3
430 -1324.6 -1793.8
431 105.4 -649
432 1696.9 514.6
433 1867.3 541.8
434 -970.3 188.7
435 1868.5 682.6
436 1593.9 50
437 1290.2 -76.5
438 1708.1 1081.6
439 1727.1 1061.9
440 1872.5 915.3
441 1870.2 736.4
442 1858 364.5
443 1603.1 998.6
444 -1868.2 -999.3
445 213.6 -363.7
446 -974.7 4.2
447 1120.4 534.7
448 1209.7 636.4
449 1134.3 519.6
450 1319.6 714.6
451 1414.5 807
452 -520.9 -1611.7
453 1106.1 548.8
454 1159.3 688.2
455 -1663 92.6
456 -1705.3 -24.2
457 -1067.9 287.8
458 -1630.7 140
459 -1695.1 101.2
460 -1704.1 78.5
461 297.7 -253.1
462 103.2 -254
463 26 -163.5
464 -88.2 -64.3
465 -327.1 451.4
466 -562.9 403.4
467 -629.4 457.3
468 -874.4 283.8
469 -606.8 464.5
470 12.1 -175.8
471 -33.6 -386.6
472 420.8 -356.1
473 345.9 -285.1
474 1538.7 681.2
475 1615.4 809.3
476 1673 938.6
477 -1233.5 268.1
478 -1599.2 156.2
479 -782.4 190.3
480 -1757.8 -111.7
481 -1786 -253.5
482 736.2 926.1
483 757.8 905
484 881 971.8
485 595.7 879.4
486 1393.1 830.3
487 962.3 504.5
488 264.4 70
489 14 223.1
490 -779.6 378.2
491 -403.6 538.1
492 194.3 716.8
493 -248.8 594.9
494 391.9 780.2
495 469.2 805.3
496 -1514.3 169.2
497 -1192.8 226.5
498 971.8 974.3
499 1452.5 1159.2
500 1431.6 256.5
501 -687.7 284
502 -1651.3 -1408
503 -1347.2 -957.1
504 -1384.8 -978
505 -1123.4 -329.7
506 -1167.9 -372.6
507 -360.9 -332.7
508 -271.9 -334.8
509 -1819.7 -427.7
510 -1843.3 -605.5
511 -107.1 -694.9
512 -1735 -369.5
513 -21.1 -611.7
514 336.6 -253.6
515 316.3 -273.6
516 723.3 174.3
517 623.3 256.6
518 -924.9 -1772.5
519 -653.9 -1666.7
520 -1172.6 -942.7
521 -1079.3 -849.9
522 -1206.1 -909.8
523 -1786.8 -417.6
524 -1225.7 -890.3
525 -1327.4 -978.8
526 773 514.3
527 1858.9 317.8
528 1431.6 1366.7
529 -1083.5 -1832.1
530 -1238.4 -1824.7
531 -505.6 -1847.5
532 -354.5 -1856.4
533 -1273.2 -482
534 -1641.7 -276.8
535 -1889.4 -1189.6
536 -119.4 -1855.6
537 -1570.6 -1491.5
538 -1467 -1026.6
539 336.6 762.5
540 -1727 -116.4
541 1527.1 1188.4
542 -333 568.2
543 -1569.8 158.8
544 -89.2 -1043.8
545 -1548.5 -375.5
546 -453.1 529.1
547 -1257.9 -1813.2
548 -1799.2 -496.6
549 -1797.3 -307.4
550 -1766.6 -313.4
551 -1740.6 -180.2
552 -1856.8 -820.3
553 -901.7 -863.4
554 -1668.5 -1149.9
555 -1060.5 -832
556 655 -325.1
557 -1695 -330
558 -984.4 -944.2
559 -1258.4 -1026.3
560 176.6 -1862.9
561 254.4 -1863.8
562 -1554.3 -1508.6
563 -1477.9 -1585.5
564 -1286.2 -1404
565 -1272.6 -1226.1
566 -1078.8 -1038.1
567 -1166.1 -1121.4
568 -1546.3 -186.3
569 -901.8 -1028.8
570 -793.1 -757
571 -877.9 -840
572 -617.9 -746.6
573 -1075.4 -467.7
574 1133 1761.6
575 1110.5 1784.7
576 1136.7 1810.4
577 41.7 -1854.8
578 65.6 -1845.5
579 -1523.1 -159
580 -893.9 -1842
581 -729.4 -1844.5
582 1467.3 1456.4
583 -136.1 -1430.6
584 -263.9 -1299.2
585 -462.4 -619.9
586 -401.2 -585
587 -1877.6 -1156.7
588 1760.1 1028.8
589 1843.4 1110.6
590 -1577.9 -147.5
591 -1173 -1710.4
592 432.8 446
593 306.1 134.1
594 336.9 189.2
595 1040.2 996.8
596 -114.1 -303.2
597 929.5 2169.9
598 -866.5 -1835
599 -314.2 -1850
600 -265.6 -1850.9
601 -1354.8 6
602 -587.5 -1853.5
603 1866.2 345.9
604 -213.7 -1858.6
605 -54.3 -1860.8
606 120.2 -1862.3
607 269.8 -1850.2
608 361.5 164.2
609 -1147.3 -1734.7
610 -1191.6 -1308.4
611 -997.4 -1123.5
612 -1451.7 -90.1
613 -878 -1053
614 -593.4 -771.7
615 -521.6 -654
616 -716.2 -1055
617 456.6 257.7
618 248.8 640.2
619 365.3 566.1
620 -1189.6 -1144.2
621 -1000.8 -1335
622 649.5 446.5
623 -1289.2 132
624 -1250.4 -485.3
625 -732.8 -1670.5
626 -238.3 -368.4
627 -331 -466.6
628 1764.7 1187.9
629 -1162.4 195.1
630 -1093.3 313.6
631 -807.2 407
632 690.6 -362.7
633 -878.9 97
634 -785.4 2.6
635 -688.5 95.2
636 -691.2 -96
637 -787.4 -188.2
638 -599.3 -190.3
639 -692.6 -285.5
640 -504.7 -287.5
641 -407.1 -193.9
642 -411.6 -382.4
643 467.7 -417.2
644 -506.9 -476.2
645 -225.7 -574.1
646 -306.3 -491
647 -321.5 -666.6
648 -1068.2 -86.9
649 -882.4 -90.7
650 -877.6 -279
651 -598.2 -382.5
652 -791.8 -381.8
653 -603.8 -569.7
654 12.1 -637.3
655 -426.9 -558.9
656 -369.1 -712.9
657 -115.8 -880.1
658 -208.4 -973.8
659 -71.2 -921.2
660 -62.2 -836.1
661 -1351.3 194.3
662 -1376.5 221.3
663 -960.8 -169.7
664 -978.7 -376.9

# Edges
0 1
0 112
0 403
1 2
1 223
2 334
2 402
3 200
3 230
3 652
3 664
4 200
4 651
4 652
4 653
5 124
5 585
5 615
6 117
6 120
6 124
6 614
7 120
7 260
7 261
7 658
8 9
8 10
8 11
8 193
9 10
9 15
9 293
9 444
10 587
11 12
11 14
12 192
12 193
12 294
12 538
12 554
13 83
13 121
13 123
13 461
13 514
14 15
14 16
14 538
15 257
15 268
16 17
16 20
16 268
17 228
17 503
17 504
18 19
18 20
18 21
18 312
19 199
19 228
19 229
20 228
20 285
21 199
21 573
22 505
22 573
22 664
23 25
23 26
23 635
23 636
24 35
24 46
24 377
24 556
25 27
25 638
25 641
26 27
26 28
26 302
27 29
27 204
28 29
28 31
29 232
30 31
30 32
30 33
30 465
31 232
31 304
32 208
32 231
32 234
33 34
33 36
33 310
34 184
34 233
34 234
35 48
35 49
35 556
36 37
36 38
36 184
37 182
37 183
37 311
37 369
37 378
37 407
38 39
38 183
39 184
39 185
39 618
40 41
40 42
40 43
40 271
41 289
41 531
42 267
42 289
42 452
43 44
43 45
43 267
44 271
44 272
44 273
45 47
45 235
45 274
46 49
46 57
46 176
47 274
47 276
48 77
48 78
48 80
49 50
49 77
50 51
50 52
50 176
51 74
51 76
51 77
52 53
52 55
52 74
53 148
53 176
53 177
54 55
54 56
54 58
54 147
55 75
55 148
56 72
56 73
56 75
57 68
57 79
58 59
58 60
58 72
59 147
59 150
59 500
60 61
60 64
61 69
61 71
61 72
62 63
62 64
62 66
62 69
62 474
63 111
63 114
63 432
64 500
65 66
65 67
65 475
66 432
66 474
67 432
67 433
67 435
68 176
68 396
69 70
69 450
70 451
70 474
70 475
71 448
71 449
71 450
72 449
73 420
73 426
73 447
73 449
73 453
73 487
74 75
74 129
75 422
75 424
76 127
76 129
77 127
78 123
78 126
78 127
78 374
78 375
78 381
79 90
80 375
80 472
80 556
81 82
81 83
81 463
81 488
82 208
82 372
82 464
83 121
83 122
83 462
84 85
84 86
84 154
84 416
85 87
85 88
85 162
86 143
86 162
86 209
87 109
87 131
87 132
88 89
88 109
88 365
89 91
89 92
89 595
90 377
91 109
91 110
91 364
92 93
92 362
92 364
93 94
93 95
94 95
94 134
94 136
95 324
95 361
96 97
96 359
97 98
97 99
98 314
98 358
98 359
99 100
99 314
100 102
100 103
100 159
101 113
101 120
101 124
101 658
102 313
102 314
102 393
103 392
103 393
104 105
104 106
104 239
104 392
105 211
105 236
106 107
106 108
106 211
107 362
107 484
107 498
107 595
108 214
108 239
109 454
110 448
110 450
110 486
111 500
112 404
112 643
113 135
113 511
113 647
113 657
114 115
114 527
115 436
116 212
116 610
116 621
117 118
117 119
117 157
118 616
119 570
119 614
120 157
121 461
122 123
122 126
122 488
123 374
123 375
124 656
125 126
125 127
125 517
125 617
126 608
127 381
127 516
128 129
128 130
128 155
128 622
129 419
129 421
129 516
130 517
130 622
131 453
131 454
131 487
132 154
132 155
132 487
133 134
133 136
133 443
134 363
134 364
135 399
135 511
135 645
136 329
136 499
137 138
137 139
137 411
138 156
139 140
139 141
139 158
140 142
140 411
141 142
141 160
141 485
142 413
142 414
142 485
143 144
143 145
143 172
144 145
144 414
144 485
145 482
145 483
146 157
146 168
146 254
146 255
146 282
146 283
147 148
147 151
148 415
149 150
149 151
149 152
149 153
150 436
152 415
153 436
154 526
155 416
155 419
155 420
155 526
156 158
156 159
157 261
157 282
158 160
158 237
159 237
160 161
160 236
161 213
161 482
162 365
162 483
163 164
163 165
163 181
163 389
164 411
164 417
164 418
165 166
165 167
166 167
166 181
166 183
166 492
167 413
167 418
167 539
168 179
168 201
168 254
169 170
169 171
169 494
169 539
170 492
170 618
171 172
171 173
171 619
172 209
172 414
172 495
173 174
173 175
173 209
174 416
174 622
175 592
175 619
176 177
177 415
178 180
178 181
178 389
179 283
179 286
179 287
180 182
180 378
181 182
182 183
183 492
184 376
185 186
185 187
185 376
186 618
186 619
187 188
187 189
187 592
188 592
188 617
189 372
189 376
189 594
190 201
190 212
190 250
190 382
191 192
191 193
191 307
191 502
192 194
192 195
193 427
193 554
194 307
194 564
194 565
195 294
195 295
195 565
196 197
196 198
196 199
196 229
196 555
197 298
197 553
197 555
198 200
198 230
198 298
199 230
200 202
201 251
201 254
201 286
202 298
202 299
202 653
203 306
203 507
203 641
204 205
204 206
204 641
205 207
205 232
205 464
206 305
206 306
206 464
207 208
207 231
208 489
209 416
210 211
210 213
210 482
210 484
212 621
213 236
214 215
214 395
215 216
215 217
215 238
216 356
216 395
217 218
217 219
217 355
218 220
218 221
218 243
219 240
219 241
219 243
220 222
220 242
221 355
221 528
221 582
222 225
222 226
222 330
223 334
223 445
223 643
224 235
224 260
224 583
225 242
225 244
225 245
226 227
226 245
227 339
228 524
229 521
229 524
230 573
231 232
233 372
233 376
233 489
234 489
235 583
235 584
236 237
237 392
238 239
238 241
238 354
240 319
240 353
240 354
242 243
242 345
243 319
244 344
244 394
245 394
246 257
246 268
246 279
246 335
247 248
247 249
247 250
247 382
248 249
248 518
248 529
248 580
248 609
249 263
249 518
250 251
250 263
251 252
251 253
252 265
252 266
252 625
253 254
253 255
253 266
255 256
255 258
256 259
256 266
256 267
257 292
257 293
258 259
258 261
258 282
259 269
259 270
260 270
260 300
261 270
262 263
262 264
262 291
262 384
262 518
263 625
264 519
264 625
265 288
265 519
266 288
267 269
267 288
268 285
269 584
270 584
271 599
272 273
272 536
273 275
273 578
274 583
275 276
275 277
277 406
277 578
278 280
278 281
278 456
278 590
279 285
279 290
279 301
280 296
280 612
281 540
281 590
283 613
283 616
284 290
284 545
284 557
285 312
286 621
287 611
287 613
288 452
289 291
289 519
290 335
290 512
291 531
291 581
292 293
292 309
292 323
293 552
294 525
294 538
295 559
295 620
296 496
296 601
296 661
297 368
297 385
297 401
298 570
299 570
299 572
299 653
300 544
300 658
301 312
301 545
302 304
302 501
302 635
303 467
303 546
303 631
304 465
304 466
305 470
305 596
306 507
306 508
307 308
308 537
308 562
309 323
309 510
309 552
310 311
310 371
310 465
311 407
312 533
313 315
313 354
313 360
314 360
315 316
315 317
315 353
316 318
316 319
316 388
317 387
317 388
318 320
318 321
318 347
319 345
320 342
320 343
320 386
321 322
321 386
322 344
322 394
323 335
323 346
324 325
324 326
324 499
325 355
325 361
325 528
326 327
326 541
327 328
327 329
327 528
328 330
328 331
329 438
330 339
330 582
331 339
332 333
332 336
333 337
334 399
334 654
335 548
336 340
336 597
337 338
337 349
338 386
340 341
340 349
341 348
341 350
342 348
342 387
342 388
343 349
344 345
344 347
346 510
346 548
347 576
348 349
348 352
350 351
350 352
351 358
351 359
352 358
352 387
354 393
355 356
356 361
356 362
357 368
357 545
357 568
358 360
360 387
362 395
363 443
363 451
363 475
363 486
364 486
365 366
365 498
366 483
366 484
366 498
367 369
367 370
367 391
368 385
368 398
368 579
369 491
369 493
371 491
371 493
372 373
373 488
373 593
375 514
377 632
378 380
379 385
379 390
379 401
379 601
380 391
382 564
382 591
383 384
383 518
383 580
384 598
385 398
389 417
390 412
390 423
390 648
396 397
397 437
398 612
399 400
399 445
399 471
399 513
400 445
401 648
401 664
402 403
402 431
404 632
405 406
405 607
407 493
408 409
408 410
408 660
409 410
409 511
410 654
412 601
412 623
412 629
413 418
413 494
413 495
414 495
415 437
416 526
419 420
419 421
420 425
421 422
422 424
423 434
423 446
423 629
424 425
425 426
427 428
427 535
428 502
429 430
429 563
430 547
431 654
432 442
432 527
433 435
433 442
434 457
434 468
434 633
435 441
438 439
438 443
439 476
439 588
440 441
440 588
441 476
442 603
443 476
444 552
444 587
445 461
445 462
445 515
446 633
446 648
446 649
447 448
447 449
447 453
448 450
448 453
448 454
450 451
451 486
452 519
455 456
455 458
455 459
456 540
457 629
457 630
458 478
458 543
459 460
460 480
461 515
462 463
462 470
462 471
463 464
464 470
465 491
466 467
466 469
466 501
467 469
468 479
468 490
469 491
471 596
471 645
472 473
472 514
472 643
473 514
473 515
474 475
475 476
477 497
477 630
477 662
478 543
479 501
479 633
479 635
480 481
480 540
481 549
482 483
482 484
482 485
490 501
490 631
491 542
491 546
492 539
493 542
494 495
494 539
496 543
496 662
497 623
497 629
498 595
499 541
502 537
503 504
503 524
503 525
504 538
505 506
506 533
506 573
507 508
507 642
508 626
509 510
509 523
509 549
511 513
512 523
512 557
513 654
514 515
515 643
516 517
520 521
520 522
520 559
520 566
521 522
521 555
521 558
522 524
522 525
523 548
523 550
525 559
527 603
528 582
529 530
530 547
530 591
531 532
531 599
531 602
532 599
533 624
534 545
534 551
534 557
534 568
535 587
536 577
536 600
536 604
536 605
537 562
540 551
543 662
544 659
549 550
550 551
553 558
553 571
556 632
556 643
558 566
558 569
560 561
560 606
562 563
564 610
565 610
565 620
566 567
566 611
567 611
567 620
568 579
569 613
569 616
570 571
572 614
572 615
574 575
574 576
575 576
577 578
577 605
578 606
578 607
579 590
579 612
580 581
580 598
581 598
581 602
585 586
585 656
586 647
586 655
588 589
589 628
593 594
594 608
596 626
599 600
600 604
601 612
608 617
615 653
623 661
626 646
627 642
627 646
627 655
630 631
633 634
634 635
634 636
634 649
636 637
636 638
637 639
637 649
637 650
638 639
638 640
639 651
639 652
640 641
640 642
640 651
642 644
644 651
644 653
644 655
645 646
645 647
647 656
648 663
649 663
650 652
650 663
650 664
657 658
657 659
657 660
659 660
661 662
