# Nodes
0 -664.3 4325.5
1 -569.4 4331.3
2 -1103.5 220.9
3 -35.3 -2559.4
4 1961.3 -1397.1
5 -1193.5 -1922.2
6 1131.6 -1930
7 983.9 -1964.2
8 1258.9 -1925
9 1010.8 -3017.3
10 1026.7 -3004
11 584 -3487.3
12 1592.7 -2471.2
13 1334.1 -1855
14 73 -2911.1
15 1333.9 -1925
16 1412.4 -1854.6
17 302.6 -1881.8
18 434.6 -3066.5
19 1530.2 -2876
20 386.4 -2801.9
21 327.6 -2676.5
22 1215.1 -2879.1
23 1303.3 -2698.2
24 425.3 -3550.7
25 -113.8 -999.5
26 505.7 -3716.9
27 429 -3489.8
28 1208.5 -2675.7
29 1252.9 -2540.2
30 1148.1 -2874.5
31 308.3 -3490
32 423.9 -3337.8
33 1733.5 -2324.2
34 1043.9 -2142
35 1044.6 -2269.6
36 -118.3 -1036.5
37 1244.2 -2139.7
38 568 -2784.3
39 566.7 -2705.2
40 476.7 -2775.4
41 705 -2770.6
42 555.6 -2640.2
43 687 -2686.9
44 169.7 -2627.7
45 303.1 -2639.5
46 1602.3 -2764.2
47 -120.2 -1196.5
48 294.9 -3111.4
49 321.9 -3232.9
50 672.5 -2622.2
51 546.3 -2565.9
52 519.4 -2642
53 99.4 -3328.2
54 1132.7 -1855.2
55 1256.8 -1855.1
56 441.3 -2558.2
57 457.4 -2650.7
58 -128.8 -1107
59 1522.9 -2690.4
60 1329.1 -2592.1
61 1408.7 -3204.3
62 113 -3805.6
63 106.3 -3630.8
64 1726.1 -2129.1
65 1333.9 -2135.5
66 1274.2 -2307.1
67 339.3 -3328.8
68 420 -3234.1
69 -101.3 -2523
70 649.5 -2515.9
71 1115.3 -2321.9
72 103.6 -3492
73 103.3 -3471.4
74 2030.8 -2305
75 1897.2 -2313.6
76 2061.5 -2638.9
77 2003.1 -2082.4
78 1400.1 -2411.7
79 935.9 -1967.2
80 -629.6 -2418.9
81 1135.1 -2523.6
82 1779.4 -2321.2
83 1768.9 -2077.4
84 657.6 -2550.2
85 427 -3161.3
86 439.1 -3104
87 394.8 5538.1
88 213.8 5532.2
89 397.1 5470.3
90 -35.8 4437.7
91 -1724.1 -4431.7
92 241.8 4447.3
93 -861.1 4473.1
94 -859.1 4579.2
95 141.5 4993.4
96 212.8 5593.9
97 23.6 5628.5
98 236.8 4647.5
99 -690.9 6095.8
100 -689.3 6298.1
101 25.8 5601.4
102 -1708.8 -4362.1
103 29.8 5532.7
104 -71.6 5598.2
105 -74.5 5663.4
106 103.1 5534.5
107 103.4 5465.4
108 -70 5532.9
109 241.2 4527.2
110 193.1 5768.5
111 367.5 5772.2
112 30.3 5464
113 -1429.4 569.1
114 -1687.2 -4948.4
115 417.3 4453.3
116 214.8 5467.5
117 1830.7 3584.9
118 1661.2 3438
119 2456.3 -1870.8
120 2425.8 -2146
121 -2332.8 -4815.5
122 -2321.1 -4964.3
123 -2141.5 -4821.2
124 -2641.6 -4816.4
125 -1685.6 -4910.3
126 -1374.2 -4967.4
127 -2381.1 -5127.7
128 -2310.1 -5123.9
129 -1098.9 -5339.5
130 -1108.1 -5072.3
131 -964.6 -5338.3
132 -1183 -5340
133 -1913.5 -5209.2
134 -1769.3 -5208.9
135 -1911.8 -5097.1
136 -1726.1 -4950.8
137 -1969.2 -5229.3
138 -1686.9 -4845.8
139 -1487.1 -4845.5
140 -964.5 -5277.5
141 -767.1 -5275.5
142 -965.3 -5233.1
143 -1677.5 -5590.6
144 -1327.1 -5577.2
145 -1677.7 -5379.1
146 -2685.7 -4351.1
147 -1627 -4937.2
148 -875.5 -5337.5
149 -679.9 -4598.7
150 -427.7 -4592
151 -3009.5 -4605
152 -3023.1 -4344.3
153 -3172.9 -4620
154 -2055.9 -5597
155 -2052.1 -5684.1
156 -1960.2 -5594.1
157 -2105.3 -5598.8
158 -1039.9 -2431.1
159 -2063 -5455.3
160 -977 -4606.5
161 -1211.9 -4846.3
162 -766.8 -5229.3
163 2144.9 -1041.3
164 2153.2 -1140.5
165 2229.6 -1030.8
166 2008.7 -1196.3
167 -1249.3 -5431.1
168 -1173.4 -5528.7
169 -1043 -2333.5
170 -1321.5 -5340.7
171 -2763.7 -4379.8
172 -1488.7 -4730.5
173 -1490.3 -4660.9
174 -1346.3 -4730.6
175 -1905.8 -4984.2
176 -1904.7 -4829.4
177 -1995.4 -4956.9
178 -2144.6 -4960.9
179 -1438.3 -4957.9
180 -1209.3 -2439.9
181 2177.6 -1430.3
182 2179.8 -1467.7
183 -2259.7 -5122
184 -2371.9 -4300.4
185 2218.2 -1831.8
186 2142.9 -1818.4
187 2200.3 -1718.7
188 -1144.3 -5561.2
189 -2105.5 -5672.3
190 -3194.3 -4358.5
191 430.2 -2903.3
192 -1208.9 -4591.4
193 -2750.2 -4403.7
194 -1344.5 -4845.7
195 2235.1 -1133.4
196 2309.4 -1182.7
197 -1029.2 -5503.9
198 1278.8 2220.5
199 1275.2 2314.4
200 -1604.3 -4238.4
201 1239.1 3009.9
202 1529.4 -2864.1
203 -1696.9 4345.1
204 -1890.2 4346.5
205 -1593 4320.5
206 -1382.3 4320.6
207 -1308.6 4306.8
208 292.8 4388.3
209 199.6 4371.6
210 -19.2 4379.2
211 -373.2 4323.3
212 -58.8 4376.7
213 1306.1 -2867.2
214 73.8 4367.7
215 1235.4 2829.3
216 1251.8 2234.9
217 1284.7 457.5
218 1305.1 409.4
219 1287.6 372.1
220 1228.6 3112.8
221 1256.7 2086.8
222 1243 2012.4
223 1278.7 1196.2
224 -1374 571.8
225 1524.7 -2764.7
226 1288.9 836.8
227 1275.7 766.6
228 1264.8 2243.5
229 1239.9 2144.1
230 1261.2 1282.5
231 1267.8 2084.7
232 1398.5 -770.8
233 1397.4 -852.5
234 1930.5 -1269.9
235 1971.5 -1374.9
236 1750.2 -2863.1
237 2144.2 -1954.2
238 2147.4 -1856.1
239 2092.6 -1948.5
240 2113.7 -2114.2
241 2085.7 -2853.2
242 2070.9 -2860.5
243 2350.2 -1867.7
244 1975 -1833.2
245 1992.1 -1863.8
246 2022.8 -1973.5
247 1749.1 -2762.7
248 2015 -1840.7
249 2084.8 -2004.2
250 2055.8 -1970.4
251 2115.4 -1844.2
252 2299.2 -1848.3
253 2497.4 -1853.9
254 2087.2 -1587.4
255 2130.2 -1699.7
256 2112.6 -1829.8
257 2123.7 -3009.1
258 1604.2 -2862.6
259 1891.7 -2853.5
260 -391.4 -4214.7
261 -437.4 -4186.5
262 -3300.1 -4352.4
263 -3234.3 -4361.5
264 -2205.2 -4291.6
265 -1940.1 -4265.2
266 -2149.5 -4290
267 -1116 -4242.6
268 934.1 -1860.7
269 209 -2525.6
270 -1676.1 -3465.4
271 -1778.3 -3298.3
272 -1666 -3860.2
273 1363.4 -284.7
274 1355.3 -322.6
275 1375.8 -499.1
276 1341.2 -189.5
277 1358.7 -453.9
278 1338.5 -175.3
279 1380.9 -539.8
280 307.7 -2509.1
281 -2035.8 4305.9
282 -973.9 6498
283 -973.9 6562.4
284 -992.9 6586.3
285 -975.1 6802
286 -983.3 6913.5
287 94.5 -918.6
288 202.4 -818.2
289 271.8 -737.6
290 497.3 -584.4
291 247.5 -2577.3
292 829.8 -575.1
293 -373.6 4364.2
294 -244.1 4328
295 459.9 4356.3
296 -261.4 4368.6
297 371.4 4390.9
298 2313.4 3652.2
299 2252 3662.2
300 -1779.6 -3268.3
301 -1810.9 -2610.3
302 971.8 -2638.8
303 865.2 1560
304 -2750.2 -4378.9
305 -2760.7 -4424.9
306 802.8 -441.8
307 -1829.3 -2091.7
308 -1729.1 -2065.5
309 -1690.8 -2051.2
310 -1196.3 -1947.5
311 -1642 -2000.8
312 -1790.2 -2033.3
313 963.9 -2605.4
314 -62 -2152.4
315 -633.6 -2048.8
316 -75.1 -2124.4
317 -50 -1921.6
318 -106.2 -2029.4
319 -105.5 -2050
320 -93.7 -2004.9
321 -827 -1936.7
322 -76.7 -1950
323 -276.1 -1917.7
324 1138.5 -2652.4
325 -250.3 -1903.5
326 -193.4 -1919.7
327 -214.4 -1901.6
328 -144.5 -1902.4
329 25.5 -1895.1
330 -207.8 -1886.3
331 -238 -1875.6
332 -31.6 -1875.4
333 -56.7 -1847
334 -124.6 -1853.1
335 -1435.8 786.2
336 674.3 -1844.6
337 -83.8 -1561
338 -81.1 -1805.9
339 -98.8 -1829.1
340 1463.5 -1826.5
341 -101.1 -1044.9
342 -2744.8 -4324.3
343 -2711.5 -4350
344 -2779 -4336.6
345 -1745.3 -5614.1
346 -1743.5 -5682.3
347 2005.9 -1826.8
348 -1643.2 2592.8
349 -1345.7 2459.9
350 1231.4 3860
351 1207.5 3913.7
352 1254.3 3058.5
353 2150.8 3667.8
354 2234.8 3789.2
355 -491.6 490.4
356 515 4462.7
357 508.9 4798.1
358 1959 -1825.3
359 625.4 4800.7
360 -2774.6 -4967.2
361 743.1 4366
362 539.5 4396.7
363 656 4399.3
364 -780.3 5452
365 531.2 3737.2
366 527 4228.2
367 1759.5 3859.8
368 1780.5 3842.4
369 2014.4 -1699.3
370 1632.4 3646.6
371 1807.2 3873.1
372 742.5 -3567.2
373 664.1 -3747
374 2200.5 -1820.5
375 1982.3 -1515.3
376 1253.6 -1006.6
377 1165.3 4018.5
378 561.2 2088.3
379 128.9 -4055.4
380 494.3 5468.5
381 92.1 -4056.7
382 120.6 -3889
383 88.7 -3919.6
384 111.1 -3849.7
385 77.2 -3499.7
386 1175 -565.3
387 1376.6 -595.4
388 -1749.8 -5475.8
389 -1770.7 -5156.9
390 -1760.1 -5100
391 500.3 5236
392 -1773.9 -5022.4
393 1667.4 -4169.7
394 1666.8 -4207.5
395 -209.6 2789.3
396 2111.7 3073.9
397 -2043.9 -787.8
398 -997.7 6420.2
399 767.6 4366.2
400 -845.3 1501.7
401 -750.8 1440.9
402 487.5 5774
403 382.3 83
404 -269.7 -1008.9
405 592.3 -3232.9
406 654.5 -3226.7
407 660.5 -3275.2
408 858.1 -3225.6
409 462.5 -3228.6
410 1742.9 2613.1
411 1600.2 2615.6
412 935.2 -1920.3
413 1244.5 3843.8
414 935 -1943.5
415 511.1 -3898.2
416 -1782.1 -4777.5
417 -1780.9 -4823.6
418 -1769.4 -4740.1
419 -916.1 -1002.6
420 -1785.3 -2936.5
421 -1787.5 -2870.7
422 -909.2 -1281.6
423 -1456 1351.2
424 1246 3919.2
425 -2641.9 -4568.3
426 -2149.8 -4480.1
427 -2292.9 -4480.3
428 -2286.1 -4545.9
429 89.3 -67.9
430 -138 -206
431 90.3 -92.2
432 1045.6 3169
433 91.5 -3861.1
434 1978.2 2660.7
435 541.2 2613
436 1917.2 2667.1
437 1857.5 2661.2
438 -1565.2 4495.1
439 -1531.9 4601.8
440 -1532.8 4637.9
441 -1533.9 4676.9
442 -1587.2 4770.3
443 -1678.5 -5348.7
444 -1711.2 -5379.8
445 -1183.3 4597.9
446 -1423.3 303
447 1611.8 2601.4
448 -1488.8 -4304
449 -1045.7 -1006.2
450 -709.5 -234.8
451 1563.8 3926.6
452 -2424.8 -4483.1
453 -2368.5 -4481.9
454 -2292.2 -4512.4
455 -1672 -4349.8
456 -2260.3 -5183.8
457 -611.3 5441.4
458 1463 2376.7
459 722.3 4803.4
460 634.7 4562.1
461 723.6 4565.3
462 59.7 -2737.2
463 211.7 -1237
464 291.9 -1313.7
465 289.2 -1237.1
466 -279.5 -1293
467 830.4 -616.2
468 1555.3 -1130.8
469 1462.9 2308.4
470 -711.8 -79.7
471 -1423.6 -262.8
472 -1748 -249.8
473 -751.6 1539.2
474 669.4 -3463.3
475 245.2 -3489
476 249.6 -3528.6
477 242.5 -3468.6
478 323.1 -3241.1
479 2320.2 -1467.9
480 1728 2602.1
481 -622.9 5926.6
482 -685.6 5927
483 -794.8 5761.3
484 -704 5561.7
485 -781 5555.8
486 -867.2 5451.5
487 814.7 4552.4
488 918.6 4471.7
489 -704.6 -214
490 -260.2 4432.5
491 1732.9 2346.5
492 896.9 -3224.2
493 898.1 -3284.3
494 980.3 -3342.8
495 507.9 -3807.3
496 261.8 -3798.1
497 507.1 -3774.2
498 529.7 -3716.7
499 610.3 -3796.9
500 611.6 -3744.9
501 530.5 -3773.6
502 2074 2607.2
503 557.8 -3772.9
504 558.3 -3797.9
505 -2059.2 -260.2
506 -2058 -287.3
507 -1133.9 -246.8
508 -127 -423.7
509 -2451.9 -4275.2
510 -1720.2 -1086.9
511 -1831.2 -4361.1
512 -2764 -4318.8
513 1742.5 2928.5
514 -1938.3 -4251.3
515 -2098.6 -4257.8
516 2091.5 -2696.2
517 2071.4 -2847.3
518 2109.3 -2860.1
519 2111.3 -2846.1
520 -1019.1 -1021.1
521 1635.5 3437.2
522 1656.4 3646.2
523 -964.6 5713
524 1838.5 2927.5
525 -2011.4 3348
526 910.7 4400.3
527 1282.2 -1021.9
528 1352.5 -1019.7
529 -29.7 -2610.7
530 161.8 -1186.7
531 -615 -1021.1
532 -372.8 -1012.5
533 2138.2 -2231.1
534 -1780.9 -3226.3
535 1684 3169.8
536 -633.4 -990.9
537 -900 -1017.9
538 -851.5 -1027.6
539 431.1 5461
540 -1509.4 -2524.7
541 -95.4 -2536.2
542 -1210.3 -4730.7
543 -1209.1 -4665.3
544 -1346.3 -4662.6
545 -1133.8 -2295.2
546 1742.9 2660.4
547 -1130.1 -2382.4
548 -1131.8 -2341.2
549 -1137.7 -2204.7
550 -1134.9 -2268.7
551 -1117 -2203.7
552 -1118.1 -2182.7
553 -1138.7 -2183.8
554 -995.1 6468.4
555 -1117.1 580.4
556 -1120.7 -616
557 -1088.1 -613.4
558 -1118.7 -846.6
559 -70.6 -1015.3
560 -12.9 -1002.6
561 159.9 -1073.1
562 1098.7 -1048.2
563 1559.6 -1148.6
564 1533.7 -1155.4
565 1776.6 -1211.7
566 -1072.3 581.5
567 1147.1 -1036.2
568 -925.4 4378.7
569 -945.5 4499.1
570 -978.5 4380.7
571 -155.1 214.5
572 166.4 213.8
573 -156.1 291.2
574 -154.2 152.3
575 -152.9 51.2
576 257.6 292.6
577 -1239.4 575.3
578 -158.2 449.3
579 -491.7 450.5
580 458.2 -13.2
581 389.9 -14.8
582 463.6 -185.8
583 402.5 -186.1
584 234.6 -21.9
585 136.4 -40.2
586 256.4 -20.8
587 222.5 -188.8
588 -1121.4 733
589 622.6 -193
590 414.4 -482.7
591 420.7 -590.3
592 405.7 -205.5
593 47.6 -509.3
594 800.8 -562.4
595 630.3 -568.8
596 1179.6 -497.2
597 1175.2 -557.1
598 1183.6 -397.1
599 -166.1 604
600 1076.8 -564.1
601 624.6 97
602 -164.6 761.1
603 -166.8 837.9
604 19.8 763
605 -418.4 760
606 -381.3 1684.4
607 -386.3 1590.2
608 -181.8 1675.3
609 -201.3 2494
610 -666.3 4338.6
611 -167.7 683.3
612 -775.1 2180.2
613 -1175.1 2598
614 -1126.4 2586.8
615 -788 1579.2
616 -1079.3 921.5
617 -1084.3 1104.8
618 -911 929.2
619 -1125.8 930
620 -1073 692.8
621 -917.3 590.2
622 81.1 605.6
623 -987.1 332.1
624 -1066.7 437.7
625 -1062.4 222.9
626 -1060.9 168.6
627 -936.1 216.2
628 -1104.4 168.9
629 1138.8 443.9
630 1060.6 445.2
631 1151.2 395.4
632 1136.8 596.1
633 -158.5 475.3
634 1178.8 215.6
635 1090.4 215.9
636 1175.7 278.5
637 1292.5 227
638 951.5 7.4
639 953.9 -179.3
640 951.8 102
641 816.1 -181.2
642 952.2 216.9
643 842.9 214.3
644 596.8 602.4
645 1008.4 216.8
646 952 156.6
647 -507.4 57.3
648 -503.1 224.3
649 -217.2 51.6
650 -627.5 218.4
651 -585.9 450.7
652 -498.7 310.8
653 -914.2 467.7
654 -587.5 602.6
655 432.2 600
656 -910.5 334.8
657 -912.1 405.5
658 -567.2 839.3
659 -514.2 839.7
660 -647.4 755.6
661 -562.9 757.8
662 -897.9 758.4
663 -449.1 679.1
664 -949.6 3921.8
665 -935.1 3413.6
666 -170.9 964.7
667 -1095.9 -844.6
668 -1730.6 -785
669 -1106.3 -1021.6
670 -693.3 -831.2
671 -517.1 -857.1
672 -683.1 -1019.5
673 -693.2 -710.3
674 -493.4 -860.1
675 -528 -996
676 -127.8 -899
677 -168.9 914
678 -308.5 -884
679 -673.3 -1194.1
680 -665.8 -1421.4
681 -604.6 -1196.5
682 -599.2 -1423.1
683 -474.7 -1196.5
684 1041.9 3422.8
685 1043.7 3311.1
686 737.1 3307.5
687 1044.6 3243.2
688 -179.4 1578
689 2081.6 2913.6
690 -1168.5 5781
691 -1174.3 5585.8
692 -977 5771.3
693 -968.7 5442.7
694 -81.9 5762.7
695 -443.3 5756.4
696 -73.9 5454.6
697 -534.1 -5337.9
698 -766.5 -5338.4
699 -275.5 959.3
700 -542.4 -4975.4
701 -2598.4 -4299.4
702 -2258.2 -4278
703 -2576 -4353.1
704 -2484.1 -4299.4
705 -1563.7 -4247.1
706 -1462 -4255.2
707 -1265.4 -4231.4
708 2054.6 -1357.2
709 1217.4 3774
710 0.7 1489.2
711 1200.3 4103
712 -1178.8 -4228.8
713 2080.2 -1747.1
714 2084.1 -1683.5
715 -1707.9 -4165.6
716 -1689 -3961.2
717 -1522.8 -4148.1
718 -2917.2 -4319.2
719 -3057.1 -4314.4
720 -271.3 -1431.3
721 -724.8 4347.8
722 611 215.5
723 -276.5 -1582.7
724 -241.5 -1196.5
725 -279.9 -1196.5
726 -242.1 -1425.8
727 -241 -1294.8
728 -278.2 -1418.7
729 1201.3 3820.7
730 1168.6 3821.6
731 1200.2 3679.2
732 1174.6 3583.9
733 621.8 4.2
734 1203.8 3598.9
735 -12.9 4337.7
736 55.9 4353.1
737 247 4349.5
738 168.3 4357
739 1442.8 3416.4
740 1671.8 3416.9
741 1463.7 2618.1
742 -242.7 4155.4
743 -493.2 3414.1
744 602.7 454.5
745 1475.6 2225.5
746 1983 -1552
747 1974.3 -1578.8
748 1985.2 -1666.7
749 2063.6 -1724.9
750 2076.9 -1934.3
751 -1682.4 -3833.5
752 -1666.4 -3887.5
753 1221.7 -3213.6
754 856.7 -3217.6
755 263.5 451.2
756 1612.5 -3727
757 88 -3243.8
758 675.5 -1711.7
759 658 -1418.3
760 658.5 -1242
761 866.1 -1410.3
762 932.5 -1407.8
763 941.7 -1515.8
764 1037.9 -1403.2
765 958.1 -1680.8
766 577.9 918.4
767 961 -1769.5
768 878.9 -1691.9
769 1003.1 -1674.6
770 -38.3 4622.3
771 -42.7 4868.6
772 -36.9 4521.4
773 512.1 4395.6
774 458.8 4393.9
775 -277.3 4431.4
776 503.6 4889.9
777 586.6 769.2
778 202.9 4875.2
779 505.6 4462.5
780 200.6 4994.2
781 67.7 4871.8
782 -47.1 4994.2
783 -972.5 6109.1
784 -982.3 5228.7
785 -974.7 4891.4
786 -955.6 5233.1
787 -60.4 5234.2
788 581.3 999.9
789 140 5236.9
790 -590.3 5191.2
791 787.2 4381.8
792 905.1 4374.3
793 1255.3 4203.7
794 1192 4314.6
795 1101.1 4400
796 986.4 4394.3
797 1231.2 3895.8
798 1068 4333.9
799 572.6 1310.4
800 1154.2 4264.3
801 1199.8 4018.5
802 -1168.5 4305.7
803 -726.4 4310.6
804 -492.5 4320.1
805 -860 -1413.6
806 -659.7 -1841.8
807 -1138 -1410.3
808 -1602.3 -1502.1
809 -1193.2 -1855
810 -1594.8 4332.4
811 -1110.6 -1168.8
812 -1690.9 -1214.7
813 -1114.5 -1097.3
814 -848.6 -1280
815 -379.9 -1429
816 -386.3 -1585.5
817 -504.9 -1426.9
818 -1812.9 -2076.7
819 -1741.5 -2054.3
820 -1575.6 -2000.1
821 1354.4 98.8
822 -75.5 -1906.1
823 -76 -1874.5
824 -30.3 -1900.1
825 -100.8 -1905.4
826 -103.5 -1961.1
827 -101.1 -1875.1
828 -151 -1879.9
829 -648.1 -1910.7
830 -753.8 -1911.7
831 -784.8 -1898.2
832 -1292.5 4334.5
833 1292.5 -175.9
834 -1049.8 -1911.4
835 -785.9 -1847.9
836 -73.2 -2194.1
837 -78.3 -1830.6
838 -90.1 -1196.4
839 1458.6 -1840.3
840 1641.5 -1831.5
841 1968 -1839.4
842 669 -1527
843 1330.5 -1269.1
844 1361.1 -51.2
845 1447.2 -1291.8
846 1294.7 -1261.5
847 1338.6 -1392
848 1316.4 -1069.8
849 -424.1 -1001.5
850 -666.4 -4977.1
851 -554.3 -4595.3
852 -1771.5 -4951.6
853 -1763.7 -4995.8
854 -1729.7 -4810.5
855 1182.8 2588
856 -969.9 -4987.2
857 -972.5 -4848.8
858 -968.4 -5067.1
859 -1137 -4988.3
860 -1762.2 -5518.9
861 -1762.4 -5558.9
862 -1758.6 -5696.8
863 -1957.7 -5691.6
864 -1775.6 -4985.5
865 -1904.1 -4954.9
866 1207.9 2562.1
867 -2110.1 -4289.7
868 -2045.1 -4290.1
869 -1878.8 -4353.1
870 1213.4 3178
871 1214.9 3059.9
872 1179.2 3257.6
873 1257.3 2814.7
874 1259.7 2854.9
875 1243.8 2893.8
876 1283.2 2654.4
877 1314 2612.4
878 1203.8 2649.9
879 1244.3 3665.1
880 1235.6 3599.1
881 1276.2 3594.9
882 1250.7 3176.4
883 1284.9 3280.6
884 1243.8 3266.7
885 1213.7 3258.6
886 1288.5 3451.5
887 1277.9 3487.7
888 1463.2 2600.4
889 1179.1 2616.9
890 1062.8 2616.3
891 1058.7 2693.6
892 760.5 2618.5
893 1272.5 2372
894 1284.2 2562.9
895 1232.7 2359
896 1235.7 2278.7
897 1241.5 1825
898 1297.6 108.7
899 -911.1 2587.2
900 1295.6 -182.1
901 1342.3 -406.9
902 1362.1 -553.9
903 1069.7 -179.1
904 -247.8 4243.6
905 -918.3 2841.1
906 -927.8 3233.8
907 -220.7 3231.7
908 -489.3 3238.5
909 -218.8 3127.4
910 -901.4 2191.8
911 -1053.2 -1845.6
912 -1409.6 -1866.7
913 -1445.8 -1869.5
914 -1397.2 -1936.5
915 1135.8 821.7
916 1136.1 905.5
917 1204.5 913.2
918 1139.8 605.5
919 -1788 4231.7
920 -947.8 4082.6
921 532.7 3424.2
922 529.5 3599.1
923 341.6 4216.5
924 -64.9 4335.6
925 523.5 4121.2
926 523.2 3846.6
927 -202.7 2610.2
928 -19.8 5449.2
929 -1715 1697.2
930 -1709.6 1488.8
931 -1649.8 1698.4
932 540.8 2916.8
933 -1368.1 1712
934 -1373.3 1604.8
935 -1593 1700.4
936 -1265.5 1363.2
937 -1591.5 1580.5
938 -1094.7 1498.6
939 -1091.1 1354
940 -1046 1353.6
941 -925.9 1108.6
942 -911.9 1351.7
943 1122.4 4319
944 1172.9 3403
945 -1028.6 1106.1
946 -749.5 1353.4
947 -977.4 1353.7
948 -539.4 1144.6
949 -744.7 1135.7
950 265 215.9
951 380.4 216.1
952 268.9 158.9
953 164 160.3
954 257.4 85.7
955 1194.5 3386.6
956 1007.2 294.7
957 1009 371.2
958 866 292
959 77.2 -1903.3
960 -1420.1 -4125.3
961 -1477 -4128.3
962 -567.2 -4101.5
963 104.6 -4084
964 -2040.5 -896.8
965 -27.3 -972.8
966 527.7 4358.9
967 53.9 -732.3
968 -122 -646.9
969 182 -814.4
970 796.5 -199
971 -1621.8 2592.3
972 -1544.3 2474.4
973 -1234.2 2589.2
974 -1542.7 2446.2
975 -1449.9 2489.8
976 -1171.4 2483.4
977 516.6 4233.8
978 -1345.7 2480.8
979 -1170.6 2461.1
980 -1106.6 1904.5
981 -1151.5 1904.5
982 -1115.6 2214.3
983 1891.4 -2864.4
984 1759.6 -3191.1
985 981.7 -2882.5
986 716.5 -2878.9
987 576.5 -2882.9
988 1248.4 3393.8
989 -454.7 -4099.9
990 -564.7 -4234.5
991 -529.5 -4234.3
992 -350.8 -4249.8
993 1034.9 -1360.5
994 1028.7 -1228.6
995 858.8 -1236
996 1029.6 -1252.9
997 1168.1 -1244.7
998 1021.9 -1097
999 1292.5 3415.5
1000 1604.8 -1294.1
1001 1442.7 -1123.9
1002 1455.6 -1387.7
1003 1383.3 -1073.7
1004 1601.2 -1188
1005 1859.5 -1261.5
1006 1643.2 -1388.6
1007 1654.7 -1441.5
1008 1670.8 -1617.1
1009 1677.5 -1687.2
1010 1282.2 3377.8
1011 1595.9 -1622.1
1012 1660.3 -1742.4
1013 1647.7 -1764.2
1014 330.7 -1848.4
1015 443.2 -1424.9
1016 45.7 -1878.9
1017 -2065 4850.2
1018 -974 4595.7
1019 -2198.3 4848.6
1020 -2195.7 4730.2
1021 -894.3 1910
1022 -2201.4 4998.5
1023 -2193.8 4606.5
1024 435.7 -1232
1025 438.8 -1310.7
1026 426.6 -1112.9
1027 645.8 -1241.6
1028 287.6 -1189.9
1029 270.4 -1429.2
1030 92.5 -1438.3
1031 269.1 -1379.7
1032 -1032.2 1906.4
1033 2125 -3184.5
1034 1829.6 -4209.8
1035 2102.7 -3066.7
1036 1509.6 -3200.7
1037 1742 -2654.4
1038 1736.3 -2462.5
1039 1529.4 -2654.8
1040 1702.5 -1977.7
1041 1723 -2078.2
1042 1984.5 -1943.3
1043 -759.2 1912.3
1044 -538.3 -4198.5
1045 -1428.2 -4226.2
1046 -1703.1 -4301.3
1047 -1831.7 -4307.2
1048 -1817.4 -4376
1049 -1837.8 -4332.5
1050 1280.4 600.2
1051 843.8 -2169.8
1052 821.3 -2146.2
1053 731.5 -1972.2
1054 1196.9 4215.9
1055 1405.9 -853.7
1056 987.1 -2140.4
1057 -1678.2 -3691.2
1058 67.6 -3162.3
1059 -814.1 -2424.6
1060 1020.1 -1049.3
1061 1164.2 -1063.4
1062 563.2 1580.4
1063 1241.6 1925.4
1064 1062.5 1918.6
1065 1016.1 1574.9
1066 1392.7 -961.6
1067 1055.9 1560.2
1068 780.4 2601.8
1069 780.1 2512.1
1070 1056.7 2601.6
1071 1081.2 2601.4
1072 1068 2136.1
1073 561 2007.4
1074 564.1 1677.4
1075 543.9 2116.8
1076 567.2 2117.3
1077 -2600.7 -4282
1078 535.3 2499.2
1079 804.2 1934.7
1080 805.9 2013
1081 725.3 1932
1082 947.2 1917.1
1083 804.9 2123.4
1084 847.2 2124.3
1085 912.8 2125.4
1086 846.1 2173.2
1087 974.7 2125.4
1088 -2920.3 -4304.1
1089 912.4 2173.9
1090 723 2012.1
1091 782.4 2122.4
1092 780.4 2174.8
1093 716.3 2119.8
1094 632.5 2118.5
1095 632.6 2009.9
1096 632.5 1931.5
1097 569.8 1929.8
1098 779 2233.5
1099 1220.9 1588.6
1100 779.2 2375.2
1101 913.7 2210.3
1102 1056.6 1002.8
1103 804.9 443.7
1104 660.9 452.9
1105 803.7 370.1
1106 862.2 426.5
1107 803.8 295.6
1108 719.3 294.6
1109 1174.8 110.5
1110 1054.8 1603.3
1111 1175 -162.1
1112 -1369.6 5229.9
1113 -1184.1 5227.2
1114 -1837.7 5231.6
1115 -2050.8 5226.8
1116 -2072.7 5523.3
1117 -1183.5 5432.3
1118 -1090.5 5437.8
1119 -436.1 5450.8
1120 -704.5 5759
1121 1236.3 1545.8
1122 117.4 5766.8
1123 -949.1 4587.3
1124 307 5239.5
1125 -1624.6 4602.3
1126 -1564.3 4601.2
1127 -1827.2 4848
1128 -1717.3 4602.3
1129 -2208.8 5515.3
1130 -2207.6 5225.9
1131 -2078.2 5225.2
1132 1258.3 1354
1133 467.5 -4087.6
1134 1462.8 -4187
1135 206.8 -4075.5
1136 -1823.3 4604
1137 -2040.5 4849.2
1138 -1919.4 5229.2
1139 -1922.3 5340.6
1140 -1927.2 5528.6
1141 -1842.7 5533
1142 -2527.1 5498
1143 -751.3 1584
1144 -1246.3 4425.4
1145 -1245 4598.6
1146 -1558.6 4407.5
1147 -1009 4472.8
1148 -921.2 4474.6
1149 -976.4 4491.4
1150 -399.2 4428.8
1151 -135.8 4434.1
1152 629.2 4461
1153 815.5 4467.1
1154 -754.9 1754.1
1155 -1495.9 -5115.5
1156 -1486 -4950.1
1157 -1426 -4252
1158 -1345.2 -4247.8
1159 -2952.4 -4335.9
1160 -1976.1 -4293.1
1161 -1557.7 -4271.5
1162 -1696.5 -4323.8
1163 2094.5 -1392.9
1164 2073.8 -1358.7
1165 -1105.4 327.7
1166 -915.8 1589.9
1167 2100.2 -1558.8
1168 2100 -1428.6
1169 2151 -2011.8
1170 2448.4 -2017
1171 2141.4 -1837.8
1172 1010.4 601.4
1173 755.4 607.6
1174 -1816.9 4306.8
1175 -1667.6 4308
1176 1780.5 2054
1177 -1464.1 1490.3
1178 2069.6 2049.8
1179 -695.1 6510.7
1180 -688.6 6416.3
1181 -683.5 6564.7
1182 -738.2 6542
1183 -716.3 6564
1184 -1136 1367.3
1185 -1131.1 1091.2
1186 -1137.1 1443.5
1187 -1252.9 1088.9
1188 -1363.8 1572.5
1189 -1445.4 1083
1190 -1438.1 878.1
1191 -1452.7 1252
1192 -1357.2 1085.2
1193 -1353.2 930
1194 -1322.8 817.1
1195 -1349.3 817.8
1196 -1349.8 851.4
1197 -1057.2 -49.5
1198 -1111.2 -50
1199 1247.7 3466.1
1200 -1059.9 55.5
1201 -926.9 -84
1202 -1104.7 107.5
1203 -1120.7 -228
1204 -699 -566.3
1205 -123.7 -584
1206 -311.9 -544.5
1207 -315.7 -221.6
1208 -312.5 -437.7
1209 -158.8 -206.4
1210 1192.4 3470.9
1211 796.1 3426.9
1212 1071.9 3590.5
1213 1072.8 3433.8
1214 1089.9 3821.9
1215 797.1 3590.6
1216 1004.7 3822.8
1217 801.6 3829.5
1218 620.5 3598.3
1219 816.7 2923.6
1220 1048.8 2931.8
1221 1176.3 3453
1222 766 2921.8
1223 817.2 2837.9
1224 1052.3 2838.9
1225 1046.4 3106.4
1226 1218.6 2938.4
1227 1221.5 2873.4
1228 1233.3 2915.9
1229 927 999.2
1230 1055.7 1166.1
1231 -393.2 -1818.2
1232 -1609.1 -2005
1233 -388.9 -1646.9
1234 -389.4 -1882.6
1235 -642 -1824.2
1236 -287.9 -1806
1237 -1747.3 -277.2
1238 -135.5 -1979.5
1239 -92.5 -2329.6
1240 -1205.2 368.1
1241 -1234.1 1494.9
1242 -1238.3 313
1243 -1681 -2021.5
1244 -1282.1 309.9
1245 -1238 234.7
1246 -1225.9 1445.5
1247 -1159.5 2122
1248 -1162.6 2212.8
1249 -1155.3 1987.3
1250 -1260.6 2119.5
1251 -1389 304.5
1252 -1403.8 -235.5
1253 -1351.6 898
1254 -1140.5 1582.7
1255 -1392 878.8
1256 -1281.7 234.1
1257 -1246 1987.1
1258 -1389.9 849.5
1259 -1163.9 2253.8
1260 -1168.3 2388.8
1261 -1235 2460.3
1262 -929.5 57.9
1263 -820.1 50.6
1264 -1011.9 2203.6
1265 -1137.4 1496.9
1266 661.9 374.4
1267 -832.1 932.9
1268 384 1566.7
1269 446.2 1565.7
1270 -450.3 625.7
1271 -450.9 603.5
1272 -521.9 603
1273 762.6 769.6
1274 685.5 1390.1
1275 684.1 1428
1276 -1062.8 329.2
1277 -1226.7 1580.4
1278 847.9 1389.8
1279 694.6 1307.8
1280 280.9 600.2
1281 -972 1435.2
1282 -970.2 1501.6
1283 1008 425.8
1284 863.7 370.6
1285 136.4 158.2
1286 977.5 1473
1287 867.9 1472.9
1288 -1101.5 1581.5
1289 1056 1475.3
1290 979.1 1413.4
1291 692.5 1230.9
1292 876.7 1307.5
1293 926.1 1125.1
1294 841.4 1123.9
1295 926.1 1083.9
1296 938.2 1165.1
1297 1055.2 1312
1298 -509 948.1
1299 -224.8 3416.8
1300 -738 938.5
1301 735.4 943.3
1302 735.5 1000.7
1303 647.7 768.6
1304 -1059 106.9
1305 17.1 920.3
1306 1156.5 374.9
1307 939.8 1228.7
1308 579.4 1233.8
1309 635.3 1000.3
1310 -221.2 3257.2
1311 701.5 2377.9
1312 -526.6 1754
1313 -637.1 1753.8
1314 661.9 294.1
1315 718.7 215.2
1316 -900.3 695
1317 946.4 1308.9
1318 224.3 1485.9
1319 222.1 1566.1
1320 -591.5 55.5
1321 2145.5 3443.3
1322 -419 679.6
1323 696.8 2235.3
1324 844.9 1427.7
1325 846.8 1471.2
1326 1007.2 447
1327 -304.7 1564.6
1328 384.1 1461
1329 949.5 1388.5
1330 839.7 1076.5
1331 760.8 1077
1332 1832.9 3439.8
1333 925.3 1044.8
1334 -713 51
1335 740.1 546.4
1336 983 1918.8
1337 1054.9 1787.4
1338 758.4 1001.5
1339 615.3 294.4
1340 594.6 529.9
1341 948.9 1344.1
1342 94.3 -190.3
1343 -2031 -1109.8
1344 -491.8 603.3
1345 56.7 706.7
1346 -145.2 -49.4
1347 88.7 -41.2
1348 969.5 1601.3
1349 1.3 1565.6
1350 -817 -82.7
1351 326.1 1592.3
1352 1070.7 2052.4
1353 -1120.7 2387.8
1354 -1720.5 -1151.1
1355 741.7 597.5
1356 832.6 597.2
1357 595.7 767.8
1358 660.3 2919.1
1359 752.7 3121.4
1360 129.4 -270.3
1361 266 -265.3
1362 129.1 -330.7
1363 127.7 -211.4
1364 1071.9 -195.3
1365 2144.7 3744
1366 1073.7 -398.1
1367 1295.5 -190.1
1368 626.4 3737
1369 -315 -462.4
1370 -701.9 -484.9
1371 661.1 2839.4
1372 891.6 2774.1
1373 270.3 -326.6
1374 -37.7 -414.5
1375 630 3839.4
1376 2031.6 3672.9
1377 659.5 2765
1378 658.9 2693
1379 591.1 2766.3
1380 818.3 2766.3
1381 891.9 2692.4
1382 550.9 2768.5
1383 -605.4 3424.2
1384 816.3 2693.1
1385 -704.6 -384.6
1386 -683.3 3236.9
1387 -1106.8 370.4
1388 -962.3 4270.8
1389 -682.9 3304
1390 893.1 2837
1391 540.9 3311.9
1392 335.6 4352.3
1393 -606.5 -1008.2
1394 264.4 -208.5
1395 767.5 2692.6
1396 -34.4 -517.9
1397 -682.2 3412.9
1398 372.9 4353.5
1399 -917.6 4280.8
1400 -1108.1 -245.5
1401 -145.6 -433.8
1402 535.3 4267.9
1403 633.5 4335.3
1404 633.2 4362.1
1405 655.6 4363
1406 -925.4 3301.4
1407 95.9 -1864.2
1408 76.9 -1193.9
1409 1931.5 -1518.8
1410 -2045.9 4605.4
1411 1933.5 -1618.7
1412 1969.4 -1510.3
1413 1889.6 -1519.2
1414 -505.4 -1742.8
1415 -504.8 -1777.6
1416 -603.8 -1742.4
1417 -461.8 -1689.4
1418 1333.1 -1814.1
1419 1175.8 -1815.6
1420 1336.2 -1655.8
1421 -2035.9 4347.6
1422 855.5 -1151.4
1423 854.8 -1101.2
1424 734.4 -1239.8
1425 1168.5 -1659.9
1426 1350.5 -1558.5
1427 642 -1110.6
1428 -477.5 -1086
1429 -669.2 -1094.9
1430 -1627 -4130.4
1431 -1638.6 -3690.9
1432 -1170.9 4348.3
1433 -1044.5 -2291.7
1434 -923.3 -2317.3
1435 887 -1519.3
1436 -1622.1 -1890.6
1437 -924.8 -2258.8
1438 -894.2 -2257.9
1439 -995.1 -1091.8
1440 -683.1 -1093
1441 1974.6 -1620.2
1442 -603.3 -1696.3
1443 -1236 4347.1
1444 863.9 -1365.7
1445 983.3 -1359.9
1446 -605.9 -1609
1447 -603.5 -1654.3
1448 -605.3 -1570.8
1449 -461.7 -1615.3
1450 -461.5 -1645.7
1451 -978 -2229.9
1452 -1046.3 -2232.3
1453 -976.8 -2260.4
1454 -99.7 -1433.3
1455 1867.4 -1331.4
1456 1904.4 -1394.3
1457 1171.9 -1356.3
1458 -506.1 -1524.3
1459 -504.5 -1569.3
1460 -607.1 -1525.3
1461 -504 -1481.8
1462 655.6 -1082.1
1463 647.3 -1055.5
1464 1962.5 -1430.4
1465 -101.2 -1698.9
1466 -119.3 -1582.5
1467 -243.1 -1584
1468 -116.1 -1724.9
1469 -823.4 -2232.3
1470 -246.3 -1625.4
1471 1419.8 -1812.7
1472 -1049.7 -2128
1473 -1047.3 -2201.2
1474 -1108.8 -2131
1475 -829 -2116.7
1476 -71.2 -2476.2
1477 -1051.7 -1945.7
1478 730 -1525.2
1479 875.7 -1552.2
1480 161.5 -1116.8
1481 425.7 -1065.8
1482 897.2 -1819.4
1483 853.4 -1831.3
1484 -830.1 -2044.6
1485 -649.1 -2145.4
1486 -1221.2 -2298.6
1487 -78.9 -2502.7
1488 -1212.8 -2136.2
1489 961.2 -1818.4
1490 -1568.6 -1879.1
1491 -1673.3 -2806.6
1492 -1549.8 -4127.5
1493 1542.5 -1170.7
1494 -1730.3 -2802.6
1495 -1790.2 -2802.6
1496 -1590.2 -3355.7
1497 -1684.3 -3243.8

# Edges
0 1
0 206
0 803
1 736
1 804
2 625
2 628
2 1165
3 14
3 69
3 269
3 314
3 462
3 529
3 541
3 836
3 1476
3 1487
4 235
4 1005
4 1464
5 809
5 820
5 830
5 834
5 914
6 7
6 8
6 54
7 79
7 1056
8 15
8 55
9 10
10 985
11 27
11 405
11 474
12 1038
12 1039
13 15
13 16
13 55
14 191
14 462
14 529
14 757
14 1058
15 65
16 839
16 840
17 336
17 959
18 48
18 85
18 86
18 191
19 22
19 236
20 21
20 191
21 45
22 30
22 213
22 753
22 985
23 28
23 59
23 60
23 213
24 26
24 27
25 36
25 341
25 404
25 559
25 560
25 676
25 849
25 965
25 968
26 497
26 498
27 31
27 32
28 29
28 30
28 324
29 66
29 81
30 985
31 475
32 67
32 68
33 64
33 78
33 82
33 1038
34 35
34 37
34 1056
35 71
35 1051
36 47
36 58
36 404
36 532
37 65
37 66
38 39
38 40
38 41
38 987
39 42
39 43
40 57
41 43
41 986
42 50
42 51
42 52
43 50
44 291
45 280
45 291
45 462
46 225
46 247
46 258
47 58
47 724
47 1454
48 49
49 68
49 757
50 84
51 56
51 84
52 57
53 67
53 73
53 757
54 55
54 268
56 57
58 1428
59 225
59 1039
60 78
60 1039
61 753
61 1036
62 63
62 382
62 384
62 496
63 72
64 1041
65 66
66 71
67 477
67 478
68 85
68 405
68 409
68 478
69 80
69 1487
70 84
70 280
70 313
71 81
72 73
72 475
73 477
74 75
74 76
74 77
75 82
75 83
76 241
76 516
77 246
77 1042
79 414
79 1053
80 315
80 541
80 1059
80 1485
81 324
82 83
83 1041
85 86
86 409
87 88
87 89
88 96
88 106
88 116
89 116
89 380
90 92
90 772
90 1151
91 102
91 138
91 854
92 109
92 115
93 94
93 1148
93 1150
94 1123
95 780
95 782
95 789
96 97
97 101
97 105
98 109
98 781
99 100
99 783
100 1180
101 103
101 104
102 455
102 854
102 1046
102 1162
103 106
103 108
103 112
104 105
104 108
105 694
106 107
107 112
107 116
108 696
109 772
110 111
110 1122
111 402
112 696
113 224
113 335
113 446
114 125
114 136
114 147
114 443
115 779
115 1152
117 1332
117 1376
118 521
118 522
118 740
118 1332
119 243
119 253
119 1170
120 1170
121 122
121 123
121 124
122 128
122 178
123 176
123 178
125 138
125 147
126 179
126 859
127 128
128 183
129 130
129 131
129 132
130 858
130 859
131 140
131 148
132 167
132 170
133 134
133 135
133 137
134 389
134 860
135 175
135 183
136 444
136 852
136 854
137 156
137 159
138 139
138 854
139 172
139 194
139 1156
140 141
140 142
141 162
141 698
142 162
142 858
143 144
143 145
144 188
145 443
145 444
146 343
146 425
146 703
147 1155
147 1156
148 698
149 160
149 851
150 851
151 152
151 153
151 305
152 171
152 190
152 1159
153 190
153 193
154 155
154 156
154 157
154 159
155 189
155 863
156 863
157 159
157 189
158 169
158 180
158 1059
160 192
160 857
161 194
161 542
161 857
162 850
163 164
163 165
163 166
164 181
164 195
165 195
166 1164
167 168
167 170
168 188
168 197
169 1433
169 1434
170 443
170 1155
171 305
171 512
172 173
172 174
173 192
173 544
174 194
174 542
174 544
175 864
175 865
176 417
176 865
177 178
177 865
179 1155
179 1156
180 301
180 310
180 540
180 1486
181 182
181 1168
182 187
182 479
183 456
184 264
184 453
184 704
185 186
185 187
186 255
186 256
187 374
190 263
191 985
191 987
192 543
193 304
193 360
195 196
196 479
198 199
198 745
199 228
199 893
200 514
200 717
200 1045
201 350
201 352
201 875
202 213
202 225
202 258
203 204
203 810
203 1443
204 1421
205 206
205 1175
206 207
207 802
207 1175
208 209
208 210
208 297
209 214
209 526
210 212
210 214
211 293
211 294
211 804
212 296
212 924
214 610
215 216
215 1227
215 1228
216 221
216 896
217 218
217 219
217 1050
218 226
218 821
219 637
219 1306
220 709
220 871
220 1228
221 222
221 223
222 229
222 1063
223 226
223 230
224 577
224 1194
226 227
227 230
227 1050
228 231
228 875
229 896
229 1072
230 1132
232 233
232 387
232 1055
233 376
234 235
234 564
234 749
235 375
236 247
236 258
236 259
236 983
236 984
237 238
237 239
237 240
238 251
238 252
239 240
239 713
241 259
241 983
241 1035
242 257
242 518
242 983
243 252
243 1171
244 840
244 1042
244 1171
244 1441
245 246
245 248
245 841
246 250
247 1037
248 251
248 841
249 250
249 750
250 750
252 253
254 714
254 1167
255 714
255 1167
256 347
257 1035
259 517
260 261
260 1044
261 963
261 989
262 263
262 718
264 266
264 702
265 702
265 705
265 868
266 426
266 867
267 712
267 990
267 1158
268 336
268 412
269 280
269 291
270 271
270 1057
270 1497
271 300
271 1057
272 751
272 752
272 1057
273 274
273 275
273 844
274 276
274 277
275 279
275 902
276 1367
277 1367
278 833
278 844
279 387
279 1055
281 1174
281 1421
282 283
282 554
282 1179
283 284
283 1183
284 285
284 286
285 286
287 288
287 560
288 289
288 290
289 290
289 595
290 595
292 467
292 595
292 600
293 296
293 721
294 296
294 742
294 904
294 924
295 774
295 966
295 1398
296 490
296 775
297 774
297 1398
298 299
299 353
299 354
300 534
301 307
301 540
301 1495
302 313
302 324
302 985
303 1062
303 1067
303 1287
304 342
304 343
306 594
306 970
307 308
307 818
308 309
309 310
309 819
310 820
310 829
310 1477
310 1488
311 312
311 1232
311 1243
313 336
313 985
313 1051
314 316
314 317
314 836
315 829
316 322
316 836
317 824
317 959
318 319
318 320
318 826
319 1239
320 826
320 1239
321 829
321 1477
321 1484
322 822
322 826
323 325
323 326
323 829
325 327
325 829
326 327
326 826
327 328
328 825
328 828
329 336
329 824
329 959
330 331
330 828
330 829
331 334
331 1234
332 823
332 824
332 1016
333 337
333 338
333 1407
334 828
334 1468
335 1190
335 1195
336 758
336 759
336 839
336 1014
336 1016
336 1053
336 1482
336 1483
337 338
337 1454
338 837
339 827
339 837
339 1465
340 840
340 1471
340 1483
341 838
342 343
344 512
344 1159
345 346
345 388
345 861
347 358
347 369
348 971
348 974
349 974
349 978
349 1261
350 424
350 797
351 709
351 729
352 874
352 882
353 1365
354 1365
355 579
355 1344
356 357
356 773
356 1152
357 359
357 776
358 748
358 840
359 459
359 460
361 399
361 792
361 1405
362 363
362 773
362 966
363 795
363 1405
364 485
364 486
364 1119
365 922
365 926
365 1368
366 925
366 1402
367 368
367 370
368 371
368 522
369 748
369 749
370 521
370 522
371 1376
372 373
372 407
372 474
372 494
373 499
373 500
374 1171
375 746
376 527
376 567
377 730
377 800
377 801
378 1073
378 1075
378 1076
379 381
379 382
379 963
380 391
380 402
380 539
381 383
381 963
382 384
383 433
385 433
385 757
385 1058
386 387
386 600
388 390
388 860
389 390
389 392
390 853
391 776
391 1124
392 853
392 864
393 394
393 756
393 1034
393 1134
394 1034
394 1134
395 909
395 927
396 535
396 689
397 506
397 964
398 554
398 783
399 798
400 401
400 1282
401 473
401 946
403 581
403 951
403 954
404 532
405 406
406 407
406 408
406 409
406 754
407 474
407 493
408 492
410 411
410 502
410 546
411 741
412 414
413 424
413 451
413 879
415 495
415 499
415 1135
416 417
416 418
416 511
417 852
418 852
418 1048
419 449
419 537
420 421
420 534
421 1491
421 1495
422 814
423 1177
423 1191
424 793
425 452
426 427
426 428
427 453
427 454
428 454
429 431
429 1347
430 508
430 1209
430 1342
430 1346
430 1363
431 1342
432 687
432 1225
434 436
435 892
435 927
435 932
435 1068
435 1078
435 1382
436 437
437 546
438 1126
438 1128
438 1146
439 440
439 1126
439 1145
440 441
441 442
445 1018
445 1145
446 1251
446 1252
447 480
447 491
447 888
448 455
448 1157
449 520
449 669
450 489
450 1207
450 1385
450 1400
452 453
457 693
457 790
457 1119
458 469
458 888
458 893
459 461
460 461
461 487
463 465
463 1031
464 465
464 1025
464 1031
465 1028
466 725
466 727
466 728
468 1164
468 1493
469 491
469 745
470 489
470 1334
470 1350
471 507
471 1237
471 1252
472 505
472 1237
472 1252
473 615
473 1143
475 476
475 477
476 496
478 757
480 491
480 502
481 482
482 483
483 692
483 1120
484 485
484 1120
485 486
486 693
487 488
487 1153
488 1153
489 1203
489 1209
489 1334
490 770
490 1151
491 1176
492 493
492 753
493 494
495 496
495 497
495 504
497 501
498 500
498 501
499 504
500 503
501 503
502 689
502 1178
503 504
505 506
506 1237
507 556
507 1203
507 1400
508 1205
508 1374
509 515
509 1077
510 668
510 669
510 1343
510 1354
511 869
511 1048
511 1049
513 524
513 535
513 546
514 515
516 517
517 519
520 537
520 669
521 740
521 886
523 692
523 693
524 689
525 665
526 796
527 528
528 1003
529 541
530 1028
530 1408
530 1480
531 532
531 672
533 1169
535 740
536 672
536 675
536 1393
537 672
538 669
538 672
539 928
540 1491
542 543
543 544
545 548
545 550
545 1433
545 1486
547 548
549 550
549 551
549 553
551 552
551 1473
552 553
552 1474
555 566
555 577
555 588
555 1387
556 557
556 558
557 667
557 1400
558 667
558 668
558 669
559 560
559 561
560 1463
561 1480
561 1481
562 563
562 564
562 1060
563 565
564 1066
565 567
565 708
566 620
566 621
566 624
567 1066
567 1463
568 569
568 721
568 1399
569 1123
569 1148
570 1018
570 1149
570 1388
570 1432
571 572
571 573
571 574
572 950
572 953
573 576
573 578
574 575
574 1285
575 649
575 1209
575 1346
576 755
576 950
577 588
578 579
578 633
578 755
579 651
579 652
580 581
580 582
580 733
581 586
582 583
582 589
583 587
584 585
584 586
584 587
585 1285
585 1347
586 954
587 1342
588 619
589 592
589 595
589 641
589 733
589 970
590 591
590 592
590 593
591 595
591 969
592 1394
593 967
593 1396
594 595
594 600
594 970
596 597
596 598
597 600
597 902
598 901
598 1366
599 611
599 622
599 633
599 1271
600 1366
601 722
601 733
602 603
602 604
602 605
602 611
603 659
603 677
604 777
604 1305
604 1345
605 661
605 1322
606 607
606 608
607 688
607 1143
608 609
608 688
609 927
610 721
610 832
611 1322
612 910
612 1043
613 614
613 899
613 973
613 976
614 899
614 1353
615 1143
615 1288
616 617
616 618
616 619
616 620
617 939
617 945
618 662
618 941
618 1267
619 1185
619 1193
620 1316
621 653
621 654
622 1280
622 1345
623 656
623 657
623 1276
624 653
624 1276
625 626
625 627
625 1276
626 628
626 1304
627 656
627 1262
628 1202
629 630
629 631
629 632
630 631
630 1326
631 1306
632 1050
632 1172
634 635
634 636
634 637
635 636
635 645
635 1109
636 1306
637 898
638 639
638 640
639 641
639 903
640 646
642 643
642 645
642 646
643 958
643 1315
644 655
644 744
644 777
644 1173
644 1340
644 1355
644 1357
645 956
647 648
647 649
647 1320
648 650
648 652
650 651
651 654
653 657
654 1272
655 1280
655 1340
656 657
658 659
658 661
659 1298
660 661
660 662
660 663
662 1316
663 1270
663 1322
664 665
664 920
664 1388
665 906
665 1397
665 1406
666 677
666 688
666 699
667 669
667 670
668 1237
669 813
670 671
670 672
670 673
671 674
671 675
672 1393
672 1429
672 1440
673 674
673 1204
674 678
675 849
675 1393
676 678
676 1401
677 1305
678 1206
679 680
679 681
679 1429
679 1440
680 682
680 805
680 806
680 1235
681 682
681 683
682 817
683 725
683 1428
684 685
684 944
684 1211
685 686
685 687
686 1359
686 1391
687 872
688 1327
688 1349
688 1351
690 691
690 692
691 1117
691 1118
692 693
692 783
693 784
693 786
693 1118
694 695
694 696
694 1122
695 1119
695 1120
696 787
696 928
696 1119
697 698
697 700
699 1298
700 850
700 851
701 702
701 703
701 704
701 718
703 704
705 706
705 707
706 1157
706 1161
707 712
707 1158
708 713
708 1163
709 1054
710 1318
710 1349
711 800
711 801
711 1054
712 992
713 714
715 716
715 717
715 1046
716 751
716 752
717 960
717 1045
718 1159
719 1088
720 723
720 815
720 1454
721 1432
722 733
722 744
722 951
722 1315
722 1339
723 816
723 1467
724 725
724 727
726 727
726 728
726 1454
728 815
729 730
729 731
729 801
730 1214
731 732
731 734
732 734
732 1210
734 885
735 736
735 737
735 924
736 738
737 738
737 1392
738 791
739 740
739 741
739 999
741 877
742 904
742 1299
743 908
743 1299
743 1383
743 1397
744 755
744 1104
744 1339
744 1340
746 747
746 748
747 1412
747 1441
749 750
751 1057
752 1430
753 754
753 756
757 1058
758 768
758 842
759 760
759 761
759 842
759 1015
759 1027
760 1424
760 1462
761 762
761 1444
762 763
762 764
763 765
763 1435
764 847
764 993
765 767
765 768
765 769
766 777
766 788
766 1305
767 1489
768 1479
769 1425
770 771
770 772
771 775
771 781
771 782
771 787
773 774
773 779
773 966
775 1150
776 778
776 779
778 780
778 781
780 1124
782 787
784 785
784 1113
785 1018
786 790
786 1123
787 789
787 790
788 799
788 1308
788 1309
788 1357
789 1124
791 792
791 943
793 794
794 795
794 796
796 797
798 800
798 943
799 1062
799 1279
799 1308
802 803
802 1388
803 804
803 1399
805 807
805 814
805 835
806 829
806 835
807 808
807 809
807 811
808 812
808 1436
809 911
809 912
810 832
811 812
811 813
811 814
812 1354
813 1439
815 816
815 817
816 1233
817 1461
818 819
819 1232
820 1232
821 833
821 844
822 823
822 824
822 825
823 827
823 837
825 826
825 827
826 1238
827 828
829 830
829 831
829 1234
829 1235
829 1485
830 831
831 834
831 835
832 1443
833 903
834 911
835 911
838 1408
838 1454
839 840
840 841
840 1013
840 1040
840 1471
842 1478
843 845
843 846
843 847
843 848
845 1000
845 1001
845 1002
846 997
846 1457
847 1002
847 1426
848 1003
848 1061
850 856
851 990
852 853
852 864
852 865
855 866
855 889
855 1071
856 857
856 858
856 859
860 861
861 862
862 863
866 894
866 895
867 868
867 869
868 1160
869 1049
869 1160
870 871
870 872
870 885
871 1226
872 885
872 955
873 874
873 875
873 893
874 876
876 877
876 878
877 888
877 894
878 889
878 1227
879 880
879 881
880 881
880 884
881 887
882 883
882 884
883 884
883 1010
886 887
886 1199
887 1199
889 890
890 891
890 892
891 1224
891 1381
892 1395
893 894
895 896
895 1227
897 1063
897 1099
897 1132
898 900
898 1109
899 905
899 910
899 927
900 901
900 1111
900 1364
901 902
903 1111
904 1399
905 906
906 1386
906 1406
907 908
907 909
907 1310
908 1386
910 1021
910 1264
912 913
912 914
913 1490
914 1232
915 916
915 917
915 918
916 917
916 1102
918 1050
918 1172
919 1174
920 1388
921 922
921 932
921 1211
921 1299
921 1391
922 926
922 1218
923 977
923 1392
925 926
925 977
926 1375
929 930
929 931
930 1177
931 935
931 937
932 1358
932 1382
932 1391
933 934
933 935
934 937
934 1188
935 937
936 1184
936 1187
936 1188
938 939
938 1282
938 1288
939 940
940 947
940 1281
941 942
941 945
942 946
942 947
943 1054
944 955
944 1221
946 949
947 1281
948 949
948 1298
949 1300
950 951
950 952
952 953
952 954
953 1285
955 988
956 957
956 958
957 1283
957 1284
958 1107
958 1284
960 961
960 962
961 1492
962 989
962 990
963 989
963 1135
964 1343
965 967
965 969
966 977
966 1402
966 1404
967 968
967 969
968 1205
970 1364
971 972
971 973
972 974
972 975
975 978
976 978
976 979
979 1260
979 1261
980 981
980 982
980 1032
980 1288
981 1249
981 1254
982 1248
982 1264
982 1353
984 1033
984 1036
985 986
986 987
988 999
988 1010
989 1044
990 991
991 992
993 996
993 1445
993 1457
994 995
994 996
994 997
994 998
995 1422
995 1424
995 1444
996 1445
997 1061
997 1457
998 1060
998 1423
999 1010
1000 1004
1000 1006
1001 1003
1001 1493
1002 1006
1004 1005
1004 1493
1005 1455
1006 1007
1007 1008
1008 1009
1008 1011
1009 1012
1011 1013
1011 1420
1012 1013
1014 1407
1015 1025
1015 1029
1016 1407
1017 1019
1017 1131
1017 1410
1018 1149
1019 1020
1019 1022
1020 1023
1021 1032
1021 1043
1022 1130
1023 1410
1024 1025
1024 1026
1024 1027
1024 1028
1026 1427
1026 1480
1026 1481
1027 1427
1028 1408
1029 1030
1029 1031
1030 1407
1030 1408
1030 1454
1032 1264
1033 1034
1033 1035
1037 1038
1037 1039
1040 1041
1040 1042
1043 1154
1044 1045
1046 1162
1047 1048
1047 1049
1051 1052
1052 1053
1052 1056
1055 1066
1057 1431
1059 1469
1060 1061
1060 1463
1062 1065
1062 1074
1062 1099
1062 1269
1062 1348
1062 1351
1063 1064
1064 1072
1064 1110
1064 1336
1064 1337
1064 1352
1065 1067
1065 1099
1067 1099
1067 1289
1068 1069
1068 1070
1069 1100
1069 1101
1070 1071
1070 1072
1071 1072
1072 1087
1072 1352
1073 1074
1073 1075
1073 1095
1073 1097
1074 1081
1074 1097
1075 1076
1075 1078
1076 1094
1077 1088
1079 1080
1079 1081
1079 1082
1080 1083
1080 1090
1081 1090
1081 1096
1082 1336
1082 1337
1083 1084
1083 1091
1084 1085
1084 1086
1085 1087
1085 1089
1086 1089
1086 1092
1087 1336
1089 1101
1090 1093
1090 1095
1091 1092
1091 1093
1092 1098
1093 1094
1093 1323
1094 1095
1095 1096
1096 1097
1098 1100
1098 1323
1099 1110
1099 1121
1100 1311
1102 1229
1102 1230
1103 1104
1103 1105
1103 1106
1104 1266
1105 1107
1105 1266
1106 1283
1106 1284
1107 1108
1108 1314
1108 1315
1109 1111
1110 1337
1110 1348
1112 1113
1112 1114
1113 1117
1114 1127
1114 1138
1115 1116
1115 1137
1115 1138
1116 1129
1116 1131
1116 1140
1117 1118
1121 1132
1125 1126
1125 1127
1125 1128
1127 1136
1127 1137
1128 1136
1129 1130
1129 1142
1130 1131
1132 1297
1133 1134
1133 1135
1136 1410
1137 1410
1138 1139
1139 1140
1139 1141
1140 1141
1143 1154
1143 1166
1143 1327
1144 1145
1144 1146
1144 1147
1147 1148
1147 1149
1150 1151
1152 1153
1154 1313
1157 1158
1160 1161
1161 1162
1163 1164
1163 1168
1165 1276
1165 1387
1166 1288
1167 1168
1167 1171
1169 1170
1169 1171
1172 1173
1172 1326
1172 1356
1173 1273
1174 1175
1176 1178
1177 1188
1179 1180
1181 1182
1181 1183
1184 1185
1184 1186
1185 1187
1186 1246
1186 1265
1187 1192
1188 1277
1189 1190
1189 1191
1189 1192
1190 1255
1192 1193
1193 1253
1194 1195
1195 1196
1196 1253
1196 1258
1197 1198
1197 1200
1197 1201
1198 1202
1198 1203
1199 1210
1200 1262
1200 1304
1201 1262
1201 1350
1202 1304
1203 1252
1203 1400
1204 1206
1204 1370
1205 1396
1206 1369
1207 1208
1207 1209
1208 1369
1208 1401
1209 1401
1210 1221
1211 1213
1211 1215
1212 1213
1212 1214
1212 1215
1213 1221
1214 1216
1215 1217
1215 1218
1216 1217
1217 1375
1218 1368
1219 1220
1219 1222
1219 1223
1220 1224
1220 1225
1220 1226
1222 1358
1222 1359
1223 1371
1223 1380
1223 1390
1224 1390
1226 1227
1226 1228
1229 1333
1229 1338
1230 1296
1230 1297
1231 1233
1231 1234
1231 1235
1231 1236
1232 1243
1232 1436
1233 1450
1236 1470
1239 1476
1239 1487
1240 1242
1240 1245
1240 1387
1241 1246
1241 1277
1242 1244
1242 1245
1244 1251
1244 1256
1245 1256
1247 1248
1247 1249
1247 1250
1248 1259
1249 1257
1250 1257
1253 1255
1254 1265
1254 1277
1254 1288
1255 1258
1259 1260
1259 1261
1260 1353
1262 1263
1263 1334
1263 1350
1266 1314
1267 1300
1268 1269
1268 1319
1268 1328
1269 1328
1270 1271
1270 1272
1271 1344
1272 1344
1273 1301
1273 1303
1274 1275
1274 1278
1274 1279
1275 1324
1275 1325
1278 1324
1278 1329
1279 1291
1279 1292
1281 1282
1283 1326
1286 1287
1286 1289
1286 1290
1287 1325
1289 1297
1290 1329
1291 1307
1291 1308
1291 1309
1292 1317
1292 1341
1293 1294
1293 1295
1293 1296
1294 1330
1294 1331
1295 1330
1295 1333
1296 1307
1297 1317
1298 1300
1299 1310
1301 1302
1301 1303
1302 1309
1302 1338
1303 1357
1307 1317
1311 1323
1312 1313
1314 1339
1317 1341
1318 1319
1319 1349
1320 1334
1321 1332
1321 1365
1324 1325
1329 1341
1330 1331
1330 1333
1331 1338
1335 1355
1335 1356
1343 1354
1346 1347
1355 1356
1358 1371
1360 1361
1360 1362
1360 1363
1361 1373
1361 1394
1362 1373
1362 1374
1363 1394
1364 1366
1364 1367
1365 1376
1368 1375
1369 1370
1370 1385
1371 1377
1371 1379
1372 1380
1372 1381
1372 1390
1374 1396
1377 1378
1377 1379
1377 1380
1378 1379
1378 1395
1379 1382
1380 1384
1381 1384
1383 1397
1384 1395
1386 1389
1388 1399
1389 1397
1389 1406
1392 1398
1402 1403
1403 1404
1404 1405
1409 1411
1409 1412
1409 1413
1410 1421
1411 1441
1412 1464
1414 1415
1414 1416
1414 1417
1415 1416
1416 1442
1417 1442
1417 1450
1418 1419
1418 1420
1418 1471
1419 1425
1419 1489
1420 1425
1420 1426
1422 1423
1422 1424
1423 1462
1425 1426
1427 1463
1428 1429
1430 1431
1430 1492
1431 1496
1432 1443
1433 1452
1434 1437
1434 1438
1435 1478
1435 1479
1436 1490
1437 1438
1437 1453
1438 1469
1439 1440
1442 1447
1444 1445
1446 1447
1446 1448
1446 1449
1448 1459
1448 1460
1449 1450
1449 1459
1451 1452
1451 1453
1452 1473
1454 1465
1454 1466
1455 1456
1456 1464
1458 1459
1458 1460
1458 1461
1460 1461
1462 1463
1463 1481
1465 1468
1466 1467
1466 1468
1467 1470
1469 1475
1472 1473
1472 1474
1472 1475
1472 1477
1474 1488
1475 1484
1475 1485
1476 1487
1478 1479
1482 1483
1482 1489
1486 1488
1491 1494
1494 1495
1496 1497
