# Nodes
0 -685.1 -589
1 -680.8 -646.5
2 1177.4 88.9
3 -1001.2 -1013.7
4 -1250.7 -975.7
5 -1077.9 -1037.3
6 -1242.2 -1079.6
7 -1029.1 -1200.7
8 -879.6 -695.9
9 -678.3 -679.6
10 -977.5 -706.2
11 -872.2 -795
12 -901.3 -462
13 917.4 321.1
14 -959.7 -804.3
15 -670.6 -777.8
16 -864.8 -892.4
17 -857.4 -991.1
18 -663.3 -876.1
19 -935.3 -900
20 -903.4 -986.2
21 -706.7 -978.9
22 -850.9 -1089.7
23 -1529.8 -1105.1
24 1109.3 -53.6
25 -1255 -926.2
26 -1502.3 -928.5
27 -1291.4 -796.4
28 -811.2 -1183.8
29 -648 -1073.4
30 -1026 -472.2
31 -912.8 -331.1
32 -1028.6 -441
33 -558 -571.3
34 -425.1 -561
35 1094.2 -32.4
36 -549 -669
37 -541 -767.8
38 -416.5 -658.7
39 -256.8 -528.4
40 -675.3 -718.1
41 -533.5 -866.3
42 -655.8 -974.7
43 -516.9 -1065
44 -385.5 -1054
45 -524.6 -964.9
46 1177.8 46.9
47 -182.1 -1037.9
48 -378.6 -1136.1
49 -393.5 -954.7
50 -640.5 -1170.4
51 -752.6 -1284.7
52 -633 -1264.2
53 -625 -1366.8
54 -501.7 -1260
55 -493.7 -1358.4
56 -509.3 -1159.7
57 1195.4 72.9
58 -372.3 -1249.7
59 -362.9 -1348.6
60 -486.3 -1457.4
61 -676 -1370.9
62 -617.4 -1467.6
63 -943.8 -1488.9
64 -354.4 -1447.3
65 -150.7 -1431.4
66 -158.7 -1333.2
67 -166.3 -1233.1
68 1208 91
69 -1376.4 -1525.1
70 -1349.2 -1225.7
71 -191.2 -939.7
72 -174.6 -1112.6
73 -141.1 -858.5
74 -202.8 -862.6
75 -162.9 -638
76 -247 -644.9
77 -151.8 -736
78 -80.3 -618.9
79 1588.2 -132.8
80 -173.5 -545.7
81 -1539.3 -1244.2
82 -1541.2 -1179.9
83 -1440.7 -1443.7
84 -1460.3 -1416.6
85 -1483.5 -1376.2
86 -575.2 -303.2
87 -712.8 -239.2
88 -869.4 -327.6
89 -569.4 -402.7
90 459.5 946.3
91 -582.2 -218.2
92 -591.7 -102.8
93 -460.5 -196.8
94 -727.2 -47.6
95 -919.9 -254.5
96 -1043.2 -265.3
97 -1036.2 -341
98 -569.4 -434.3
99 -401.2 -415.8
100 -189.1 -390.5
101 187.1 959.7
102 -122.2 -189.7
103 -267.5 -394.4
104 175.4 633
105 134.2 745.5
106 286.7 579.4
107 96 878
108 218.1 882.6
109 313 670.4
110 332.4 559.5
111 307.5 709
112 564.2 1623.4
113 491.5 1045.4
114 372 528.8
115 306.7 438.5
116 -594.3 534.4
117 -663.6 563.6
118 -402.7 452.5
119 -393.4 730.6
120 -44.1 696.7
121 28.9 716.4
122 -22.9 613.9
123 -119.1 676.5
124 1150.4 661.8
125 -58.3 746
126 266.5 781.1
127 309.9 785.3
128 312.8 749.5
129 302.3 882.6
130 -1500.6 -853.1
131 -646.8 129.4
132 -492.7 132.7
133 -739.4 101.4
134 -1421.7 920.1
135 1130.9 633.8
136 -1541.6 866.6
137 -1554.2 1163.4
138 -1055.4 1090.9
139 -949.8 943.7
140 -1163.9 1042.3
141 -899.7 1152.6
142 -1510.4 -1347.1
143 -1347.2 225.3
144 -1313.4 307.1
145 -909.3 300.9
146 904.6 796.3
147 -1071.9 365.6
148 -926.8 20.3
149 -1279.8 -111
150 -830.7 108.7
151 -982.4 164
152 -1294.6 64.4
153 -1270.7 -204.8
154 -1291.3 19.8
155 -1351.3 760.9
156 -1388.5 289.5
157 -100.6 1799.5
158 -1494.1 215.9
159 -1671.5 1097.5
160 -1820.1 1395.9
161 -1406.9 1247.8
162 -1382.8 1206.9
163 -1909.5 1529.6
164 -2020.7 1699
165 -1886 1494
166 -811.9 734.1
167 -1105.2 739.2
168 -122.5 1849.3
169 -1222.9 853.7
170 -1318.1 841
171 -1307.3 974.1
172 -1356.9 837.8
173 -1321.6 880.1
174 -1395.6 834.6
175 -1360.2 877
176 -1398.4 874
177 -1359.8 1508.9
178 -1410 1579
179 -279.8 1717.5
180 -1240.2 1344.4
181 -1192.4 1609.9
182 -1507.4 1714.4
183 -167.9 1508
184 -344.6 1837.3
185 -50.8 1666.8
186 69.7 1571.3
187 -228.8 1337.4
188 -342.9 1435.3
189 -174.5 1274.1
190 -90.2 1778.3
191 -117 1401.4
192 -796.9 1177.4
193 -772.7 1185.9
194 -760.9 1063.2
195 -1111.1 1166.7
196 -1090.6 1138.8
197 -963.3 1252.2
198 82.8 1935.9
199 -156.3 1924.1
200 585.5 1350.6
201 24.6 1290
202 523.5 1243.6
203 498 1111.7
204 281.1 1161.3
205 287 1942.2
206 199.9 1904.8
207 453.6 2012.7
208 318.7 1871.1
209 257.3 2013
210 432.6 2087.8
211 441.1 1613.6
212 -51 1281
213 396.1 1555
214 353.5 1791
215 113.2 1866.9
216 48.7 2012.7
217 266.7 1752.9
218 511.1 1812.9
219 231.7 1832.1
220 -1488.2 -1245.4
221 -934.6 -78.9
222 -1452.6 -1235.5
223 452.6 1436.1
224 309.4 1401.6
225 -1489.1 -1234.4
226 -705.5 588.2
227 -379.9 515.1
228 -426.6 381.3
229 -238.8 381.8
230 -289.6 267.5
231 146.3 954.9
232 -73.1 939.4
233 -256.5 787.5
234 -329.7 844.6
235 -28 1552.3
236 -456.3 1016.7
237 -425 814
238 -199 894
239 -365.1 556.9
240 -648.7 743
241 -723.1 945.6
242 -497 792.1
243 -615.7 987.2
244 -261.7 1106.7
245 -304.9 1253.3
246 -1521.9 152.8
247 -901.3 878.3
248 -842 794.5
249 -1329.4 -497.3
250 -913.4 -59.7
251 -930.3 -130
252 1480.4 -1282.1
253 1388.8 -1473.6
254 1230.9 -1169.1
255 1623.9 -1349.1
256 1089.7 -1108.7
257 -1703.6 304.8
258 -441.3 -392.5
259 1031.9 -469.5
260 1146.3 -430.1
261 1076.7 -603.7
262 933.9 -240.7
263 1226.9 -606.6
264 1213.4 -553.1
265 394.6 511.3
266 589.4 573.5
267 104.6 126
268 -1441.3 23
269 380.2 98.2
270 252.4 278.6
271 767.3 166.4
272 902.8 301.8
273 730.8 158.7
274 733.3 319.6
275 -457.1 294.6
276 -617.6 288.6
277 -474 -94.2
278 -284.4 -17.6
279 -1462.8 167.2
280 5 498.2
281 52.7 296.3
282 1065.9 -1104.2
283 894.9 -594.8
284 929 -603.5
285 775.9 -562.3
286 904.3 -441
287 1094.6 -661.6
288 1167.9 646.9
289 801 -880.5
290 -788.2 702
291 616.3 -983.3
292 832.7 -932.6
293 764.7 -967.7
294 884.7 -999.7
295 943.1 -1053.2
296 970 -957.2
297 343.5 1572.8
298 178 1714.2
299 125.7 1649.7
300 310.1 1537.3
301 -781 608.9
302 143.4 1792.8
303 -1474.8 1668.2
304 -1370.5 942.8
305 135.9 2050.4
306 223.4 2089.3
307 333.9 1436.3
308 770.9 832.7
309 732 848.9
310 1147.7 616.6
311 984.1 438.5
312 -834.9 694.4
313 1339.1 326.5
314 1435.9 412.1
315 880.4 309.9
316 907.2 484.1
317 395.5 1341.7
318 583.2 908.4
319 -75.7 307.9
320 -4 875.9
321 -50.8 873
322 -69.6 865.4
323 -1246.6 -459.9
324 -94.4 855.4
325 -750.4 283.7
326 -758.8 336.1
327 -628.8 392.9
328 -754.6 398.6
329 -360 -189.2
330 -223.3 -93.9
331 -193.7 -135.1
332 14.2 -108.2
333 134.9 -304.2
334 545.3 1693
335 -1332.3 -467.5
336 226.6 -712.3
337 325.9 -633.3
338 322.5 -832.5
339 350.6 -808.3
340 -403.4 -394.1
341 -67 -384.1
342 -55 -434.8
343 -106.5 -441.1
344 -99.5 -523.1
345 -28 -601.4
346 -1238.9 -490.5
347 58.5 -568.9
348 -91.2 -1120.4
349 127.9 -1088.8
350 532.6 -887.9
351 474 -731.6
352 -100.9 -713.5
353 -408.6 -758.4
354 -401 -857.3
355 2.2 -863.3
356 -21.6 -875.2
357 -1262.9 -291.3
358 53.3 -900.3
359 -63.6 -696
360 -79 -903.5
361 7.8 -964.7
362 -22.6 -1426.9
363 23.6 -1324.3
364 13.9 -1347.5
365 218.1 -1377.5
366 297.5 -1430.4
367 47.3 -1275.2
368 565.6 256.9
369 120.1 -1177.8
370 81.3 -1228.6
371 352.4 -1350.9
372 399.2 -1420
373 249.4 -1202
374 417.9 -1256
375 577.6 -1652.2
376 716.1 -1570.9
377 556 -1263.7
378 827.1 -1809
379 616.9 378.1
380 437.8 -1098.2
381 366.8 -1089.7
382 731.5 -1175.4
383 652.9 -1032.1
384 883.1 -1148.6
385 682.5 -1004.2
386 980.9 -1082.1
387 1295.4 -530
388 1030.4 -1819.9
389 1244.6 -1630
390 676.8 198.7
391 1364.1 -1686.2
392 1322 -1467.5
393 1348.5 -1726.5
394 1616.8 -1605.7
395 1353.7 -1479.7
396 1408.4 -1506.1
397 1713.9 -1393.7
398 1919.4 -1537
399 1542.2 -1762.7
400 1807.8 -1696.6
401 324 227.6
402 1524.7 -1801.2
403 1833.7 -1729.5
404 511.8 -254.5
405 990.5 -424.9
406 1020.8 -147.4
407 458.1 -189.2
408 786.6 771.7
409 794.2 741.2
410 861.6 732.3
411 1041.7 637.5
412 690.2 634.6
413 1015.5 624.3
414 742.7 573.5
415 751.6 607.9
416 833.3 524.4
417 843.2 548.8
418 951 595.5
419 632.3 655.7
420 704.7 794.7
421 445.2 851.5
422 462.2 924.9
423 510.3 426.8
424 594.8 819.7
425 405.4 723.8
426 388.3 676.3
427 1346.8 294.5
428 1158.1 60.5
429 1250.9 535.3
430 1183.4 437.3
431 1134.4 474
432 1089.9 294.1
433 1066.1 382.9
434 691.6 334.8
435 1327.5 306
436 905.9 -195.5
437 1285.5 361.3
438 1455 436.9
439 1527 349.3
440 913.1 578.7
441 530.7 681.7
442 1643 -143.1
443 1680.5 -72.8
444 1635.2 88.7
445 657.1 1466.4
446 550.4 -302.5
447 1444.1 189.5
448 1709.9 248.7
449 1736.7 35.2
450 1202.6 -102.3
451 1295.9 -181.9
452 1995.7 -1414
453 1963 -1475.4
454 1953.6 -1560.3
455 85.8 185.7
456 111.1 -535.5
457 234.4 -520.4
458 -838.9 1175.7
459 -905 1287.4
460 -775.5 463
461 893 781.4
462 -1700 439.3
463 362.9 85.1
464 804.4 702.6
465 1805.3 220.2
466 161.3 -977.9
467 555.6 -618.2
468 634.6 -408.7
469 650.5 -527.4
470 649.5 887.8
471 -806.2 -120
472 -853.2 -4.3
473 112.5 -1038.8
474 -872 159.1
475 -786.1 150.1
476 -464.9 -960.2
477 -624.7 -972.3
478 271.4 346.8
479 395.3 -116.4
480 233.4 293.1
481 1868 185.7
482 951.8 -1021.9
483 -562.8 1621.6
484 829.3 617.3
485 186.7 -1111.6
486 -1672.7 1618
487 633.7 -514.8
488 1002.1 431.2
489 1073.5 520
490 274.6 40.3
491 -1765.3 1430.1
492 -330.8 1249
493 -598.7 1208.4
494 295.1 407.5
495 1002.7 -126
496 -184.6 -435.2
497 307.2 -946.1
498 -811.5 194.7
499 -746.4 181.9
500 -891.1 261.2
501 1281.2 245.9
502 -1499.1 -324.8
503 417 1453.9
504 -474.5 1041
505 -1442.3 1619
506 -5.8 259.8
507 -638 -1202.9
508 704.3 117.6
509 -484.9 1699.3
510 -23.8 1981.3
511 829.6 -267.7
512 1218.3 289.9
513 -727.8 -115
514 954 -195.7
515 931.4 -200.7
516 1041.9 -601.7
517 -112.1 -387.8
518 190.8 -536.9
519 905.7 -210.7
520 729.3 107.6
521 724.2 133
522 1286.6 -637.4
523 1255.4 -827
524 1278 -358.3
525 1426.5 457
526 1511.3 -274.9
527 1173 -134.8
528 1215.7 -979.2
529 1309.2 -995.7
530 1105 -969.4
531 1163.5 -1139
532 1252.6 -859.1
533 998.5 -1469.8
534 1117.7 -1563.7
535 947.8 -1420.8
536 1409.7 433.1
537 933.7 -1598.2
538 -698 -413.4
539 -706.6 -314.3
540 -904.8 -430.6
541 -695.5 -444.8
542 166 -1082.5
543 222.5 -1025.6
544 444.2 -782.7
545 418.7 -749
546 382.8 -840.3
547 1306.2 543.2
548 732.5 -333
549 -1305.1 206
550 -1332.3 199.5
551 -1307.5 235.2
552 -1297.9 107
553 -1023.3 273.5
554 1553 -200.2
555 1347.4 -92.8
556 1446.1 -401.1
557 1557.8 -460.3
558 1189.6 106.3
559 1297.9 -428.2
560 1616 -349.5
561 1656.5 -262.5
562 -1477.3 -680.7
563 -1199.1 -626.3
564 -1513.9 -498.7
565 -1160.2 -757.2
566 -994.3 -606.8
567 -888.3 -597.9
568 -1104.6 -947.3

# Edges
0 1
0 33
0 541
0 567
1 9
2 57
2 272
2 428
2 558
3 5
3 20
3 568
4 6
4 25
4 568
5 6
5 7
5 568
6 23
7 28
7 63
7 70
8 9
8 10
8 11
8 567
9 36
9 40
10 14
10 565
11 14
11 15
11 16
12 30
12 540
12 541
12 567
13 272
13 315
13 488
13 558
14 19
15 18
15 37
15 40
16 17
16 18
16 19
17 20
17 21
17 22
18 41
18 42
19 20
21 42
22 28
22 29
23 26
23 82
24 35
24 46
24 406
24 524
24 527
25 26
25 27
26 130
27 130
27 565
28 50
28 51
29 42
29 43
29 50
30 32
30 346
31 88
31 95
31 540
32 97
32 323
32 540
33 34
33 36
33 98
34 38
34 39
35 428
35 495
36 37
36 38
37 41
38 76
38 353
39 76
39 103
41 45
42 477
43 44
43 45
43 56
44 47
44 48
44 49
45 476
45 477
46 57
46 428
47 71
47 72
48 56
48 72
48 348
49 71
49 354
49 476
50 56
50 507
51 52
51 61
52 53
52 54
52 507
53 55
53 61
53 62
54 55
54 56
54 58
55 59
55 60
57 68
57 79
58 59
58 67
59 64
59 66
60 62
60 64
62 63
63 69
64 65
65 66
65 362
66 67
66 363
67 348
68 427
68 442
68 558
69 83
70 220
70 222
70 225
71 73
71 74
72 349
73 74
73 77
73 360
74 354
75 76
75 77
75 78
75 80
77 352
77 353
78 344
78 345
78 359
79 554
80 344
80 496
81 82
81 142
81 220
81 225
83 84
84 85
84 142
85 142
86 89
86 91
86 539
87 91
87 94
87 95
87 513
87 539
88 539
89 98
89 258
89 538
90 101
90 113
90 318
91 92
91 93
92 131
92 277
93 258
93 277
93 329
94 133
94 472
94 513
95 96
95 251
96 97
96 357
98 99
98 541
99 103
99 340
100 102
100 103
100 333
100 496
100 517
101 108
101 201
101 231
101 422
102 331
102 332
103 340
104 105
104 106
104 121
105 107
105 121
105 126
106 110
107 108
107 320
108 126
108 129
109 110
109 111
110 114
110 115
111 126
111 128
111 426
112 223
112 334
112 445
113 203
113 204
114 265
115 122
115 494
116 117
116 118
116 119
117 226
117 301
118 227
118 228
118 229
119 226
119 233
119 237
120 121
120 122
120 123
120 125
121 320
122 280
123 239
124 135
124 146
124 288
125 321
125 324
126 127
127 128
127 129
128 425
129 421
130 562
131 132
131 133
132 275
132 277
132 278
133 472
133 499
134 136
134 137
134 304
135 310
135 311
135 461
136 159
137 159
137 161
138 139
138 140
138 141
138 196
139 194
139 247
140 171
141 197
141 458
143 156
143 550
143 551
144 147
144 155
144 156
144 551
145 326
145 500
145 553
146 308
147 553
148 149
148 150
148 151
149 153
149 154
150 474
150 475
151 552
151 553
152 154
152 279
152 552
153 221
153 357
154 268
155 170
155 172
155 174
156 158
157 168
157 179
157 190
158 279
158 462
159 160
160 165
160 491
161 162
163 164
163 165
165 486
166 248
166 290
166 312
167 169
167 312
168 198
168 199
169 170
169 171
170 172
170 173
171 304
172 174
172 175
173 175
174 176
175 176
175 304
177 178
177 180
177 181
178 505
179 183
179 184
180 195
181 182
182 303
182 486
183 188
183 191
183 235
184 199
184 509
185 190
185 235
186 224
186 235
186 299
187 188
187 189
187 191
188 483
189 212
189 232
189 245
190 215
191 212
192 193
192 194
192 458
193 458
193 493
194 241
194 243
195 196
195 197
197 459
198 215
198 216
199 510
200 202
200 223
200 445
201 212
201 224
201 235
202 203
202 317
204 317
205 206
205 207
205 208
205 209
206 215
206 219
206 305
207 210
207 218
208 214
208 219
209 210
209 306
211 213
211 214
211 334
213 297
213 503
214 217
214 218
215 302
216 305
216 510
217 297
217 298
218 334
219 302
220 222
221 250
221 251
222 225
223 317
223 503
224 307
224 317
226 301
227 239
228 275
228 327
229 230
229 280
229 319
230 275
231 232
232 238
232 322
233 234
233 324
234 236
234 237
234 238
236 244
237 242
238 244
240 241
240 242
240 290
241 243
241 247
242 243
243 504
244 245
245 492
246 257
246 268
246 279
247 248
248 290
249 335
249 346
250 471
250 472
251 471
252 253
252 254
252 255
253 395
253 396
254 529
254 531
255 397
256 282
256 531
257 462
258 340
259 260
259 261
259 262
260 264
260 406
260 524
261 263
261 284
261 287
261 516
261 522
262 514
262 519
263 264
263 522
264 387
265 423
266 419
266 423
266 426
267 455
267 490
269 401
269 463
270 401
270 478
270 480
271 272
271 521
272 315
273 315
273 390
273 479
274 315
274 390
274 416
274 434
275 276
276 325
276 327
277 278
278 330
279 550
280 281
281 319
281 480
282 386
282 530
283 284
283 285
283 286
283 287
284 516
285 286
285 469
286 405
286 511
288 310
288 547
289 291
289 292
290 301
290 312
291 350
291 383
292 293
292 294
293 385
294 295
294 296
295 386
295 482
296 482
296 530
297 300
298 299
298 302
299 300
300 307
301 328
301 460
303 505
305 306
307 503
308 309
308 408
308 461
309 420
309 422
309 470
310 429
310 489
311 315
311 316
313 435
313 437
313 536
314 427
314 438
314 439
314 536
316 416
316 418
318 470
319 506
320 321
321 322
322 324
323 335
323 346
323 357
325 326
325 499
326 328
326 460
326 499
327 328
329 330
329 331
330 331
332 333
333 341
333 479
336 337
336 338
337 457
337 545
338 339
339 545
339 546
341 342
341 517
342 343
342 345
343 344
343 517
345 347
347 456
348 349
349 369
349 542
349 543
350 497
350 544
351 467
351 544
352 356
352 359
353 354
355 356
355 358
355 359
356 360
357 502
358 361
358 466
360 361
361 473
362 364
363 364
363 367
365 366
365 367
365 369
366 371
367 370
368 379
368 390
368 401
369 370
371 372
371 373
371 374
372 375
372 377
373 374
373 485
374 380
375 376
376 377
377 382
378 537
379 412
379 423
379 434
380 381
380 383
382 383
382 384
382 535
383 385
384 386
387 522
387 524
387 559
388 537
389 391
389 392
389 534
391 393
391 394
391 399
392 395
392 534
393 402
394 397
394 399
394 400
395 396
397 398
398 400
398 453
398 454
399 400
399 402
402 403
403 454
404 407
404 446
405 516
406 514
407 479
408 409
408 410
408 412
409 415
409 464
410 411
410 461
411 413
412 415
412 419
413 418
414 415
414 416
414 434
416 417
417 440
417 484
418 440
419 420
419 441
420 424
421 422
421 424
421 425
423 494
424 441
425 426
425 441
427 515
429 430
429 536
430 431
430 432
430 437
431 433
431 489
432 433
433 488
435 436
435 501
436 495
436 548
437 512
438 465
438 525
439 447
439 448
440 484
442 443
443 449
444 447
444 448
444 449
446 457
446 468
446 548
448 481
450 451
450 527
450 555
451 555
452 453
453 454
455 506
456 518
457 518
458 459
463 490
464 484
466 473
466 543
467 469
467 487
468 469
468 487
468 548
469 487
471 513
474 498
475 498
475 499
478 480
478 494
479 490
479 508
483 509
485 542
488 489
492 493
493 504
497 543
497 544
498 500
501 512
501 558
502 564
508 520
508 521
511 519
511 548
514 515
515 519
520 521
522 523
523 532
524 526
524 527
524 559
525 536
525 547
526 554
526 556
528 529
528 530
528 531
528 532
531 533
533 534
533 535
533 537
538 539
538 540
538 541
542 543
543 546
544 545
544 546
549 550
549 551
549 552
549 553
554 555
556 557
556 559
557 560
560 561
562 563
562 564
563 565
563 566
565 568
566 567
