# Nodes
0 412 -1059.6
1 320.1 -758
2 791.2 216.2
3 -403.4 390.2
4 -1126.2 -4.9
5 -1122 -31.8
6 -1156.9 15.1
7 -1107.5 -82.9
8 -1000.1 23.3
9 -990.8 -27
10 -781.1 98.9
11 -118.4 -263.3
12 1080.2 620.3
13 707.2 322.4
14 -332.5 -101.8
15 -739.2 195.6
16 -203.4 184.7
17 -9.5 89.4
18 -456 243.6
19 -534.7 265.5
20 -597.6 244.5
21 759.8 -227.1
22 722.9 -184.2
23 775 -185.1
24 829.2 274.6
25 689.3 -141.1
26 711.5 -17.2
27 -156.1 303.6
28 -177.5 394.2
29 32.5 88.2
30 -172.5 359.9
31 -13.5 20.3
32 738 26.9
33 -1083.1 -59.6
34 -367.8 742.6
35 480.1 -764.7
36 12 1.7
37 33.2 -409.2
38 209.7 -257.3
39 283.4 -195.4
40 184.3 -279.3
41 293.5 -279.3
42 186.7 -99.9
43 762.8 -79.7
44 730.5 -5.5
45 -47.6 -324.1
46 407.7 -680.5
47 -99.6 -228.5
48 137 -30.1
49 -418.4 72.8
50 574.5 -1203
51 115.2 -48.8
52 -706.2 76.5
53 -699.2 38.4
54 -775.3 134
55 -787.5 62.9
56 -647.9 167.4
57 403.8 -829.5
58 -737.8 128.8
59 -701.4 120.4
60 -805.3 177.2
61 -752.4 145.9
62 -474.5 43.2
63 -737.5 55.7
64 906.2 651.3
65 889 610.3
66 885.3 510.1
67 1036.8 633.9
68 539.7 178.4
69 867.2 668.1
70 -41.7 -447.2
71 4.6 -392.6
72 690.1 7.3
73 714.6 27.6
74 356.3 -282.7
75 218.4 -779.7
76 645.8 -619.3
77 573.4 -536
78 335.6 -597.2
79 262.8 -512.5
80 462.2 -486.7
81 37.3 -256.1
82 -36.4 -181.6
83 -16.2 -367.3
84 206.2 -114.4
85 -597.6 205
86 470 260
87 -632.1 194.9
88 -106.1 -92.7
89 -82.9 -71.7
90 -182.5 -6.5
91 234.2 199.9
92 -856.8 168.3
93 -928.2 167.4
94 -1144.7 29.9
95 -449.9 802.3
96 -398.6 769.4
97 301.8 113.9
98 -423.1 777
99 -474.1 805.4
100 870.5 610.9
101 868.5 645
102 633.6 402.4
103 888.3 480.6
104 906.9 505.7
105 998.7 543.9
106 951.6 572.5
107 999.8 643.3
108 459.5 286
109 -570.3 632.9
110 -618.8 627.4
111 -416.2 727.8
112 -318.1 409.3
113 -251.2 72.7
114 -306.9 123.6
115 -389.4 -46.8
116 -207.4 -191
117 -162 -225.2
118 -135.6 -118
119 448.7 -54.9
120 118.8 -636.2
121 338.4 -741.4
122 117.2 -490.9
123 741.3 -390.3
124 727.3 -255
125 188 -429.4
126 502.7 -451.1
127 668.5 -306.6
128 596.9 -221.8
129 373.2 32.7
130 523.7 -136.8
131 -771.1 180.8
132 165.9 -671.9
133 397.9 -1013.7
134 -65.2 -395.7
135 -139.4 -287.7
136 -13.4 -418.8
137 -835.1 19.5
138 -674.6 47.6
139 -873.2 11.8
140 -787.1 42.9
141 616.1 91.3
142 -534.3 45.8
143 -949.9 -23.2
144 -284.2 -189.2
145 -419.9 -51.5
146 -452.2 22.9
147 -306 -149.8
148 396 -951.7
149 417.9 -1009.9
150 -348.7 141.1
151 -478.1 172.9
152 780.5 238.7
153 -610.1 165
154 -217.4 104.7
155 -276.3 116
156 944.6 652.4
157 -292.7 130.7
158 -141.1 116.9
159 -51.1 54.6
160 57.8 50.4
161 -172 271.4
162 -239 342.1

# Edges
0 1
0 75
1 121
1 148
2 24
2 32
2 152
3 110
3 162
4 5
4 94
5 6
5 33
6 7
7 33
8 9
8 10
8 94
9 33
9 139
10 54
10 55
11 45
11 47
11 117
11 136
12 67
13 68
13 102
13 103
13 152
14 115
14 116
14 147
15 87
15 131
16 17
16 18
17 31
17 42
18 19
19 20
21 22
21 23
21 124
22 25
23 43
24 103
24 152
25 43
25 128
26 43
26 44
26 72
27 28
27 29
27 30
29 160
31 36
31 51
31 89
31 158
31 159
32 44
32 73
34 96
34 111
35 46
35 57
35 76
36 51
36 89
37 40
37 70
37 71
37 83
37 122
38 39
38 40
38 41
39 41
39 42
40 41
42 83
43 44
45 81
45 83
46 77
46 78
46 121
47 82
48 51
48 97
48 160
49 62
49 146
49 150
50 149
51 82
52 53
52 58
52 59
52 62
52 63
54 61
54 131
55 140
56 59
56 87
57 120
57 121
57 133
57 148
58 59
58 61
58 131
60 92
60 131
61 131
62 146
63 140
64 65
64 100
65 66
65 106
66 103
66 104
67 107
68 86
68 129
68 141
69 101
70 71
71 83
72 73
72 130
72 141
73 152
74 125
74 130
75 120
75 122
76 77
76 123
77 123
77 126
78 79
78 80
79 125
79 128
80 126
81 82
81 83
81 84
81 125
82 88
82 145
84 129
85 87
85 151
86 97
86 102
86 108
87 131
87 150
87 153
88 89
88 90
88 118
89 160
90 113
91 97
91 160
92 93
92 94
95 96
95 99
96 98
96 111
97 129
98 99
98 111
100 101
100 102
100 103
103 104
104 106
105 106
106 107
107 156
109 110
109 111
109 112
112 161
113 114
113 115
113 155
114 150
114 155
115 142
115 144
115 146
115 147
116 117
116 118
118 134
119 129
119 130
119 141
120 134
121 122
121 132
122 125
122 135
123 124
123 127
124 127
126 127
127 128
128 130
132 133
132 136
134 144
135 136
135 147
137 138
137 139
137 140
138 142
138 145
139 143
141 152
142 146
144 145
148 149
150 151
150 157
151 153
154 155
154 157
154 158
155 157
158 159
158 161
159 160
161 162
