# Nodes
0 -358.3 -1143.3
1 -1098 -1890.1
2 0.2 -1548
3 857.3 -1595.7
4 -1204.8 -950.7
5 -1016.2 -1200.1
6 -1061.6 -1054.3
7 -1266.2 -1962.2
8 -1149.9 -1907.3
9 -1331.9 -1907.6
10 -1382.2 -1864.7
11 -1181 -1826.9
12 -1373.6 -1758.9
13 1084 -4828
14 825.2 -1694.4
15 911.6 -4729.2
16 884.8 -4950
17 569.2 -4427
18 826.8 -4720
19 -1123.7 -1870.6
20 -1080.3 -1728.5
21 -1376.1 -2167.2
22 -1011.1 -1964.8
23 -1102.4 -2094.4
24 -1056 -2035.9
25 978.2 -1634.1
26 -1256.4 1076.1
27 -60 -928.2
28 -225.1 -895.5
29 -131.8 -759.1
30 -43.8 -621.3
31 -100 -773.9
32 -21.6 -819.5
33 636.4 -1412.7
34 625 -1465.5
35 -302 -502.9
36 910.8 -1425.6
37 621.9 -1334.3
38 582 -1585.5
39 566.9 -1341.9
40 534.4 -1174
41 521.4 -1099.5
42 505.5 -1015.5
43 528.4 -998
44 406.8 -1078.4
45 218.5 -1083.8
46 476.3 -965
47 1034.6 -1454.2
48 478.5 -1007.1
49 554.3 -993.5
50 522.5 -963.3
51 494.9 -954.3
52 476.2 -853.9
53 571.1 -1066.3
54 547.9 -958.7
55 41.6 -647.2
56 127.1 -683.9
57 -18.5 -616.9
58 1319.9 -1360.2
59 -1223.4 -2696.9
60 1409 -6750
61 1234.5 -6723.3
62 1664.6 -6804.5
63 2276 -6901.9
64 2266.7 -6624.6
65 2495.3 -6606.2
66 2698.7 -6524.4
67 2565.3 -6744.8
68 682.1 -1447
69 1232.4 -1366.9
70 841.7 -1433.5
71 650.7 -1487.5
72 1055.8 -1385.6
73 1089.2 -1293
74 531.6 -866.1
75 1224.7 -1273.2
76 1315.9 -1282.2
77 1429.4 -1245.3
78 1032.9 -2002
79 1333.2 -1575.8
80 1392.4 -1430.3
81 1450.3 -1477.6
82 1379 -1629.7
83 1446.8 -1691.8
84 1507.6 -1543.4
85 1565 -1521.9
86 1706 -1516
87 1729.5 -1464.1
88 1790.1 -1461.4
89 1893.5 -1431.9
90 1875.2 -1409.7
91 1395.8 -1488
92 1963.9 -1427.3
93 1516.9 -1219.4
94 1349.1 -1118.8
95 1628.8 -1191.2
96 1453.1 -1081.8
97 1754.2 -1237.6
98 1641.3 -1368.5
99 1623.6 -1109.9
100 1843.4 -1273
101 1784.5 -1166.2
102 1945.9 -1240.5
103 1876.6 -1197.9
104 1893.6 -1358.1
105 2000.8 -1335.5
106 2106.4 -1377.5
107 2028.1 -1273.7
108 2159.1 -1396.7
109 2202.4 -1412.6
110 2298.2 -1406.6
111 2169.7 -1431.1
112 1435.8 -1061.9
113 -208.4 -2190.5
114 1918.3 -1302.6
115 1585.7 -1100.9
116 1621.4 -1079.1
117 1707 -1139.1
118 1816.3 -1094
119 1960.2 -1202.1
120 1905.8 -1131.9
121 2057 -1205.9
122 1784.8 -1415.6
123 1854.1 -1002.1
124 1740.7 -1060.9
125 1528.7 -1436.3
126 1792.8 -947.9
127 1890.1 -1613.3
128 1977.3 -1739
129 1954.1 -1571.6
130 2027 -1524.4
131 2099.6 -1477.4
132 2064.5 -1578.1
133 2137.1 -1524.2
134 2237.3 -1544.6
135 1880.3 -1455.4
136 1531.1 -1473.3
137 2037.4 -1692.9
138 2152 -1733.6
139 2108.2 -1640.2
140 1976.5 -1389.5
141 1988.6 -1469.3
142 2133.8 -1315.3
143 2199.9 -1326.3
144 2194.2 -1577
145 2166.7 -1597.6
146 1916.2 -1516.6
147 1555.3 -1381.9
148 1993.9 -1629.7
149 1702.3 -983.9
150 1605.5 -978.8
151 1683.7 -944.1
152 2466.5 -1658.6
153 2398.2 -1542.3
154 1163.4 -2139.3
155 2244.1 -2405.9
156 2315.4 -2420
157 2136.3 -2372.2
158 1508 -1376.6
159 1954.5 -2316.8
160 1763 -2186.3
161 1787.8 -2132.1
162 1772.2 -2228
163 1825.3 -2014.3
164 1845.1 -1943.2
165 2289.3 -1873.3
166 2317.3 -1785.1
167 2374.9 -1899.7
168 2124.3 -1822
169 1527.6 -1216.7
170 2361.5 -1642.9
171 2189.3 -1616.1
172 2402 -1811.1
173 2338.9 -1715.1
174 2526.7 -1846.6
175 2423.8 -1741.5
176 2495.6 -1933.8
177 2446 -1669.6
178 1148.8 -6425.4
179 1240.3 -6408.1
180 1726.4 -1418.4
181 1306.8 -6394.3
182 -619.1 -1927.2
183 -607.5 -1910.3
184 2744.7 -7006
185 2738.6 -6807.7
186 2686.5 -6991.2
187 55.4 -2420.5
188 -288.5 -2665.3
189 99.4 -2415.3
190 436.8 -2069.8
191 1695.4 -1371.9
192 2964.7 -7051.2
193 -748.3 -2770
194 -956.1 -2956.5
195 -553.5 -234.8
196 -431.8 -168
197 893.7 -4718.6
198 876.6 -4762.7
199 872.7 -4706.1
200 -1549.7 -1635.6
201 -1289.3 -2633.5
202 1189.7 -1370.2
203 -1300.4 -2560.1
204 -1265 -2757.2
205 -1321.5 -2469.1
206 -178.8 231.5
207 -241.4 402.5
208 -992.2 -1615.8
209 -963.4 -1560.4
210 -1138.4 1226.6
211 -1149 1268.5
212 976.1 2073.7
213 1154.5 -1361.8
214 945.3 1847.1
215 883.6 2378.7
216 978 2115.8
217 1003 2112.5
218 1045.4 2085.2
219 901.6 2286.5
220 948.1 2320.5
221 914.4 2323.7
222 967.2 2333.7
223 -364.8 543
224 -279.2 -2274.6
225 1155 -1478.8
226 -330.3 571.3
227 -154.7 732.5
228 -180.7 708.8
229 -129.3 755
230 -148.5 761.8
231 -40.5 836.3
232 1125.3 4071
233 -383.4 4463.1
234 -1023.1 2902.8
235 -786 2882.2
236 1239.3 -1472.9
237 -606.7 2984.1
238 -530.3 2578.5
239 816.6 2338.9
240 -48.7 1681.3
241 -296.3 1990.3
242 -323.2 2030.2
243 -195.3 1909.7
244 -245.7 2145
245 -89.2 1864.4
246 -159.5 1888.5
247 1120.5 -1589.2
248 -201.8 1830.3
249 -257.7 1838.8
250 -351.7 1992.1
251 -413 1987.5
252 -451.1 1970.5
253 -366.6 2174.2
254 -184.7 1655.5
255 -284.3 1791.9
256 -412.6 1835.4
257 -472.6 1858.1
258 -929.9 -2191.5
259 -494.1 1864.6
260 -499 1722.9
261 -687.6 1771.5
262 -688.4 1917.7
263 557.8 -1782.6
264 1839.8 5159.5
265 1735.8 4826.6
266 1847.3 5185
267 1959.2 5412.5
268 1133.6 -2236.9
269 -933.7 -2213.3
270 -989.2 -14.3
271 -597.2 -193.1
272 -572.5 -272.5
273 -562.8 -115.5
274 -621.8 -251.8
275 -604.1 -346.5
276 -653.5 -324.9
277 -537.3 -53.9
278 -504.3 -140
279 -693 301.5
280 -723.5 -2129.8
281 -713.5 4554.1
282 -640.9 4550.6
283 -109.7 -3029.9
284 -139.3 -3057.8
285 -133.5 445.4
286 -155.9 374.5
287 -49.2 1112.5
288 -16.9 1214.5
289 -75 1048.9
290 -3075.6 3750.2
291 -684.9 -2100.4
292 -3008.1 3633
293 -2860.3 3935.3
294 2610.1 -6911.4
295 2594.2 -6838.6
296 1782.2 -1990.7
297 2825.7 5070.3
298 2793.5 5184.9
299 2055.7 5567.8
300 2036.8 5541.4
301 2413.7 5400.8
302 -649.4 -2148.9
303 -430.3 1263
304 -555.4 1176.9
305 -2690.8 4158.3
306 -2714.4 4135.7
307 2591.4 5367.9
308 2621.6 -6726.2
309 2640 -6692.3
310 -985.6 1558.7
311 -904.4 1857.7
312 -900.5 1779.6
313 443.1 -3842
314 -921.5 1948.4
315 -927.6 2000.1
316 -751.1 2029.9
317 -935.6 2066.9
318 -939 1642.9
319 500 -1839.6
320 496.5 -1862.6
321 -1512.7 1472.6
322 921.1 -4939.3
323 -2424 4132.4
324 420.5 -3810
325 -674.1 2487.9
326 -510.7 2474.6
327 -567.4 2446.9
328 -476.6 2293.2
329 -705.3 2042.8
330 -835.5 2112.5
331 -2191.6 3846.2
332 -2004.5 3620.5
333 -1299.9 2917.8
334 -1214.9 2819.3
335 -316.7 -2167.7
336 216.4 -3508.4
337 -1208.5 2725.5
338 -918.3 1922.5
339 -1008 1909
340 -1484.1 1802
341 -1414.1 1823.7
342 -1369.8 1828.2
343 -1326.5 1650.4
344 -1429.6 1951.2
345 -1265.2 1838.4
346 -1345.5 1898.2
347 299.8 -3365.8
348 -1170.3 1854.8
349 -1078.9 1885.3
350 -1175.4 1715.5
351 -1542.5 1583.1
352 -1436.6 1616.2
353 -1204.6 1680.6
354 -995.3 1856.1
355 -1469.7 2053.7
356 -1328.7 1958.7
357 -1299.8 2050.7
358 178.7 -3463
359 -1511.1 2054.6
360 -1313.4 2145.5
361 -1120.4 2044.4
362 -1187.8 1951.5
363 -1180 1908.7
364 -1330.5 2208.8
365 -1341.6 2250.1
366 -1411 2510.5
367 -1232.5 2253.1
368 -1340.4 2544.7
369 -68.1 -3162.3
370 -990 1806.8
371 -1132.1 2072.7
372 -955 1661.5
373 -961.5 1601
374 -1970.7 2830.1
375 -2033.7 2793.7
376 -1837.5 3138
377 -1942.6 3188.3
378 -2227.7 3290.7
379 -2054.2 3225.1
380 6.3 -3274.4
381 -2184.2 3393.9
382 -1615.1 2666
383 -1511.9 2607.5
384 -1478.3 2762.7
385 -1530.8 2548.8
386 2645.3 -6827.8
387 2695.9 -6551.8
388 2689.9 -6818.1
389 -2011.1 3352.2
390 -2066.3 3508.6
391 1807.4 -1667
392 -2050.9 3462
393 -1555.2 3091.7
394 -2115.2 3484.6
395 -2256.8 3525.9
396 -1703.6 3256.5
397 -2224.2 3624.3
398 -2361.6 3548
399 -2385.9 3442.7
400 -2291.8 3419.7
401 -2405.4 3723.2
402 1651.3 -1525.3
403 -2423.1 3852.6
404 -2329.4 3721.7
405 -2025.8 3604.9
406 -2343.7 3629.2
407 -3077.3 3611
408 -2976.6 3643
409 -1913.1 3328.9
410 -1899.5 3388
411 -1781.9 3297.4
412 -539.6 1512.6
413 1545.3 -1713.5
414 -507.5 1683.4
415 -627.3 1561
416 -742.8 1798.3
417 -812.9 1693.6
418 -766.7 1607.9
419 -806.7 1605.7
420 -880.8 1596
421 -863.8 1415.6
422 -964 1529.3
423 -243.8 1381.7
424 1577.7 -2237.1
425 -263.4 1397.7
426 -187.4 1416
427 -1403.8 3100.6
428 -1415.5 2914.7
429 -1310.6 3107.2
430 -1405.7 3315.8
431 -834.7 -2723.3
432 2906.9 5129.6
433 3007.7 5410.8
434 3097.5 5595.7
435 1646.5 -2245.6
436 3014.1 5600.4
437 2889.8 5708.9
438 2875.9 5671.4
439 2995.3 5618
440 1809.6 4054.3
441 1652.7 4466.3
442 1401.8 4396.4
443 1251.1 4358.9
444 1263.3 4408.6
445 1299.5 4299.3
446 -348.2 -2348.4
447 1429.2 -2220.3
448 1527.5 4434.2
449 -1118.7 4623.1
450 2728.6 5303.5
451 2532.8 4747.9
452 2673.4 4532.4
453 2152.9 4760.7
454 2166.7 4403
455 2286.2 4303.3
456 2254.7 4265.9
457 2235.4 4347.4
458 1441.5 -2154.6
459 2128 4115.7
460 -1286.8 3342.8
461 -1406 3350.1
462 -1276.4 3407.7
463 -1530.4 3418.8
464 -84.6 1170.2
465 -1287.9 2755
466 -1371.3 2646.8
467 -1302.4 2955.3
468 -1520.9 3336.9
469 -316.9 -1643.4
470 -1248.5 2715
471 -1640.3 2656.5
472 -1598.8 2842.3
473 -1446.8 2641.9
474 -1321.2 2604.2
475 -1246.9 2506.4
476 -1480.5 2506.3
477 -1158.6 2599.2
478 -1278.7 2406.5
479 -1277.4 2350.9
480 -210.1 -1403.2
481 -1121.7 2262.8
482 -1103.8 2253.6
483 -811.5 2437.9
484 -751.6 2458.9
485 -791.8 2373.3
486 -944.2 2413.2
487 -983.1 2402.9
488 -1069.2 2346.9
489 -998.3 2317
490 -1171.8 2139.3
491 -496.9 -1762.4
492 -951.7 2201.3
493 -960 2270.4
494 -844.4 2253.9
495 -920.5 2315.3
496 -762.4 2286.5
497 -696.9 2360.8
498 -2239.7 4136.8
499 -2156.7 4325.6
500 -2445.9 4151.9
501 -2409.7 4154.4
502 42.8 -1404.3
503 -2324.9 4228.7
504 -2321.6 4189
505 -2026.4 4415.2
506 -2318.2 4148.1
507 -2279.4 4145.4
508 -2367.5 4283.4
509 -2424.9 4325.2
510 -2290.8 4417.9
511 -2519.9 4193.6
512 -110.2 1468.5
513 -32.1 -1426.9
514 -101.5 1431.4
515 1410.9 3345.1
516 -113.5 920.6
517 -2470.4 4154.8
518 -2439.3 4128.7
519 -2465.9 4113.5
520 -1335.1 -821.7
521 458.9 -2059.4
522 1505.9 4062.4
523 845.6 2275
524 104.5 -1407.3
525 1024.8 2600.6
526 -71.5 -1592.4
527 -1303.6 2774
528 -1765.1 3323
529 61.3 1111.2
530 1055.7 -2213.4
531 -965.2 2370.4
532 -2836.9 3919.2
533 -2672.4 4113.8
534 -2562.4 4108
535 31.5 -1320
536 -1184 3110.3
537 1912 -1800.7
538 886.1 2421.8
539 955.9 2513.7
540 529.2 -3979.9
541 -2119.2 3749.6
542 529.4 -1769
543 513.7 -1809.2
544 259.6 -2299.1
545 544.8 -1772.7
546 44.3 -1199.7
547 639.5 -1460.9
548 586.4 -1668.5
549 -87.7 4521.8
550 -122.5 4343.7
551 -91.9 4549.3
552 -2161.5 4396.8
553 -2142.3 4403.2
554 -2191.5 4395.9
555 -142.1 3683.4
556 539.5 -1708.9
557 -384.6 -2390.2
558 -159.9 -1328.7
559 565.7 -1635.4
560 -244.6 811.1
561 -183.9 936.3
562 -273.6 752.7
563 -202.5 688.2
564 2389.4 4207.6
565 1531.6 3440.9
566 871.8 4037
567 -892.4 -729.8
568 650 -1412.5
569 -448.6 -1247.3
570 645.9 -1341.6
571 588 -1072.3
572 2634.3 -6966.9
573 1254.8 -4942.4
574 1174.6 -4809.6
575 3005 5085.4
576 2953.3 5093.1
577 44.1 -969.1
578 105.1 -994.5
579 1093.7 4066.3
580 -699.7 -1048.1
581 987.7 4052.3
582 -1567.1 4107.9
583 1498.4 4108.2
584 -1818.3 3170.5
585 -229.1 -2221.4
586 -213.8 -2255.4
587 12.5 1315.4
588 -633 -353.8
589 339.7 -2238.7
590 -625.1 -349.6
591 -248.7 -1526.2
592 -699 -317.8
593 230.4 -2313.7
594 197 -2342
595 -5.7 -2497
596 607.1 -1250.6
597 -691.9 -328.2
598 558.1 -895.2
599 -1200 -2540
600 2807.1 5170.2
601 2705.4 5305.2
602 -775.7 -1065.9
603 693.6 -4240.6
604 828.8 -4650
605 915.2 -5117.5
606 1052.7 -2004.3
607 159.1 -883.2
608 170.9 -835.7
609 243 -1021.2
610 3030.2 5162.4
611 3114.1 5382.4
612 3145.6 5446.5
613 -779.8 -1036.8
614 -962.6 -519.9
615 449 -3881.4
616 634.2 -4139.8
617 482.7 -3931.1
618 -1348.2 -2279.5
619 -73.6 -2031.6
620 -159.8 -2133.3
621 -1578.1 -1234.8
622 -1348.7 -2345
623 -1204.9 2994.2
624 -273.5 -1696.7
625 639.7 -1307.7
626 1399.3 -6716.7
627 310.8 -1998.7
628 21.5 -1910.5
629 78.8 -1927.4
630 1520.1 2424.1
631 -1303.2 -2332.1
632 932 4044.9
633 15.3 -2473.4
634 -40.6 -2511.4
635 -1315.1 3620
636 294.9 -2290.1
637 85.5 1060.1
638 1004.8 2579.4
639 1033.4 2583.8
640 -1589 -1345.3
641 632.7 -1243.9
642 -17.3 -1965
643 2686.9 -6495.3
644 -667.7 1180.1
645 -1515.3 2190
646 -1287.2 3645.1
647 -402.9 3872.7
648 536.7 -899.5
649 1032 2659.5
650 -439.4 3866.8
651 -1311.4 -2573
652 94.9 1273.8
653 -1391.3 3853.3
654 -541.4 -2461.3
655 -1287.6 3584.1
656 -1179.8 3408
657 -1259.9 3599.8
658 -235.1 56.6
659 -225.9 82
660 -330.5 112.7
661 -626.3 184.7
662 -745.2 -37.6
663 -462.2 463.3
664 -524.1 457.2
665 -508.1 -2499.9
666 -488.1 434.6
667 -39.4 1341.5
668 -51.1 1268.5
669 -152.1 1560.3
670 -138.8 1514.8
671 -344.8 1967.9
672 -602.9 224.5
673 -1020.4 2422.3
674 -960.5 2346.3
675 -964 2306.3
676 -480.7 -2550.7
677 -810.5 2225.7
678 -749.8 2253.9
679 -947.7 2168.4
680 -537.7 2318.8
681 -518.6 2312
682 -680.8 2272.1
683 -619.8 2412.8
684 -431.2 2277.2
685 -393.5 2190.5
686 -450.2 2349.1
687 -480.7 -2509.7
688 -461.9 3030.4
689 -229.1 3539.6
690 -517.6 3012.5
691 -292.2 3654
692 -469.5 3846
693 -465.9 3729.4
694 2488.8 -1956.6
695 2452.9 -1926.6
696 1950.6 -1760.9
697 1886.9 -1802.7
698 -1187.4 -2030.6
699 -508.5 -2568.6
700 1881.9 -1829.9
701 461.6 -1583
702 502.2 -1451.7
703 152.8 -1485.3
704 365.2 -1893.3
705 333.9 -1991.5
706 -489.2 -838.3
707 -507.2 -891.1
708 -438.9 -866.4
709 -445.2 -713.4
710 -474.8 -2596.4
711 -480.6 -692.9
712 -407 -735.5
713 -409.7 -613.5
714 -949 -1378.9
715 -932 -1412.3
716 -940.4 -1495.5
717 -882.7 -1386.8
718 -888.3 -1291.4
719 -1035.2 -1298.3
720 -1086.7 -1322.8
721 151 -3412.8
722 -1017.6 -1392.3
723 -1502.5 -1259.3
724 -1234.7 -1299
725 -1224.4 -1213.7
726 -1330.1 -1216.5
727 -1474.8 -1655.8
728 -1497.6 -1671.2
729 -1482.5 -1734.3
730 -1435.4 -1711.5
731 -1527.4 -1749.8
732 103.7 -3343.6
733 -1406 -1697.8
734 -1269.2 -1696.6
735 -1238.5 -1740.4
736 -1201.4 -1657.3
737 -1182.3 -1682.9
738 -1260.3 -1759.3
739 -1143.8 -1813.9
740 -1099.1 -1753.3
741 -1302.3 -1642.5
742 -1238.4 -1605.1
743 386 -3832.1
744 -1041.3 -1799.7
745 -1006.3 -1687.1
746 -979.5 -1704.4
747 -339.7 -1774.1
748 -109 -1526.5
749 -107.6 -1570
750 -153.9 -1459.6
751 -180.3 -1431.5
752 326.5 -2019.5
753 231.9 -2213.3
754 444.7 -3917
755 1172.5 -4977.2
756 986.3 -5025.6
757 1763.2 -5717.9
758 884.8 -4376.4
759 796.5 -4351.8
760 829.3 -4489.1
761 845.8 -4636.9
762 768.3 -4283.5
763 789.7 -4195.6
764 666.9 -4174.9
765 457.4 -3906.6
766 809.4 -4492.1
767 721.4 -4081.1
768 531.7 -2361.1
769 495.2 -2318.1
770 1837.2 -5874.2
771 352.1 -3630.6
772 310.5 -3642
773 494.2 -3917.4
774 581 -4058.8
775 563.7 -4091.4
776 763.2 -4382.8
777 567.5 -4040.9
778 340.2 -2278
779 346.4 -2247.5
780 527.1 -2214.7
781 140.4 -2413.8
782 126.8 -2386.8
783 171.1 -2393.2
784 223.9 -3325.4
785 152.2 -3275.6
786 89.1 -3231.8
787 797.5 -4520.7
788 -16.6 -3165.3
789 -36 -3138.3
790 39.6 -3196.9
791 66.5 -3295.8
792 19.7 -3219.4
793 -146.7 -2979.2
794 -103.7 -2969.3
795 -175.2 -2973.3
796 -99.1 -2581.8
797 62.8 -2470
798 832.6 -4742.3
799 -155.4 -2615.3
800 1897.1 -6018.5
801 2008.3 -6244.2
802 2089.9 -6383.8
803 2213 -6565.6
804 -197.8 -3011.3
805 -177.3 -2998.4
806 -614 -2939.9
807 -532 -2874.8
808 -419.9 -2801.9
809 -1079.8 -1860.8
810 775.9 -4759.2
811 -395.3 -2784.5
812 -315.5 -2739.2
813 -267.5 -2701.4
814 -352.5 -2711.2
815 -343.7 -2756.2
816 -490 -2819.1
817 -757.6 -2898.4
818 -806.6 -3010.8
819 -856.4 -3025.4
820 -1001.4 -3016.7
821 862.1 -4857.6
822 -1045.4 -3011.3
823 -1098 -3004
824 -1011.6 -2897.3
825 -452.7 -2619.1
826 -393.9 -2680.1
827 -553.3 -2739.3
828 -431.8 -2592.3
829 -388.6 -2542.5
830 -460.1 -2569.6
831 50.8 -3339.8
832 1162.6 -4872
833 -79.3 -3330.6
834 75.1 -3374.5
835 -10.9 -3431.9
836 148.6 -3483.2
837 63.6 -3541.4
838 201.8 -3562.1
839 275 -3667.9
840 189.2 -3726.7
841 350.1 -3737.8
842 506.8 -4009.2
843 1214.3 -4966.6
844 390.9 -4120.3
845 537.7 -4053.1
846 705.6 -4355.3
847 539.6 -4137.2
848 649 -4383.4
849 -508.3 -2849.3
850 -477.6 -2836.9
851 -145.1 -2602.4
852 -512.5 -2843.4
853 -0.8 -2503.6
854 925.4 -5033.7
855 266.3 -2304.4
856 506.7 -1906.3
857 117.1 -3620
858 -395.5 3924.8
859 -266.8 3945.3
860 -270.1 3855.6
861 -130.4 3945.1
862 -215.2 4124.3
863 -143.2 3875
864 -12.3 3829.6
865 1308.9 -5164.8
866 -348.3 4153.5
867 -353.3 4131.4
868 -484.1 4169.5
869 -289.5 4416.9
870 -305.3 4137
871 -385.9 3986.3
872 -72.5 4102.9
873 -204.1 4162.3
874 -203.6 4381
875 74.1 4078.4
876 1363.4 -5110.4
877 73.9 4246.3
878 102.3 4251.3
879 -13.6 4287
880 68.8 4109.8
881 187.3 4135.6
882 159.6 4310
883 266.8 4076.2
884 350.9 4081.7
885 115.8 3955.9
886 121.6 3698.2
887 1411.9 -5318
888 203.3 3953.9
889 240.6 3947.1
890 322.5 3965.2
891 565.3 3996.6
892 430 3761.9
893 237.9 3752.3
894 473 3830.9
895 325.5 3589.7
896 232.9 3635.4
897 413.1 3548.4
898 1578 -5468.7
899 610.5 3703.5
900 701.4 3753.6
901 611.7 3921.1
902 807.9 3765.7
903 699.3 3602.4
904 492.3 3510.2
905 595.5 4000.7
906 569.8 4029.7
907 484 4071.8
908 701.8 4014.4
909 1781.8 -2255.5
910 503.9 3867.9
911 696.2 3930.3
912 592.8 4131.3
913 660.7 4168.5
914 443.8 4081.5
915 398.4 4199.5
916 573.6 4254.4
917 388.5 4221.4
918 635.3 4304.8
919 303.1 4407
920 -1394.5 -1405.4
921 1816.4 -2273.8
922 226.2 4354.9
923 342.2 4322.9
924 39.1 4419
925 89.6 4541.9
926 526.4 4361.2
927 -298.7 4539.5
928 -299.4 4565.9
929 -313.8 -2760
930 17.3 -3259.6
931 24.7 -3255.2
932 1754.9 -2258.7
933 -10.5 -3203.6
934 -438.2 -2323.1
935 -387.7 -2256.5
936 -520.1 -2327.8
937 -469.4 -2365.3
938 -348.5 -2205.3
939 -317.5 -2244.8
940 -353.2 -2140.1
941 -428.4 -2095.4
942 -424.1 -2059.4
943 1217.9 -2151.4
944 -228.5 -2366.3
945 -192.8 -2327.6
946 -243.4 -2280.4
947 -86.2 -2223.6
948 -19.8 -2203.7
949 81.9 -2330.2
950 -256.1 -1582.7
951 -228.6 -1704.3
952 -248.8 -1727.7
953 -267.9 -1749.1
954 1332.1 -2071.6
955 -113.5 -1845.9
956 -323.9 -1812.3
957 -512.6 -1946.4
958 -593.4 -1990.4
959 -573.1 -2005.5
960 -653.4 -2016
961 -610.4 -1976.4
962 -300.4 -1987.3
963 -57.1 -1992
964 -45.2 -1687.5
965 1629.5 -2002.4
966 -432.3 3709.8
967 -391.9 3697.7
968 -332.9 3753.2
969 -364.9 3860.8
970 -890.4 4567.4
971 -742.6 4556.3
972 -964.3 4573.7
973 1349.9 -1852.7
974 1343.6 -1750.9
975 1325.9 -1848.4
976 1006.5 -2090.3
977 1101.9 -1779.5
978 1030.9 -1757.6
979 1073.7 -1869.6
980 -1046.1 -518.5
981 -1016 -534.3
982 -1129.6 -662.3
983 46.4 -1465.6
984 1.4 -1493.7
985 -685.9 -2413.8
986 -660.4 -2345
987 977.2 -2190.5
988 -651.9 -2318.3
989 -590.1 -2129.8
990 -578.6 -2097
991 -511.3 -2103
992 -562.6 -2308.7
993 -244.2 -1185.3
994 -196.4 -1096.5
995 -638.4 -1953.7
996 -789.1 -1833.9
997 -805.1 -1921
998 1090.9 -2115
999 -859.8 -2092.4
1000 -634.5 -2043.2
1001 154.4 -1392
1002 132.5 -1267.3
1003 179.3 -1400
1004 331.9 -1264
1005 339.3 -1339.3
1006 462.1 -1299.2
1007 315.8 -1414.9
1008 271 -1101.9
1009 603.7 -1966
1010 289.5 -1042.1
1011 409.8 -1186.1
1012 441.2 -1195.8
1013 260.2 -1137.3
1014 502.6 -1114
1015 560.9 -1248.2
1016 480.8 -1378.3
1017 195.5 -1157
1018 49.6 -1107.5
1019 -750.2 -1031.3
1020 684.3 -1990.9
1021 -808.5 -1031.5
1022 -676.3 -976.9
1023 -662.8 -921.7
1024 -632.9 -1010.2
1025 -848.4 -948
1026 -842 -1046
1027 -972.2 -1005.3
1028 -746.1 -862.6
1029 -899.7 -836.9
1030 -732.7 -896.3
1031 -1360.2 -1305.5
1032 572.5 -2065.6
1033 -1203.5 -1036.9
1034 -1112.4 -1494.3
1035 -1010.1 -1493.5
1036 -901.6 -1514.7
1037 -858.6 -1701.5
1038 -898 -1741.9
1039 -861.8 -1773.4
1040 -943.8 -1878
1041 -975.6 -1852.2
1042 -996.7 -1947
1043 1689.6 -1992.8
1044 -1068.8 -1774.6
1045 -158.2 -1047.9
1046 3.1 -1050.7
1047 -106.6 -986.5
1048 -552.1 -1055.4
1049 -488.2 4146.6
1050 -591.4 4234.1
1051 -623.6 4347.7
1052 -647.1 4352.5
1053 -603.7 4393
1054 1706.3 -1935.3
1055 -504.4 4451.4
1056 -508.9 4474.3
1057 -391.1 4441.1
1058 -622.6 4406.1
1059 -609.3 4218.8
1060 -720.2 4466.7
1061 -1763.5 2933.2
1062 -1868.9 2932
1063 -1759.2 3007.9
1064 -1586.2 2929.7
1065 1711.2 -2056.8
1066 -1724.4 3239.1
1067 -1686.3 3235.6
1068 -1754.3 3132.8
1069 -1722.9 3294.8
1070 -1792.5 3372.8
1071 -1776.9 3341.7
1072 -1866.8 3453.6
1073 -1769.3 3536.2
1074 -1963.7 3571.1
1075 -1651.3 3669.2
1076 1646.1 -1934.8
1077 -1881.6 3671
1078 -1584.9 3630.8
1079 -1437.2 3803.8
1080 -1038.8 4270.7
1081 -1136.7 4532.1
1082 -961.3 4132.6
1083 -1578.2 4126.5
1084 -1173.6 4613.3
1085 -1239.2 1296.3
1086 -1364.1 1383.7
1087 1424.6 -1874.7
1088 -1303.8 1214.5
1089 -1186.4 1259.3
1090 -1173.6 1217.6
1091 -892.1 1325.5
1092 -917.8 1196.4
1093 -1135 1292.1
1094 -733.7 1341.4
1095 -743.2 1418.5
1096 -630.6 1337.6
1097 -616.6 1321.3
1098 1648.6 -1983.5
1099 -757.8 1225.8
1100 -583.6 1244.4
1101 -516.9 1371.3
1102 -526.4 1475.1
1103 -393.3 1433
1104 -476.1 1320.1
1105 -230.2 1513.8
1106 -303.6 1477.9
1107 -368.5 1599
1108 -142.9 1456.2
1109 701.4 -1656.3
1110 -159.8 1548.4
1111 26.7 -2380.6
1112 -36.6 -2291.5
1113 -22.2 -2182.4
1114 118.6 -2196.9
1115 -955.1 -2838.7
1116 -879 -2741.8
1117 -916.5 -2721.4
1118 -861.6 -2708.6
1119 -769.4 -2546.7
1120 593.5 -1623
1121 -870.7 -2488.3
1122 -718.8 -2469.8
1123 -700.3 -2439.9
1124 -1154.4 -2876.9
1125 -1134.2 -2766.9
1126 -1039.9 -2771.4
1127 -1002.9 -2411.2
1128 -928.5 -2566.5
1129 -772.7 -2340
1130 -696 -2213.3
1131 652.9 -1811.7
1132 -626.6 -2244.9
1133 -1383 -2139.9
1134 -1219.6 -2002.3
1135 -1410.8 -2028
1136 -1428.8 -1955.1
1137 -1457.9 -1805.1
1138 -1039.8 -1934.6
1139 -969 -2325.7
1140 -889.8 -2350.6
1141 -816.2 -2411.7
1142 -1412.6 -1464
1143 732.7 -1555.9
1144 -1005.9 -2672.8
1145 -1032.2 -2658.2
1146 -1143.3 -2558.9
1147 -1042.4 -2614.3
1148 -1148.8 -2528
1149 -1034 -2467
1150 -1167.8 -2752.6
1151 -1160.5 -2694.3
1152 -1104.1 -2620.6
1153 -1070 -2259.9
1154 794.5 -1575.3
1155 -1120 -2319.2
1156 -1179.4 -2372.7
1157 -588.7 -644.8
1158 -833.8 -627.5
1159 -620.5 -762.4
1160 -573.1 -558.1
1161 -944.4 -644.1
1162 -921.7 -558.2
1163 -882.9 -2931.1
1164 -831.2 -2915.5
1165 -544.5 -2856
1166 -967.4 -3021.4
1167 -964.7 -551.5
1168 -1086.7 -732.7
1169 -1077.1 -698.4
1170 -1268.6 -707.7
1171 -1566.8 -1549.8
1172 -1560 -1582.8
1173 -1532.1 -1540.6
1174 -1502 -1844.2
1175 -1156.5 3421.5
1176 -623 -2898.8
1177 -1146.6 3338.6
1178 -1598.8 4114.1
1179 -1587.8 4095.8
1180 -1928.2 4112.3
1181 -802.8 4318.2
1182 -109.5 3961.1
1183 999.7 3950.8
1184 1142.4 4031.2
1185 1451.9 3842.2
1186 1283.5 3987.5
1187 474.9 -1926.4
1188 1366.8 3812.5
1189 1205.5 3760.9
1190 1381.2 3741.9
1191 1275.9 3966.7
1192 1216 3698.3
1193 1257 3994.1
1194 816.2 4236.8
1195 887.2 4212.9
1196 1535.9 4069.8
1197 1653.9 4138.7
1198 497.5 -1933.3
1199 1623.9 4498.7
1200 1482.6 4572.6
1201 1436.6 4559.1
1202 1385.5 4518.4
1203 1333.9 4453.3
1204 1281.2 4468.9
1205 1335.8 4376.5
1206 1368.9 4286.6
1207 1413.9 4362.5
1208 1676.2 4219.8
1209 460.9 -1992.3
1210 723.2 3598.1
1211 908.3 3653.7
1212 967.1 3487.7
1213 1128 3688
1214 1229.4 3558.1
1215 1023.9 3680.6
1216 1379.8 3590.3
1217 1495.7 3765
1218 1606.8 3795.3
1219 1651.1 3738.2
1220 1591.2 -2178
1221 1476.9 3660.5
1222 1420.4 3529
1223 1505.5 3419.6
1224 1345.2 3465.3
1225 1653.9 3118.7
1226 2569.1 3821.3
1227 1616.3 3276.6
1228 1571.2 3063.2
1229 1255.9 3444.8
1230 1553.1 3686.7
1231 1847 -1828.2
1232 1625.4 3515.2
1233 1708.7 3719.6
1234 1778 3634.4
1235 1844.8 3539.6
1236 2075.1 3772.6
1237 1056.6 3236.6
1238 998.6 3379.6
1239 999.3 3157.2
1240 1203.3 2798.8
1241 1496.4 3194.9
1242 1678.8 -1920.2
1243 2041.7 3841.3
1244 2203.5 3846
1245 2297.9 3936.1
1246 2299.8 3988.7
1247 2374.6 3950.3
1248 2443.5 4100
1249 2202 4043.1
1250 1905 3950.3
1251 1860.3 4073.4
1252 1883.8 3941.8
1253 234.6 -1221.9
1254 1666.7 -1760.6
1255 1917.2 3857.4
1256 1861.2 3932.3
1257 1688.7 3874
1258 1593.2 3870.9
1259 1673.4 3928.2
1260 1495.8 3854.8
1261 1512.3 3914.2
1262 1955 3774
1263 2128 3930
1264 1592 3488.7
1265 -1198.4 -2910.6
1266 1236.6 3160.6
1267 1101.9 2980.2
1268 1096.4 2630.4
1269 -786.9 3981.9
1270 -387.3 3785
1271 -492.8 3742.2
1272 -521.1 3871.4
1273 -672.1 3946.9
1274 970.7 2546.8
1275 863.1 2389.3
1276 -1260.7 -2723.8
1277 921.4 2299.6
1278 832.1 3434.4
1279 730.6 3388.1
1280 888 3274.1
1281 915.7 3297.4
1282 922.2 3247.4
1283 892.1 3335.1
1284 930.8 3273.2
1285 1088.1 3409.6
1286 2446.7 3961.2
1287 -684.5 -2939.3
1288 2841.6 4281.4
1289 2607.8 4357
1290 3194.1 5015.7
1291 2467.9 4130.2
1292 2634.4 4445.4
1293 -1005.6 4582.6
1294 -1034.2 4592.3
1295 -888.2 4285.4
1296 1537.3 4043.4
1297 1592.4 3924.2
1298 -660.3 -2974.9
1299 1624.9 4092.5
1300 -1061.4 -2642
1301 -1164.9 -2589.6
1302 735.7 -5388.5
1303 678.1 -5350
1304 759.4 -5403.5
1305 1016.9 -5837.6
1306 755.8 -5382.2
1307 2026.8 -6422.4
1308 -337.5 88.8
1309 -716.3 -2960.3
1310 -284.4 255.9
1311 -498.2 154.8
1312 -188.9 584.1
1313 -163.5 695.8
1314 -94.2 585.6
1315 -469.8 211.6
1316 -219.3 473
1317 -449 415.1
1318 -390.2 514.8
1319 -460.2 451.6
1320 -975.1 -1157.1
1321 -61.8 1195.7
1322 -41.1 1238.6
1323 -6.8 1384.6
1324 456.6 1993.4
1325 1370.1 2635.9
1326 1563 2600.4
1327 956.4 2353.3
1328 1655.8 2506.4
1329 1584.9 2441.7
1330 3639 5217.1
1331 -1047.5 -846.2
1332 3559.2 5253.7
1333 -55.9 1508
1334 30.8 1631.7
1335 -364.5 -360
1336 -390 -456.8
1337 -712.5 554.3
1338 -644 694.9
1339 -858 254.7
1340 -589 489.3
1341 -518.1 413.3
1342 -1063.6 -883.5
1343 -942 67.9
1344 960.5 1844.8
1345 1028.3 2064.9
1346 952.8 2277
1347 -352.9 -767.3
1348 -268 -652.9
1349 -323.1 -553.1
1350 -191.7 -547.7
1351 -378.1 -519.9
1352 -352.5 -477.6
1353 -800.3 -1209.7
1354 -519.8 -396
1355 -582.1 -357.8
1356 -482.6 -293.5
1357 -496.9 -414.7
1358 -427.7 -443.8
1359 -842.3 -271.4
1360 -965.2 -186.8
1361 -810.4 -262.3
1362 -783.3 -129.6
1363 -971.8 -227.4
1364 249.6 -1171.1
1365 -866.6 -1272.5
1366 -991.6 -244.1
1367 -882.1 -253.3
1368 -818.7 -282.6
1369 -732.4 -319.9
1370 -562.3 24.6
1371 -727.2 -295.5
1372 -512.3 3.6
1373 -384.4 -52.1
1374 -276.7 -88.2
1375 -410.1 -114.5
1376 1590.8 -5693.8
1377 368.6 -788.9
1378 347.2 -877.6
1379 947.2 -1731.9
1380 870.6 -1708.1
1381 847 -1788.5
1382 781.3 -1680.9
1383 -852.6 17.6
1384 -1206.1 -596.4
1385 -1113.2 -434.7
1386 -692.5 -899.9
1387 1699.1 -5607.2
1388 -651.2 -876.5
1389 -683.1 -878.8
1390 -679 -797.2
1391 -730.6 -792
1392 -937.6 -755.4
1393 -947.2 -735.2
1394 -775.8 -770.5
1395 -626.9 -787.8
1396 -635.9 -820.7
1397 -662.8 -557
1398 2599.3 -6958.5
1399 -905.5 -520.3
1400 -848.3 -761.5
1401 -895.3 -755.9
1402 -566.1 -524.8
1403 -616.2 -523.9
1404 -561.7 -499.3
1405 -429.2 -512.5
1406 -686.2 -403.6
1407 -710 -457.9
1408 -634.6 -425
1409 2569.8 -6928.3
1410 -825.2 -354.7
1411 -653.7 -523.4
1412 -866 -438.7
1413 -779.2 -425.3
1414 -844.7 -395.5
1415 -664.1 -352.7
1416 -582.9 -385
1417 -590.6 -893.9
1418 -570.4 -856
1419 -536.8 -809.2
1420 -746.3 -1594.7
1421 -525.1 -667.4
1422 -456.4 -601.2
1423 -471.6 -502.2
1424 -545.6 -463
1425 -504.5 -588
1426 -491.6 -544.9
1427 -976.2 -360.9
1428 -844.5 -327.3
1429 -853.7 -351
1430 -1131.8 -469.3
1431 -789.6 -1561.2
1432 -974.6 -382.7
1433 -1016.4 -740.4
1434 -979.5 -749.1
1435 -1324.1 -803.6
1436 -1197.4 -908.2
1437 -1155 -950.9
1438 -1268.6 -859.3
1439 -1200.9 -824.2
1440 -953.9 -803.4
1441 -889.9 -942.2
1442 -813.8 -1711.7
1443 -1000.3 -931.6
1444 -925.2 -865.8
1445 -1022.4 -872.1
1446 -1083.2 -1000.5
1447 -1098.5 -1013.5
1448 2855.8 5103.5
1449 2745.1 5291
1450 -1029.4 1138.6
1451 -1113.1 1095.3
1452 -835.5 1175.2
1453 -606.1 -1590.7
1454 -668.8 1094.2
1455 -602.2 1144.7
1456 -492 1009.4
1457 -335.6 1322.2
1458 -615.9 223.5
1459 -1484.1 1359.5
1460 -1398.1 1406.7
1461 -1458 1223.7
1462 -1390.6 1373
1463 -1366 1408
1464 -527.1 -1739.9
1465 -1286.3 1537.3
1466 -1015.2 -701.9
1467 -1046.9 -623.3
1468 -1002.5 -661.9
1469 -1066.3 -672.7
1470 -1477.3 -1935.5
1471 -1543.9 -1492.3
1472 -1556.9 -1441.8
1473 -1107.4 -2908.4
1474 -1420.6 2910.1
1475 -19.9 -1607.5
1476 -1248.3 -1419.2
1477 -1370.7 2855.9
1478 -1257.4 2711.1
1479 -1198.5 2647.5
1480 -1246.7 2624.6
1481 -2313.2 4001.1
1482 -2345.1 4031.7
1483 -2277.1 4016.6
1484 -2245.8 3911.3
1485 -2296.4 4036
1486 -2441.3 3960.4
1487 -1337.6 -1441.4
1488 -1168.8 -967.2
1489 -1043.2 -1680
1490 -1155.1 -1700.5
1491 246.3 -2330.3
1492 195 -2397.3
1493 -529.5 -2773
1494 -595.8 -2783.6
1495 -660.5 -2827.7
1496 -724.8 -2735.4
1497 -702 -2859.1
1498 -1502.9 -1112.2
1499 -806.6 -2907.9
1500 -702.4 -2700.3
1501 -620 -2493.7
1502 -564.2 -2404.9
1503 -552.1 -2383.3
1504 -467.8 -2214.2
1505 -760.3 -2789.6
1506 -987.8 -2682.7
1507 -970.1 -2692.4
1508 -952.4 -2701.8
1509 -1433.7 -993.2
1510 -934.6 -2711.4
1511 -993.9 -2807.7
1512 194.3 -714.8
1513 221.5 -726.5
1514 155.2 -873.1
1515 -636.5 -2272.5
1516 457.3 -2029.1
1517 653.3 -2090.6
1518 605.1 -1586.6
1519 572.8 -1616.4
1520 -1530.1 -1144.2
1521 929.8 -2066.9
1522 1003.8 -1844
1523 819.2 -2142
1524 743.9 -2118.6
1525 850.9 -2042.1
1526 720.6 -2194.7
1527 717.8 -1884.1
1528 775.4 -2018.7
1529 732.9 -1835.3
1530 748.3 -1787.7
1531 384.9 -2172.3
1532 838.6 -1816.1
1533 808.6 -1911
1534 629.7 -2167.3
1535 -254.2 -2057.4
1536 2054.7 -6406.2
1537 2376.2 -6763
1538 503.2 -4267
1539 507.3 -4241.2
1540 -361.6 -2721.6
1541 -16.8 -3209.4
1542 400 -2202.2
1543 1249.9 -1573.5
1544 1004.3 -1551
1545 1094.8 -1671
1546 1234.1 -1716.7
1547 1269.4 -1931
1548 1239.3 -1627.4
1549 1338.2 -1657.9
1550 1419.6 -1774.9
1551 1486 -1797
1552 1205.3 -1918.9
1553 285.7 -2265.3
1554 1287.4 -1987.4
1555 1936 -1768.2
1556 1780.9 -1990.6
1557 -996.4 -2161.4
1558 -841.9 -2283.1
1559 -957.3 -2094.5
1560 -889 -2125.8
1561 -918 -2024.7
1562 -909.6 -1903.2
1563 -974.1 -1984.4
1564 337 -2132.9
1565 -1262.4 -2307.5
1566 -1222.1 -2408.6
1567 -1252.5 -2437.5
1568 -1266.2 -2155.6
1569 -1287.2 -2188.2
1570 -1320 -2240.8
1571 -1232.5 -2231.7
1572 -1214.8 -2245.5
1573 -1166.9 -2184.6
1574 -1529.3 -1349.1
1575 405.2 -2177.6
1576 -1530.7 -1370.6
1577 -1564.2 -1346.8
1578 -1462.7 -1129
1579 -1299.9 -1135.4
1580 -1386.6 -1154.8
1581 -1233.6 -1029.2
1582 -1152.5 -1062.7
1583 -1116.9 -1101.1
1584 -1383.6 -1021.3
1585 -1270.2 -928

# Edges
0 993
0 994
0 1048
1 19
1 698
1 809
1 1138
2 984
2 1475
3 14
3 25
3 36
3 1154
4 1488
4 1581
4 1585
5 719
5 1320
5 1583
6 1320
6 1446
6 1447
6 1583
7 8
7 9
7 1134
7 1135
8 19
8 1134
9 10
9 11
9 1136
10 738
10 1137
11 19
11 738
12 733
12 734
12 1137
13 15
13 832
14 1380
14 1382
15 197
15 198
16 821
16 854
17 848
18 604
18 787
18 798
20 740
20 1489
21 618
21 1133
21 1568
22 23
22 24
22 1042
22 1138
22 1563
23 24
23 1557
23 1573
24 1559
25 1379
25 1544
25 1545
26 1088
26 1090
26 1451
27 28
27 1047
28 29
29 30
29 31
30 57
30 1350
31 32
32 55
32 577
33 34
33 37
33 53
34 38
34 542
35 1349
35 1350
35 1352
36 47
36 70
37 38
37 596
38 1519
39 596
39 702
39 1015
39 1016
40 41
40 1015
41 42
41 53
41 1014
42 43
42 48
43 49
43 50
44 48
44 1010
44 1011
44 1014
44 1378
45 609
45 1008
45 1017
46 48
46 51
46 1378
47 72
47 213
47 225
47 1544
49 53
49 54
50 51
50 54
51 52
52 1377
53 588
53 596
54 648
55 56
55 57
56 1512
58 69
58 76
58 80
59 1150
59 1301
60 61
60 62
60 626
62 1307
63 1537
64 803
64 1537
65 66
65 67
65 1537
66 387
66 643
67 295
67 308
68 70
68 71
69 75
69 202
69 236
70 1154
71 547
72 73
73 213
74 598
74 648
74 1377
75 202
76 77
76 158
77 93
77 94
77 158
78 606
78 976
78 979
79 91
79 1543
79 1549
80 91
80 125
81 82
81 91
81 136
82 84
82 1549
83 84
83 413
83 1549
83 1550
84 85
85 136
85 402
85 413
86 87
86 391
86 402
87 88
87 180
88 127
88 135
89 90
89 92
89 135
90 104
90 122
92 108
92 140
92 141
93 112
93 147
95 97
95 98
95 99
95 169
96 112
96 115
96 169
97 100
97 101
97 191
98 147
98 191
99 115
99 116
99 117
100 103
100 114
100 122
101 103
101 117
101 118
102 107
102 114
102 119
103 119
103 120
104 114
104 140
105 106
105 107
105 114
105 140
106 108
106 142
107 121
107 142
108 109
108 143
109 110
109 111
110 143
111 131
111 134
113 224
113 335
113 585
113 620
116 149
116 150
117 124
118 120
118 123
118 124
119 121
122 180
123 126
124 126
124 149
125 136
125 147
127 128
127 129
127 391
128 137
128 696
129 130
129 146
129 148
130 131
130 132
130 141
131 133
132 133
132 139
132 148
133 144
134 144
135 146
137 138
137 139
137 148
138 168
138 171
139 145
141 146
144 145
144 171
145 171
147 158
147 169
149 151
150 151
152 153
152 177
153 170
154 268
154 447
154 943
154 998
155 156
155 157
156 921
157 159
159 921
160 161
160 162
160 1065
161 163
162 909
162 932
163 164
164 700
164 1555
165 166
165 167
165 168
166 172
166 173
167 172
167 695
168 696
170 173
170 177
172 174
172 175
173 175
174 176
175 177
176 694
176 695
178 179
179 181
180 191
181 626
182 183
182 961
182 995
183 957
184 185
184 186
184 192
185 387
185 388
186 572
187 188
187 189
187 1111
188 799
188 814
188 829
189 633
189 782
190 1209
190 1516
190 1531
193 431
193 1496
193 1505
194 824
194 1163
194 1166
195 271
195 272
195 278
195 1356
196 278
196 1356
196 1375
197 199
198 199
198 322
198 798
199 604
199 761
199 787
200 731
200 1172
201 203
201 204
201 651
201 1276
202 213
202 225
203 205
204 849
205 622
206 659
206 1310
207 286
207 1310
207 1316
208 209
208 745
208 1034
209 716
209 1036
210 211
210 1090
210 1450
211 1089
211 1093
212 214
212 216
212 1345
214 1277
215 538
215 1275
215 1346
216 217
216 219
216 1277
217 218
217 220
217 1346
218 1329
218 1345
219 221
219 523
219 1324
220 221
220 222
220 1327
221 523
221 1327
222 1327
223 226
223 562
223 1318
224 446
224 585
224 687
224 939
224 944
224 946
225 236
225 247
226 563
227 228
227 229
227 230
227 1313
228 563
228 1313
229 230
229 231
230 516
230 560
232 522
232 579
232 1184
232 1195
233 869
233 1056
233 1057
234 235
234 333
234 1177
235 237
235 325
236 1543
237 238
237 690
238 325
238 326
239 1275
239 1334
240 245
240 254
240 1333
240 1334
241 242
241 243
241 671
242 244
242 250
242 253
243 246
243 249
244 253
245 246
245 248
246 248
247 1544
247 1545
247 1548
248 249
249 671
250 251
250 671
251 252
251 671
252 257
252 329
253 685
254 255
254 512
255 256
255 1107
255 1110
256 257
256 260
257 259
257 260
258 269
258 280
258 1557
258 1560
259 261
259 262
260 414
261 414
261 416
262 311
262 416
263 548
263 1131
264 265
264 266
265 453
265 1199
266 267
267 300
267 601
268 530
269 1139
269 1558
270 1343
271 273
271 274
272 274
272 275
273 277
273 278
274 276
275 276
275 1355
276 1371
277 1372
277 1375
279 1340
279 1383
279 1458
280 291
280 1130
281 282
281 971
281 1060
283 284
283 789
283 793
284 369
284 805
285 286
285 1314
285 1316
287 288
287 289
287 637
288 529
288 1322
289 516
290 292
290 293
291 302
291 1000
292 407
292 408
293 306
293 532
294 295
294 572
294 1409
295 386
296 909
296 975
297 298
297 451
297 1448
298 600
298 601
299 300
299 301
301 307
302 989
302 1130
303 304
303 1104
303 1457
304 1100
304 1455
305 306
305 509
305 511
305 533
306 533
307 450
308 309
310 373
310 422
310 1093
311 312
311 338
311 416
312 318
312 417
313 324
313 773
314 315
314 316
314 338
315 317
316 317
316 329
317 361
317 679
318 372
318 373
319 320
319 543
320 1187
321 1459
321 1460
322 832
322 854
323 500
323 501
323 1482
324 615
324 841
325 484
325 683
326 327
326 328
327 681
327 683
328 681
328 684
329 330
330 677
330 679
331 332
331 404
331 541
331 1484
332 405
332 541
332 1074
333 467
333 527
333 1477
334 337
334 623
335 938
335 940
336 347
336 358
336 772
337 470
337 536
337 1479
338 339
339 349
339 354
339 361
340 341
340 352
341 342
342 343
342 344
342 345
342 346
343 352
343 353
343 1465
344 355
344 356
345 348
345 353
346 356
346 363
347 784
348 349
348 363
349 350
350 353
350 354
351 352
352 1460
353 1465
354 370
355 357
355 359
356 357
356 362
357 360
357 361
358 721
358 791
358 836
359 645
360 364
360 490
361 362
361 371
362 363
364 365
364 645
365 366
365 367
366 368
366 476
367 371
367 490
368 474
368 475
369 380
369 1541
370 372
371 490
373 420
374 375
374 1062
376 377
376 584
376 1062
376 1068
377 379
377 409
378 379
378 381
379 389
380 831
380 833
381 389
381 390
381 394
381 400
382 383
382 384
382 471
382 472
382 1477
383 385
383 473
384 473
384 1477
385 476
386 388
389 392
389 409
390 392
390 394
390 1074
391 1254
392 410
393 427
393 428
393 430
393 1063
393 1064
393 1067
393 1474
394 395
395 397
395 398
395 400
396 1066
396 1067
396 1069
397 405
397 406
398 399
398 406
399 400
401 403
401 404
402 1254
403 1484
403 1486
404 541
409 410
409 411
410 1072
411 528
411 1069
412 414
412 415
412 1102
413 1254
413 1551
414 1107
415 418
415 1095
416 417
417 419
418 419
418 1095
419 420
419 421
420 422
421 1091
421 1095
422 1091
423 425
423 426
423 1457
424 435
424 447
424 1220
425 1103
425 1106
426 512
426 514
426 1108
427 428
427 429
427 430
428 1477
429 460
429 467
429 536
430 461
431 1118
432 433
432 1448
433 434
434 436
435 932
435 1065
436 439
436 1448
437 438
437 439
438 439
438 450
440 1208
440 1251
440 1256
441 459
441 1199
441 1208
442 1207
443 444
443 445
443 1205
444 445
444 1204
446 557
446 935
447 458
448 1199
449 1294
450 600
450 601
450 1449
451 453
451 1292
452 1292
453 454
454 457
455 456
455 457
455 564
456 459
458 954
458 1220
459 1249
460 461
460 462
460 1177
461 468
462 463
463 468
463 1069
464 667
464 1319
464 1321
465 466
465 470
465 527
465 1478
466 473
466 474
467 623
468 1069
469 480
469 491
469 624
470 1479
472 1064
474 1480
475 478
475 673
475 1480
477 487
477 673
477 1479
478 479
478 488
479 481
480 558
480 569
480 591
480 751
481 482
481 488
482 489
482 492
483 484
483 485
483 486
484 497
485 496
485 497
486 487
486 531
487 531
487 673
487 674
488 489
488 673
489 675
491 747
491 942
491 1464
492 493
492 679
493 675
494 495
494 677
494 678
495 674
496 678
497 683
498 499
498 507
498 1485
499 503
499 505
499 552
500 501
500 511
501 506
502 513
502 524
502 535
503 504
503 508
504 506
505 553
506 507
508 509
508 554
509 510
509 511
511 517
512 514
512 667
512 669
512 670
512 1108
512 1333
513 748
513 750
513 984
514 667
515 1223
515 1224
515 1241
515 1266
516 561
517 518
517 519
518 519
518 1482
519 1486
520 1435
520 1438
520 1509
521 589
521 1516
521 1575
522 583
522 1196
523 1324
524 983
524 1001
525 638
525 649
525 1268
526 749
526 964
526 1475
527 1477
528 1069
528 1071
529 587
529 637
530 998
531 674
533 534
535 546
535 558
535 1002
536 623
536 1177
537 696
537 700
537 1556
538 539
538 1275
539 638
539 639
540 617
540 773
540 777
542 543
542 544
542 556
544 593
544 595
544 1553
545 547
545 548
545 589
545 856
546 1002
546 1018
547 568
547 1518
548 1120
549 550
549 551
550 873
550 874
550 879
552 553
552 554
555 649
555 691
555 1270
556 559
557 687
557 934
557 937
558 993
558 1018
559 1519
560 561
560 562
561 1321
562 563
564 1249
564 1291
565 1223
565 1264
566 632
566 908
566 1195
567 1401
568 570
568 571
569 580
570 625
571 598
572 1398
573 843
574 832
575 576
575 610
575 1290
576 1448
577 578
577 1046
578 607
578 1018
578 1514
579 581
580 1019
580 1022
580 1353
581 632
581 1183
582 653
582 1083
582 1179
584 1068
585 586
586 946
587 652
587 667
588 597
588 1416
589 855
590 592
590 1355
591 749
591 950
592 1371
593 594
593 1553
594 782
594 783
595 633
595 634
595 1540
596 641
596 1015
597 1369
598 648
599 1148
599 1567
600 1448
602 613
603 616
603 617
603 776
604 787
605 854
605 1306
606 1552
607 608
607 1513
608 1514
609 1010
610 611
611 612
613 1019
613 1021
614 1167
614 1429
614 1432
615 617
615 931
616 764
616 774
618 622
618 1570
619 620
619 963
619 1113
621 640
621 1520
622 631
624 952
625 641
627 629
627 705
627 752
628 629
628 642
628 703
630 1326
631 1565
631 1566
631 1571
633 634
634 799
635 646
635 655
635 1078
635 1079
636 779
636 855
636 1491
638 639
638 649
638 1274
639 1268
640 1472
640 1577
642 963
644 1099
644 1100
644 1455
646 653
646 657
647 650
647 858
647 969
649 1274
650 692
650 1272
652 667
653 1080
654 665
654 937
655 656
655 657
656 1175
656 1177
657 1175
658 659
658 1308
658 1374
659 660
660 1308
660 1310
660 1311
661 662
661 672
661 1311
661 1362
661 1458
662 1362
662 1383
663 664
663 666
663 668
664 666
664 1340
664 1341
665 687
665 699
666 672
666 1317
666 1319
666 1341
667 668
667 1322
667 1323
669 670
669 671
670 1110
672 1311
674 675
676 687
676 699
676 830
677 678
677 679
678 682
680 681
680 682
680 683
684 685
684 686
686 688
688 689
688 690
689 691
691 967
691 968
691 1082
692 693
692 1270
693 966
693 1271
694 695
696 697
697 700
697 1231
698 1134
698 1568
699 710
701 702
701 703
701 704
701 1519
702 1016
703 983
703 1003
704 705
704 1187
705 752
706 707
706 708
706 709
706 1419
707 1417
707 1418
708 712
708 1048
708 1347
709 711
709 712
709 713
710 825
710 1540
711 1419
711 1421
711 1422
712 1347
712 1349
713 1351
713 1422
714 715
714 717
714 722
715 716
715 717
716 717
716 1035
716 1036
718 719
718 722
718 1365
719 720
719 722
720 722
720 725
721 732
721 784
722 1034
722 1035
723 1031
723 1498
723 1574
723 1577
723 1578
724 725
724 726
724 1031
725 1033
726 1031
726 1579
726 1580
727 728
727 1142
728 729
728 1173
729 730
729 731
729 1137
730 733
731 1174
732 785
732 791
733 741
734 735
734 736
734 741
735 737
735 738
735 739
736 737
736 742
737 1490
739 740
739 809
740 1044
740 1490
741 742
741 1142
742 1034
742 1487
743 754
743 765
743 841
744 746
744 809
744 1041
744 1044
745 746
745 1044
745 1489
746 1038
747 953
747 956
748 749
748 750
749 950
749 951
749 984
750 751
752 1564
753 782
753 949
753 1114
753 1564
754 842
755 756
755 843
756 854
757 770
757 1387
758 759
758 760
759 762
759 776
760 766
760 787
761 787
762 763
762 764
764 767
765 776
765 842
765 930
766 776
766 787
768 769
769 780
769 1542
770 800
771 772
772 839
772 841
774 775
774 777
775 845
775 846
775 847
776 787
776 846
777 845
778 779
779 1542
780 1032
781 782
781 783
781 797
782 949
783 1491
783 1492
784 785
785 786
786 790
788 789
788 790
788 792
789 933
790 792
791 792
791 931
793 794
793 795
793 805
795 805
795 812
796 797
796 799
797 853
798 810
798 821
799 813
800 801
800 1376
801 802
802 803
802 1536
803 1537
804 805
806 807
806 1298
807 849
807 850
808 811
808 850
811 815
812 813
812 814
814 815
814 816
814 826
814 828
816 852
816 1165
817 1309
817 1497
817 1499
818 819
818 1164
818 1309
819 1163
819 1166
820 822
820 1166
822 823
822 824
823 1265
823 1473
824 1115
825 826
825 827
826 1493
827 1493
827 1494
828 829
828 830
829 944
830 929
831 834
831 930
832 843
833 835
834 835
834 836
835 837
836 837
836 838
837 857
838 839
838 857
839 840
839 841
840 857
842 844
842 845
843 865
844 847
846 848
847 1539
848 1538
849 850
849 851
851 853
851 929
852 1165
852 1276
852 1540
853 855
855 1491
856 1198
858 859
858 871
858 969
858 1181
858 1272
858 1295
859 860
859 861
859 862
860 863
860 969
861 863
861 1182
862 870
862 872
862 873
863 864
864 885
864 886
865 876
865 887
865 1376
866 867
866 868
866 869
866 870
867 870
867 871
867 1049
868 1049
868 1050
869 874
869 927
869 1057
872 875
872 879
872 1182
873 874
875 880
875 885
877 878
877 879
877 880
878 881
878 882
879 924
881 883
881 884
882 917
882 922
882 924
883 884
883 890
884 914
885 886
885 888
885 1182
886 896
887 898
888 889
889 890
889 893
889 894
890 891
891 905
891 906
892 893
892 894
892 895
893 896
894 899
894 910
895 896
895 897
897 899
897 904
898 1387
899 900
899 903
900 901
900 902
901 910
901 911
902 911
902 1183
902 1189
903 904
903 1210
904 1279
905 906
905 908
906 907
907 912
907 914
908 911
908 1194
909 921
909 932
911 1183
912 913
914 915
915 916
915 917
916 918
916 923
917 923
918 926
919 922
919 923
920 1031
920 1142
920 1472
920 1476
924 925
927 928
929 933
930 1541
931 933
934 935
934 936
934 937
934 1504
935 938
936 1503
936 1504
938 939
938 941
940 941
940 1535
941 942
941 991
941 1504
942 962
943 954
943 965
944 945
945 946
945 947
947 948
947 1112
948 949
948 1113
949 1111
949 1114
951 952
952 953
952 955
953 956
954 1554
955 963
955 964
956 957
956 959
957 958
958 959
958 960
958 961
959 990
959 1000
960 997
960 999
960 1000
961 995
962 1535
964 1475
965 1555
965 1556
966 967
966 968
967 1271
968 969
970 971
970 972
970 1181
972 1293
972 1295
973 974
973 975
973 1087
974 1546
974 1549
974 1550
975 977
976 987
976 998
976 1521
977 978
977 979
978 1379
978 1522
979 1522
979 1552
980 981
980 982
980 1430
981 1167
981 1467
982 1169
982 1384
983 984
985 986
985 1123
985 1129
986 988
986 1502
988 1503
988 1515
989 990
989 1132
990 991
991 992
992 1515
993 994
994 1045
994 1046
995 996
996 997
996 1039
997 999
998 1554
999 1560
1001 1002
1001 1003
1002 1017
1003 1007
1003 1253
1004 1005
1004 1011
1004 1253
1005 1006
1005 1007
1006 1012
1006 1015
1006 1016
1007 1016
1008 1010
1008 1013
1009 1020
1009 1032
1009 1131
1009 1198
1010 1378
1011 1012
1011 1013
1012 1014
1012 1015
1013 1364
1017 1364
1019 1030
1020 1517
1020 1527
1020 1528
1021 1025
1021 1026
1022 1023
1022 1024
1023 1386
1023 1388
1024 1048
1025 1028
1025 1029
1026 1027
1026 1441
1027 1441
1027 1443
1028 1029
1028 1030
1028 1390
1028 1391
1028 1400
1029 1392
1030 1386
1032 1516
1032 1517
1033 1488
1033 1581
1033 1582
1034 1035
1034 1476
1036 1431
1037 1038
1037 1442
1038 1039
1038 1041
1039 1040
1039 1442
1040 1041
1040 1042
1040 1562
1041 1138
1043 1054
1043 1065
1043 1098
1045 1047
1046 1047
1049 1059
1050 1051
1050 1059
1051 1052
1051 1053
1052 1058
1052 1059
1052 1060
1053 1055
1053 1058
1054 1231
1054 1242
1055 1056
1055 1057
1056 1058
1058 1060
1061 1062
1061 1063
1061 1064
1063 1068
1064 1474
1066 1067
1066 1068
1069 1070
1070 1071
1070 1072
1071 1072
1072 1073
1072 1074
1073 1075
1073 1077
1075 1078
1076 1087
1076 1098
1076 1242
1078 1079
1079 1179
1080 1081
1080 1082
1081 1083
1081 1084
1083 1178
1085 1086
1085 1088
1085 1089
1086 1462
1086 1463
1087 1551
1089 1090
1090 1451
1091 1092
1091 1093
1091 1094
1092 1450
1092 1452
1094 1095
1094 1096
1096 1097
1096 1102
1097 1099
1097 1100
1097 1101
1098 1220
1099 1452
1100 1104
1101 1102
1101 1103
1101 1104
1102 1107
1103 1106
1105 1106
1105 1107
1105 1108
1105 1110
1109 1120
1109 1131
1109 1143
1109 1382
1111 1112
1113 1114
1115 1116
1115 1511
1116 1117
1116 1118
1117 1510
1117 1511
1118 1119
1119 1121
1119 1122
1120 1518
1120 1519
1121 1127
1121 1128
1121 1141
1122 1123
1122 1141
1123 1501
1124 1125
1124 1126
1124 1265
1124 1473
1125 1145
1125 1150
1126 1144
1126 1473
1126 1506
1126 1507
1126 1508
1126 1511
1127 1139
1127 1149
1127 1153
1128 1144
1128 1147
1129 1130
1129 1141
1129 1558
1130 1132
1131 1529
1132 1515
1133 1134
1133 1135
1135 1136
1136 1137
1139 1140
1140 1141
1140 1558
1142 1471
1142 1487
1143 1154
1143 1518
1144 1145
1144 1506
1145 1300
1146 1147
1146 1148
1146 1301
1147 1300
1148 1149
1149 1156
1150 1151
1151 1152
1152 1300
1152 1301
1153 1155
1153 1557
1155 1156
1155 1572
1156 1565
1156 1566
1157 1158
1157 1159
1157 1160
1157 1421
1158 1161
1158 1400
1159 1395
1159 1419
1160 1397
1160 1402
1161 1162
1161 1393
1162 1167
1162 1397
1162 1399
1163 1164
1164 1499
1165 1176
1167 1468
1168 1169
1168 1170
1168 1433
1168 1439
1169 1469
1170 1384
1170 1435
1171 1172
1171 1173
1173 1471
1174 1470
1175 1177
1176 1287
1176 1495
1178 1179
1178 1180
1180 1483
1181 1295
1183 1184
1184 1189
1184 1193
1185 1186
1185 1188
1185 1217
1185 1260
1186 1191
1186 1193
1187 1198
1187 1209
1188 1189
1188 1190
1188 1191
1189 1192
1190 1192
1190 1216
1190 1217
1191 1193
1192 1213
1192 1214
1194 1195
1196 1197
1196 1208
1196 1296
1197 1208
1197 1299
1198 1516
1199 1200
1199 1208
1200 1201
1201 1202
1202 1203
1203 1204
1203 1205
1205 1206
1206 1207
1209 1516
1210 1211
1210 1278
1211 1212
1211 1215
1212 1215
1212 1238
1212 1278
1213 1214
1213 1215
1214 1216
1214 1229
1216 1221
1216 1222
1217 1218
1217 1221
1218 1219
1218 1258
1219 1230
1219 1233
1221 1222
1221 1230
1222 1223
1222 1224
1223 1227
1224 1229
1225 1226
1225 1227
1225 1228
1226 1286
1226 1288
1227 1235
1227 1241
1228 1240
1228 1241
1229 1237
1230 1232
1231 1254
1232 1234
1232 1264
1233 1234
1233 1255
1234 1235
1234 1262
1235 1236
1236 1243
1236 1244
1237 1238
1237 1239
1238 1283
1238 1285
1239 1267
1239 1282
1240 1267
1240 1268
1242 1254
1243 1255
1243 1262
1243 1263
1244 1245
1244 1263
1245 1246
1245 1247
1246 1248
1246 1249
1247 1286
1248 1286
1248 1291
1249 1250
1249 1263
1250 1251
1250 1252
1252 1255
1252 1256
1253 1364
1255 1262
1256 1257
1257 1258
1257 1259
1258 1260
1258 1297
1259 1297
1259 1299
1260 1261
1261 1296
1261 1297
1265 1276
1266 1267
1269 1270
1269 1271
1270 1273
1272 1273
1274 1275
1275 1277
1278 1279
1278 1283
1279 1280
1280 1281
1280 1282
1281 1283
1281 1284
1282 1284
1287 1298
1287 1309
1288 1289
1288 1290
1289 1291
1289 1292
1290 1332
1293 1294
1296 1299
1302 1303
1302 1304
1302 1306
1304 1305
1304 1306
1307 1536
1308 1311
1308 1373
1311 1315
1311 1370
1312 1313
1312 1314
1312 1315
1312 1316
1315 1317
1317 1318
1317 1319
1320 1365
1321 1322
1323 1324
1325 1326
1325 1327
1326 1328
1328 1329
1328 1330
1329 1345
1330 1332
1331 1342
1331 1433
1331 1445
1333 1334
1335 1336
1335 1374
1336 1352
1336 1354
1336 1358
1337 1338
1337 1339
1337 1340
1338 1456
1339 1343
1341 1458
1342 1437
1342 1446
1344 1345
1344 1346
1347 1348
1348 1349
1348 1350
1349 1351
1351 1352
1351 1405
1353 1365
1354 1355
1354 1356
1354 1357
1354 1416
1354 1424
1357 1358
1359 1360
1359 1361
1359 1362
1359 1367
1359 1368
1359 1427
1359 1428
1360 1363
1360 1383
1361 1362
1361 1368
1361 1371
1363 1366
1363 1367
1366 1385
1366 1427
1368 1369
1368 1410
1369 1415
1370 1371
1370 1372
1372 1373
1373 1374
1373 1375
1376 1387
1377 1378
1377 1513
1379 1380
1380 1381
1381 1522
1381 1532
1382 1530
1384 1430
1385 1427
1385 1430
1386 1389
1388 1396
1388 1417
1389 1390
1390 1391
1390 1394
1390 1395
1391 1394
1392 1393
1392 1401
1393 1434
1394 1400
1395 1396
1396 1418
1397 1411
1398 1409
1398 1537
1399 1411
1399 1412
1400 1401
1402 1403
1402 1404
1402 1426
1403 1411
1404 1423
1404 1424
1405 1422
1405 1423
1406 1407
1406 1408
1406 1410
1406 1415
1407 1413
1408 1411
1408 1424
1409 1537
1410 1414
1410 1429
1412 1413
1412 1414
1413 1414
1415 1416
1417 1418
1418 1419
1420 1431
1420 1442
1420 1453
1420 1464
1421 1425
1422 1425
1423 1424
1425 1426
1427 1432
1428 1429
1428 1432
1430 1432
1433 1434
1433 1466
1434 1440
1435 1439
1436 1437
1436 1438
1436 1439
1437 1447
1437 1488
1438 1585
1440 1444
1440 1445
1441 1444
1443 1444
1443 1445
1446 1447
1447 1582
1448 1449
1450 1451
1452 1454
1453 1464
1454 1455
1454 1456
1456 1457
1459 1460
1459 1461
1460 1462
1460 1463
1461 1462
1463 1465
1466 1468
1466 1469
1467 1468
1467 1469
1471 1472
1474 1477
1476 1487
1478 1479
1478 1480
1479 1480
1481 1482
1481 1483
1481 1484
1481 1485
1481 1486
1483 1485
1489 1490
1494 1495
1494 1500
1495 1496
1495 1497
1496 1500
1497 1505
1498 1509
1498 1520
1498 1578
1499 1505
1500 1501
1501 1502
1502 1503
1506 1507
1507 1508
1508 1510
1509 1584
1510 1511
1512 1513
1512 1514
1516 1575
1517 1524
1517 1534
1521 1522
1521 1525
1523 1524
1523 1525
1524 1526
1524 1528
1525 1528
1526 1534
1527 1529
1527 1533
1528 1533
1529 1530
1530 1532
1531 1542
1531 1553
1531 1564
1531 1575
1532 1533
1538 1539
1540 1541
1542 1575
1543 1548
1545 1546
1546 1547
1546 1548
1547 1552
1547 1554
1548 1549
1550 1551
1557 1559
1557 1560
1559 1560
1559 1561
1561 1562
1561 1563
1562 1563
1565 1572
1566 1567
1568 1569
1569 1570
1571 1572
1571 1573
1572 1573
1574 1576
1574 1577
1576 1577
1578 1580
1579 1580
1579 1581
1580 1584
1581 1584
1582 1583
1584 1585
