# Nodes
0 -2958.7 -1816
1 -3244.4 -1545.9
2 277 539.4
3 783.4 1981.9
4 1695.6 -327.4
5 1603.3 -432.2
6 1546.7 -381.9
7 1181.2 -395.9
8 1057.2 -405.6
9 1751.3 -374.2
10 1843.8 -269.4
11 1002.3 -356.7
12 1262.4 -465.2
13 1808.4 -424.7
14 873.9 779.6
15 1714.4 -528.5
16 1000.6 -469.4
17 1122.3 -463.1
18 1552.3 -489
19 1657.6 -480.2
20 2055.4 -449
21 1960.7 -360.2
22 2154.5 -339.9
23 945.4 -419.6
24 1395 -440.7
25 965.3 884.8
26 851.2 -532.1
27 1864.3 -474.5
28 1954.3 -365.3
29 1326.5 -519.2
30 1202.1 -531.9
31 906.8 -580.8
32 1448.4 -490
33 1505.7 -539.8
34 1433.5 -622.1
35 1379.2 -567.8
36 980.3 686.7
37 1771.9 -578.9
38 1585.7 -674.4
39 1066.4 -526.8
40 1559.8 -589.6
41 1606.6 -537.7
42 1265.3 -586.3
43 1144.2 -596.1
44 1956.3 -556.1
45 1853.1 -664.1
46 1320.5 -635.3
47 -408.7 1903.7
48 971 -636.6
49 1051 -707.6
50 1399.9 -703.7
51 1466.1 -654.9
52 1208.5 -651.6
53 1263.3 -701.4
54 1489.4 -784.9
55 1343.6 -768.6
56 1114.1 -763.4
57 1538.1 -729.8
58 174.6 2144.4
59 1669.7 -853.2
60 1169 -812.5
61 1432.8 -848.1
62 1248.8 -880.8
63 1339.5 -961.7
64 1727.9 -795.3
65 1601.5 -927.8
66 1557.7 -955.5
67 1473.2 -1068.9
68 1355.8 -975.5
69 280 2050.3
70 1236.6 -1065.8
71 1298.6 -1124
72 1403.5 -1140.5
73 1363.3 -1184.7
74 1241.7 -1316
75 -187 -2863.9
76 245.1 -2397.4
77 -558.3 -3265.7
78 315.3 -3342.1
79 1873 1017
80 83.9 2035.7
81 1725.8 900.5
82 1852.1 885.4
83 1797.7 931.5
84 1773.1 718.7
85 1997.7 828.4
86 1945 876.9
87 1882.8 807.3
88 1830.2 754.9
89 2005.5 734.7
90 1690.7 733.4
91 1233.5 1402.1
92 1739 691.5
93 2259.9 676.8
94 1670.6 711.7
95 1718.7 668.7
96 1987.1 586.7
97 1857.3 672.4
98 1837 734.1
99 1637.2 673.2
100 1639.2 577.2
101 1685.2 631.5
102 43.9 928.4
103 1791.9 659.2
104 1812.6 597.4
105 2302.6 639.5
106 2217 546.9
107 2382.2 566.5
108 1921.2 645.1
109 2136.5 618.7
110 1881 602.7
111 1835.9 555.7
112 1900.9 496.3
113 88.3 328
114 -104.3 1825.9
115 2051.9 526.9
116 1755.8 472.2
117 2129.5 458.5
118 1804.1 523.8
119 1707.3 421.1
120 1547.9 471.8
121 2375.4 406.3
122 1966.4 439.2
123 1837.9 430.1
124 2294.5 479
125 -210.1 1915.9
126 1772.8 490
127 1501.6 418.7
128 2045.8 367.4
129 2208.7 389
130 1776.3 363.6
131 2289.9 314.1
132 1406 313.8
133 1902.6 372.2
134 1983.6 301.9
135 2124.3 299.2
136 1575.1 725.7
137 1661.4 373.2
138 1841.1 306.9
139 1678.6 262.7
140 2448.7 340.9
141 2365.8 247.8
142 2209.3 222.1
143 1612.3 321.1
144 1920.6 235.1
145 2523.8 272.3
146 2441.3 181.1
147 1469.4 816.3
148 2283.8 156.6
149 1581.6 161.1
150 1999.3 166.4
151 1825.5 134.3
152 2062.2 233.8
153 2148.8 156.5
154 2598.2 207.1
155 2513.3 115.8
156 1744.4 203.3
157 2089.3 89.5
158 1628.1 788.5
159 2244.7 114.1
160 2358.2 89.5
161 1623.2 124.8
162 2490 31.5
163 1728.7 31.3
164 2224 89.9
165 1649.3 102.3
166 2462.2 -3.1
167 2204.4 68
168 2164.7 22.4
169 245.4 939.9
170 2058.1 51
171 2281 -0.7
172 1903.1 65.2
173 2320.3 45.8
174 2029.5 16.7
175 2132.3 -13.7
176 2243 -44.7
177 1807.7 -38.1
178 2102.7 -47.1
179 2000.4 -19.3
180 692.3 1876.5
181 2427.1 -41.2
182 2381.3 -91.6
183 1970.8 -56.9
184 2341.7 -134.6
185 1913 -129.2
186 2178.7 -115.1
187 2070.6 -81.9
188 2208.6 -82.3
189 1610.3 -66.1
190 2038.6 -116.9
191 585.8 1969.7
192 2279 -203.6
193 1978.1 -186.3
194 2310.1 -169.5
195 2451.7 -232.8
196 1818.7 -235.6
197 2147.4 -149.4
198 1712.3 -141.3
199 2116.7 -184.3
200 2053.7 -254.3
201 1881.7 -295.7
202 599.7 1768.9
203 2246.9 -238.7
204 2216.7 -271.8
205 2539.1 -137.7
206 3203.1 -166.5
207 3104.8 -271.4
208 3187 -150
209 3271.7 -230.1
210 2593.9 -188.4
211 3412.9 -363.4
212 2358.1 -338.3
213 -1069.7 1149.2
214 2508.4 -283.4
215 2649.5 -239.8
216 2563.1 -336.4
217 3006.6 -373.8
218 2715.3 -300.5
219 3171.8 -332.8
220 2470.8 -439.5
221 2628.4 -394.8
222 2786.9 -366.8
223 2703.1 -459
224 1125.5 1499.6
225 -1187.9 1251.3
226 2908.9 -480.2
227 3073.6 -437.2
228 2414.4 -388.8
229 2856.4 -430.9
230 2376.3 -541.8
231 2608.5 -562.6
232 2773 -521.9
233 2826.8 -569.1
234 2319.4 -492.8
235 2535.3 -498.3
236 -966.9 1057.8
237 2965.5 -528.6
238 2283.3 -646.6
239 2445.7 -601.8
240 2517.2 -663.9
241 2732.7 -675.1
242 2884.6 -620.9
243 2217.4 -593.9
244 2948.6 -677.2
245 2678.9 -626.1
246 2422.3 -767.6
247 67.5 531.8
248 2589.9 -725.1
249 2644.5 -772.7
250 2353.9 -709.3
251 2791 -725.2
252 2852.3 -780.8
253 2702.5 -821.8
254 2550.9 -883.4
255 2380.3 -737
256 2765.9 -875
257 2495.9 -830.9
258 -10.5 1929.8
259 2670.7 -980.7
260 2611.5 -928.7
261 2041.7 -636.7
262 1934.4 -748.9
263 2000.9 -809
264 2107.9 -695.5
265 2162.6 -746.7
266 2056.8 -859
267 2219.5 -796.9
268 2111.9 -906.7
269 96.1 1836.6
270 1813.3 -872
271 2277.1 -846.1
272 1994.2 -921
273 1938.5 -872.5
274 1914.5 -851.3
275 2337.8 -897.1
276 2233.7 -1010.8
277 2169.1 -957.5
278 2053.4 -968.7
279 1941.6 -977.1
280 -394.2 1497.2
281 1884 -927.5
282 1900.4 -941.9
283 2396.6 -945.4
284 2494.3 -840.2
285 1992.9 -1022.8
286 2453.5 -994
287 2347.2 -1107.1
288 2290.1 -1056.9
289 2111.4 -1018.5
290 2050.7 -1069.8
291 -449.8 1546.9
292 2510.3 -1042.8
293 2606.5 -935.9
294 2105.2 -1119.9
295 2568.3 -1093.6
296 2464.3 -1205.7
297 2404.4 -1155
298 2231.4 -1120.4
299 2629.7 -1142.8
300 2725.5 -1038.1
301 2175.9 -1177.4
302 -487.4 1392
303 2225 -1225.9
304 2346.1 -1217.6
305 2155.9 -1299.6
306 2287.3 -1280.9
307 2523.4 -1257.1
308 2590.3 -1307.7
309 2334.6 -1336.9
310 2461.7 -1325
311 2396.6 -1393.8
312 2453.2 -1450.3
313 -713.2 1777.9
314 2618 -1619.6
315 2549.1 -1695.9
316 1691.2 -1004.1
317 1564.6 -1138.8
318 1923.9 -1083.1
319 1774.6 -1074.1
320 1980.8 -1135.5
321 1859.9 -1147.6
322 2038.1 -1190.9
323 2841 -1143
324 -825.9 1875.6
325 2886.6 -1224
326 2713.2 -1168.9
327 2768.2 -1218.9
328 2688.9 -1195.9
329 1646.3 -1207.4
330 1840.7 -1169.3
331 1773.1 -1243.8
332 2664.3 -1224.3
333 1954.5 -1277.9
334 2101.7 -1249.6
335 1031.8 1394.5
336 -803.3 1675.9
337 1731.3 -1284.3
338 1897.2 -1223.4
339 1828.9 -1295.9
340 2717.4 -1273.2
341 1888 -1350.5
342 2646.6 -1352.1
343 1710.9 -1306.8
344 2520.6 -1379.5
345 2071.1 -1387.9
346 2216.5 -1355.1
347 887.2 1889.4
348 2771.4 -1325.1
349 2700.3 -1403.5
350 2271.8 -1406.7
351 2017.6 -1338.8
352 1951.4 -1410.4
353 1825.4 -1418.6
354 2838.9 -1378.2
355 2761.5 -1462.1
356 2629.1 -1483.5
357 2003.1 -1460.4
358 978.9 1994.5
359 2188.6 -1495
360 2333.1 -1465
361 2574.9 -1430.7
362 2725.8 -1499.7
363 2504.5 -1505.5
364 2391.4 -1517.5
365 2133 -1444
366 2065.4 -1516.5
367 1948.8 -1518.8
368 2557.6 -1559.7
369 994.1 1793.1
370 2120.2 -1567.7
371 2310.4 -1606.6
372 2447.9 -1569.3
373 2253.1 -1553.7
374 2186.8 -1628.2
375 2071 -1620.7
376 2243.9 -1680.5
377 2366.7 -1657.6
378 2298.9 -1729.8
379 2198.2 -1729.5
380 -987.5 1459.7
381 1993.2 -2268.3
382 1923.8 -2340.7
383 2022.8 -2213.4
384 2083.1 -2353.5
385 2096.9 -2165.3
386 3791.6 -704
387 3716.8 -634.5
388 3445.2 -392.2
389 3697.9 -802.9
390 3807 -718.4
391 -900.1 1563.9
392 3054.7 -1332.7
393 3089.7 -1295.3
394 3136.1 -1407.2
395 2983.8 -1266.4
396 3017.2 -1520.5
397 1845.5 -1690.8
398 1958.3 -1797.3
399 1786.9 -1752.5
400 1902.7 -1630.6
401 1418.7 -1748.3
402 -1080.6 1355.4
403 2017.1 -1738.1
404 1728 -1814.2
405 1482.7 -1807.6
406 2078.2 -1912.5
407 1899.5 -1858.7
408 2137 -1852.4
409 1545.2 -1867.2
410 1377.9 -1918.2
411 1669.3 -1874.8
412 1840.9 -1921.7
413 -877.5 1365.4
414 1314.5 -1859.8
415 1607.8 -1927.6
416 1960.3 -2034.7
417 1781.8 -1986.2
418 1441.3 -1974.4
419 1669.4 -1984.1
420 1506.5 -2032.9
421 2261.2 -1967
422 2201.1 -2028.9
423 2325.9 -1876.4
424 188.7 1942.5
425 2017.3 -1974.8
426 1729.1 -2038.5
427 2143 -2090.8
428 1903.4 -2097.9
429 1521.9 -2046.9
430 1630.8 -2142.5
431 1865.1 -2135.4
432 1569.4 -2089.3
433 1392.3 -2181.2
434 1754.8 -2253.2
435 401.3 243.1
436 1497.1 -2278.4
437 1892.4 -2376
438 1857.7 -2411.3
439 701.1 -1902.6
440 819.3 -2018.4
441 1009.8 -1568.7
442 648 -1960
443 936.2 -2135.1
444 765.8 -2076.7
445 594.4 -2019
446 1010.6 1603.1
447 507.1 152
448 711.3 -2135.5
449 531.8 -2086.5
450 349.1 -1908.1
451 651 -2203.3
452 335.3 -2300.4
453 1021.7 -2212
454 831.3 -2250.6
455 1327.3 -2252.2
456 883.3 -2193.1
457 771.9 -2315.5
458 491.6 349.3
459 1212.8 -2373.4
460 959.7 -2266.7
461 1431.1 -2349.5
462 1259.8 -2323.5
463 908.1 -2325.9
464 1363.7 -2422.1
465 837 -2402.8
466 1553.9 -2461.6
467 1619.5 -2390.5
468 1093.6 -2709.5
469 2.4 1732.7
470 1304.4 -2485.8
471 1485.8 -2535.3
472 1683.4 -2582.8
473 1187.2 -2612.1
474 1757 -2517.9
475 1727.4 -2548.2
476 1426.5 -2599.5
477 1613.2 -2655.6
478 1309.4 -2725.4
479 1552.9 -2717.1
480 24.6 1527.8
481 1474.3 -2823.7
482 1428.6 -2832
483 1346.5 -2944.3
484 1266.9 -3029.8
485 1331.9 -2930.7
486 910.3 -1005.7
487 298.9 -1666
488 1040.4 -1534.8
489 202.5 -1767.2
490 -3.3 -1981.4
491 705.6 1678.6
492 -701.6 -3420.3
493 -38.6 -3716.2
494 410.7 -3425.9
495 349.6 -3488.1
496 506.1 -3509
497 673.5 -3656.6
498 738.2 -3588.6
499 655.1 -3640.7
500 -918.3 -3654.3
501 -680.3 -3857.3
502 551.2 1711.8
503 32 -3642.4
504 -88.9 -3769.8
505 304 -4011.5
506 225.6 -3943.9
507 360 -3952.3
508 242.7 -4072.7
509 577 -3572.2
510 585.7 -3714
511 -154.5 -4206.8
512 -246.1 -4124.8
513 -1010 1664.4
514 -289.7 -4169.8
515 -6.1 -4205.1
516 -397.2 -4098.9
517 -425.8 -4073.6
518 -81 -4133.7
519 -175 -4048.8
520 82.9 -4176.1
521 -339.2 -4037.8
522 -25.5 -4076.6
523 173.8 -4134.2
524 325.2 1449.4
525 155.9 -3882.8
526 284.3 -3880.6
527 106.7 -4072.1
528 169.3 -4007.6
529 444.6 -3576.8
530 37.5 -4008.5
531 55.5 -3796.8
532 4 -3855
533 98.7 -3942.1
534 258.7 -3402.5
535 88.5 2753.7
536 208.2 -3456.9
537 150.2 -3518.7
538 299.3 -3542.6
539 90.9 -3579
540 239 -3605.6
541 392.9 -3631.7
542 181.8 -3665.8
543 332.3 -3694.1
544 513 -3642.5
545 120.8 -3729.8
546 299.9 2757
547 274.4 -3754
548 460 -3695.9
549 534.1 -3768.4
550 216.5 -3817.1
551 341.9 -3819.3
552 401.4 -3757.5
553 476.2 -3829.6
554 -150.9 -3834.5
555 417.1 -3891.9
556 -56.4 -3921.7
557 -398.1 1698.2
558 1152.8 1097.2
559 -214.5 -3902.9
560 -120.3 -3990.4
561 -269.4 -3962.9
562 2224.7 -2074.4
563 2295.5 -2152.1
564 3911.6 -2120.7
565 3830.6 -2045.6
566 3679.5 -2363.8
567 3993.9 -2034.4
568 2375.2 -2233.1
569 1045.9 1190.7
570 2186 -2255.2
571 2271.9 -2342.8
572 2229.5 -2389.5
573 2100.6 -2509.5
574 2175.1 -2438.5
575 2034.1 -2577.9
576 2979.6 -2547.8
577 2759.1 -2980.5
578 2946 -2550.2
579 2829.5 -2573
580 -380.9 1299.2
581 2602.3 -2787.1
582 2674.7 -2711.8
583 1752.3 -2572.1
584 1969.3 -2647.1
585 1902.7 -2717
586 1801.7 -2822.7
587 1963.9 -2781.4
588 2578.2 -2812.3
589 2665 -2893
590 1754.4 -2802.8
591 -35.4 2327
592 1808.3 -2845.9
593 2209.2 -3357
594 1928 -2953.5
595 2034.9 -3061.1
596 1858.1 -2890.4
597 2944.6 -3153.1
598 3249.8 -2818
599 2360.9 -3848
600 2353 -3822.5
601 1389.2 -4796.3
602 1427.6 1409.6
603 2918.7 -5576.8
604 396.2 -3984.7
605 945.9 -5260.6
606 3371.3 -3055.4
607 3313.2 -5313.6
608 3594.9 -5453.8
609 2144 -6203.5
610 3 -4462.9
611 1734.6 -2824.4
612 1579.3 -2810.4
613 1532.3 1315.3
614 1678.4 -2889.1
615 1519.9 -2861.4
616 1787.6 -2872.4
617 1379.2 -2934.7
618 1574.4 -2903.4
619 1471.1 -2919.2
620 1733.9 -2938
621 1841.7 -2924.3
622 1629.9 -2948.2
623 1427.9 -2971
624 -766.1 1074.6
625 1793.3 -2985.2
626 1944.8 -3022.9
627 1687.3 -2995.3
628 1332.7 -2984.1
629 1525 -2962.5
630 1482.3 -3016.3
631 1845.9 -3029.9
632 1638.3 -3052.4
633 1745.3 -3043.9
634 1580.5 -3005.7
635 -858.6 963.5
636 1537.3 -3059
637 1899.5 -3073.6
638 1993.2 -3080.2
639 1382.5 -3026.5
640 1334 -3085.1
641 1136.5 -3166.6
642 1798.9 -3087.7
643 1696.3 -3102.7
644 1592.4 -3108.5
645 1491.5 -3114.9
646 418.3 1555.9
647 1852.3 -3131.5
648 1911.2 -3178.7
649 1438.5 -3070.5
650 1391.1 -3130.4
651 1341.6 -3187.9
652 1652.7 -3156.3
653 1548.7 -3163
654 1503.3 -3221
655 1750.8 -3147.6
656 1706.6 -3201.4
657 522.3 1467.8
658 1663.1 -3254.7
659 1863 -3239.9
660 1013.9 -3295.2
661 1227.1 -3241.7
662 1116 -3147.4
663 1805.1 -3192.3
664 1760.2 -3246.4
665 1455.2 -3281.9
666 1523.3 -3484.2
667 964.7 -3250.2
668 -508.3 1793
669 35.9 1121.2
670 1271.2 -3277.5
671 1162.4 -3310.4
672 1364.1 -3354.3
673 1043.4 -3435.3
674 1271.2 -3400
675 1382.8 -3369.8
676 1443.1 -3418.7
677 1495.1 -3460.9
678 1185.2 -3441.5
679 1384.5 -3491.1
680 -130.9 516.7
681 1097.1 -3485.9
682 929.8 -3555.8
683 1343.3 -3587.5
684 1455.1 -3550.1
685 1222.3 -3597.4
686 984.9 -3604.9
687 3624.1 -732.2
688 3611.3 -908.5
689 3530.2 -831.3
690 3581.1 -940.2
691 -568.1 1087.4
692 3435.6 -931
693 3516.2 -1008.3
694 3423 -1106.1
695 3341.3 -1030.5
696 3327.7 -1206.1
697 3246.9 -1130
698 3250.4 -1288.4
699 3133.7 -1250.2
700 3222.9 -1316.1
701 2887.6 -1398.9
702 55.1 2433.5
703 2767.4 -1522.7
704 2941.7 -1450.1
705 3208 -1473.7
706 3272.2 -1533
707 3161.8 -1430.9
708 2903.3 -1641.7
709 2827.2 -1570
710 3159.4 -1655.8
711 3338.8 -1594.6
712 3222.4 -1715
713 613.3 1571.2
714 3386.4 -1638.9
715 3093.1 -1591.7
716 2788 -1761.8
717 2979.6 -1712.8
718 3045.8 -1774.5
719 2713 -1692.8
720 3108.4 -1834.5
721 2862.6 -1830.7
722 2674 -1884
723 2930.2 -1895.7
724 558.8 1619.5
725 2648 -1757.5
726 2634.8 -1922.5
727 2993.6 -1956.7
728 3176 -1897.4
729 2814.2 -2018.6
730 2661.3 -2041.6
731 2875.2 -2077.1
732 3063.2 -2022.1
733 2746.1 -1952.6
734 2701.6 -2133.4
735 427.3 1359.2
736 2754.5 -2209.7
737 2822 -2278.8
738 3204.7 -2736.7
739 3276.6 -2660.4
740 3157.2 -2657.7
741 3518.9 -2532.1
742 3549.1 -2239.5
743 3614.5 -2301.8
744 3435.8 -2362.1
745 3565.3 -2481.4
746 442.7 1159.8
747 3501.3 -2421.5
748 3349.5 -2281.8
749 3235.5 -2398.1
750 3296.5 -2232.2
751 3465.9 -2160.1
752 3124.1 -2514.9
753 3181.4 -2351.7
754 3242.8 -2183.5
755 3412.4 -2110.9
756 3692.2 -1918.7
757 255.8 2450.7
758 3577.6 -2040.9
759 3752.1 -1972.6
760 3637.8 -1869.5
761 3523.4 -1990.5
762 3325.5 -2480.1
763 3931.5 -1463.6
764 3981.7 -1517.8
765 3856.3 -1544.2
766 4039.1 -1568.3
767 4091.8 -1616.2
768 829.2 -127.8
769 4070.9 -1638.5
770 4124 -1583.4
771 3210.9 -2601
772 3908.9 -1594.7
773 4399.5 -1278.4
774 4576.5 -1444.2
775 4285 -1411.8
776 3390.3 -2539.8
777 3453.6 -2473.5
778 4150.6 -1715.2
779 -300.3 1807.5
780 931.7 -221.3
781 4202.5 -1658.5
782 4095.3 -1770.6
783 4185.8 -1746.4
784 4230.3 -1468.7
785 4288.3 -1519.9
786 4179 -1525.4
787 4254.1 -1594.9
788 4235.4 -1636.6
789 4150.7 -1820.4
790 4015.4 -1695.6
791 -474.9 1193.5
792 4706.4 -1566.5
793 4855.2 -978.1
794 4346.2 -1323.1
795 4299.9 -1369.7
796 4344.9 -1226.2
797 4273.8 -1158.3
798 4238.3 -1124.6
799 4318.7 -1201.3
800 4263.4 -1259.3
801 4226.1 -1298.6
802 -130 2219.2
803 4196.5 -1179.5
804 3802.4 -1600.1
805 3856.5 -1650.4
806 3751 -1654.8
807 3964.4 -1645.8
808 3910.4 -1702
809 3804.5 -1705.9
810 3677.1 -1732.8
811 3962.6 -1751.3
812 3730 -1783.3
813 -169.5 2173.9
814 3642.7 -1769.2
815 4041.8 -1827
816 3912.1 -1805.5
817 3858.8 -1757.1
818 3587.3 -1823.9
819 3784.4 -1832.1
820 3695.6 -1819
821 3838.2 -1884.1
822 4081.7 -1864.3
823 3988.6 -1880.4
824 677.6 561.2
825 4031.3 -1919.3
826 3749.1 -1869.5
827 3915.1 -1957.6
828 3802.5 -1920.5
829 3118.3 -5444.8
830 3164.2 -5567.4
831 3022.1 -5510.9
832 3071.7 -5629
833 3260.4 -5756.6
834 2956.1 -5713.7
835 567.4 659.1
836 2978.2 -5695.3
837 2656.3 -5923.3
838 3119.1 -5828.3
839 3343.7 -5777.2
840 -988.7 -3726.2
841 -963.4 -3698.7
842 -362.6 -4695.5
843 247.8 -4164.4
844 -615.7 -4476.5
845 -106.3 -4493
846 775.3 672.9
847 -675.5 -4538.8
848 -528.5 -4551.9
849 -133.3 -4515.2
850 -728.3 -4593.5
851 -593.9 -4620.5
852 -440 -4629
853 -162.3 -4589.2
854 -85.9 -4661.1
855 -238.7 -4678.1
856 -782.1 -4648.4
857 386.8 1956
858 -647.4 -4674.1
859 -513.1 -4701
860 -166.6 -4747.6
861 -4 -4582.3
862 -97.9 -4813.7
863 -701.1 -4727.1
864 -320.6 -4764.8
865 -566.5 -4754.4
866 -429.1 -4781.7
867 -617.2 -4808.6
868 372.6 2156.2
869 -249 -4834
870 -482.7 -4834.8
871 -404.6 -4847.5
872 -450.1 -4803.3
873 -181.3 -4900.6
874 -817.2 -5219.6
875 -332.4 -4919.8
876 -263.5 -4985.2
877 -1952.2 1929.9
878 -1897.7 1880.8
879 135.8 1033.2
880 -2067.7 1867.5
881 -2444.5 2352
882 -2165.1 1205.4
883 -2040.2 1339.3
884 -2685.5 648
885 -3471.4 279.1
886 -2158.6 1773
887 -3646.7 218.6
888 -3230.6 56.1
889 -3263 86.3
890 845.8 1179.7
891 149.9 833.3
892 -2802.1 5232.2
893 -2866 5166.6
894 -2584.9 5017.8
895 -3236.8 5650.4
896 -3020.7 5001.7
897 -3074.9 4943.3
898 -2970.2 5056.7
899 -2919.3 4906.4
900 -3128.5 4888.9
901 -2470.6 4903.9
902 -535 2202.7
903 -2526.8 4843
904 -2412.5 4848.3
905 -2578.3 4788.6
906 -2645.8 4955.9
907 -2351.3 4790
908 -2226.4 4669.7
909 -2460 4674.9
910 -2630 4735.9
911 -3290.1 4716.6
912 -2407.4 4728.9
913 -692.9 1580.1
914 -2681.3 4680.7
915 -2748.2 4847.7
916 -2289.5 4612.2
917 -2338.1 4561.4
918 -2631.5 4631.6
919 -2510.3 4620.1
920 -3191 4622.7
921 -2218.4 4446.5
922 -2390 4507.6
923 -2562.1 4566
924 265.9 2249.3
925 -2442.5 4453.4
926 -2167.7 4496.6
927 -2615.5 4509.7
928 -2685.5 4575.5
929 -3070.7 4510.4
930 -3016.5 4567.3
931 -2098.7 4334.3
932 -2270 4393.4
933 -2495.3 4397.4
934 -2547.6 4339.6
935 464.8 2266.1
936 -2150.5 4280.9
937 -2322 4338.2
938 -2202 4224.5
939 -2375.1 4281.7
940 -2829.1 4284.1
941 -2777.7 4339.2
942 -2948.5 4395.5
943 -2255.1 4169.8
944 -1853 3910.5
945 -1590.2 4197.1
946 206.6 1740
947 -1644.7 4130.5
948 -1542.6 4159.5
949 -2307.5 4114.2
950 -2705.8 4166.6
951 -2895.2 3957.5
952 -2589.4 4055.9
953 -2535.6 4111.9
954 -1231.3 3976.2
955 -1169.6 4041.7
956 -1296.2 3907.9
957 -314.5 2008
958 -1323.8 4033.6
959 -1152.8 3907.1
960 -2467.1 3944.9
961 -2499.1 3972
962 -1772.5 3841.6
963 -1797.4 3966.7
964 -1902.8 3858.6
965 -1399 3800
966 -1471.8 3868.3
967 -1347.1 3854.4
968 -117 2022.2
969 -1450.8 3745.3
970 -2215.1 3710.9
971 -2270 3758.8
972 -1554.9 3637.3
973 -1606.9 3580.8
974 -1467.4 3567.6
975 -1502.7 3691.1
976 -935.8 3604
977 -877.4 3531.1
978 -952.2 3624
979 -605 1682.4
980 -2123 3626.7
981 -2174.6 3572.5
982 -2057.9 3696
983 -1388.1 3506
984 -1453.6 3436.7
985 -1322.5 3451.1
986 -1062.9 3476.2
987 -1132.8 3540.4
988 -1009.6 3529.9
989 -813.2 3440.6
990 571.8 2171.6
991 -757.8 3353.5
992 -2434.9 3478.5
993 -2377.7 3538.5
994 -2488.2 3528.4
995 -2336.2 3402.8
996 -1735.1 3444
997 -1656.2 3371.6
998 -1708.9 3472
999 -1759.7 3417.8
1000 -864.6 3387.6
1001 953.8 1086.2
1002 675.3 2078.3
1003 -801.2 3321.4
1004 -1265.5 3399
1005 -1193.9 3338.4
1006 -2285.7 3359.4
1007 -921.3 3335.6
1008 -995.5 3413.3
1009 -854 3269.5
1010 -917.5 3197.3
1011 -992.3 3263.1
1012 -1044.3 3207
1013 479.9 2062.9
1014 -967.6 3139.7
1015 -893.5 3075.7
1016 -2035.5 3124.3
1017 -1954.8 3054.2
1018 -1929 3237.6
1019 -2173.1 3261
1020 -2376.9 2759.7
1021 -17.8 2993.9
1022 -179.4 3302.7
1023 -170.1 2823.9
1024 -51.4 821.3
1025 82.5 2906.6
1026 -2622.3 2497.2
1027 -2559.2 2448
1028 -2529.1 2597.5
1029 -2671.9 2435.7
1030 -1044.9 2261.4
1031 -1139 2352.4
1032 -1237.9 2054.8
1033 -1120.6 1951.5
1034 -1288.7 2000.8
1035 1047.2 2076.6
1036 -1523.1 1743.6
1037 -3261.2 -1850.5
1038 -3650.4 -1250.8
1039 -3112.4 -1833.8
1040 -3023.3 -1856
1041 -3338.2 -1923.4
1042 -3075.7 -1913.5
1043 -2958.2 -1911.5
1044 -3134.3 -1858.4
1045 -3015.7 -1970.5
1046 306.8 136.6
1047 -2790.1 -2069.6
1048 -3135.1 -1973.3
1049 -3190.9 -1916.4
1050 -3265.1 -1994.6
1051 -3411.6 -2000.7
1052 -3071.7 -2031.9
1053 -3205.9 -2050
1054 -3489.3 -2079.8
1055 -3145.5 -2109.4
1056 -3279 -2125.3
1057 209.6 223.5
1058 -3337.1 -2070
1059 -3413.7 -2151.6
1060 -3546.4 -2141.4
1061 -3218.1 -2184.4
1062 -3355.4 -2206.3
1063 -3470.9 -2212
1064 -3601 -2199.4
1065 -2688.6 -2167.7
1066 -2801.3 -2283.8
1067 -2752.4 -2106.2
1068 814 1585.2
1069 -3294.2 -2263.8
1070 -4007.1 -2222.7
1071 -3412.2 -2267.1
1072 -3526.6 -2270
1073 -3660.5 -2262.5
1074 -3908.9 -2314.9
1075 -4056.8 -2276.3
1076 -3225.8 -2324.2
1077 -3351.2 -2324.1
1078 -3190.4 -2697.2
1079 796.3 1787.1
1080 -3467.4 -2324.7
1081 -3723.1 -2327.1
1082 -3958.5 -2368.7
1083 -3284.4 -2387.1
1084 -3154.4 -2387.7
1085 -3404.3 -2382.4
1086 -3804.7 -2411.1
1087 -3525.1 -2388.7
1088 -3645.8 -2400.8
1089 -3584.5 -2332.8
1090 1103.5 189.7
1091 -4107.4 -2330.4
1092 -4010.9 -2422.6
1093 -3215.6 -2451.3
1094 -3337 -2442.8
1095 -3857.1 -2467.1
1096 -3461.9 -2447.2
1097 -3588.2 -2455.8
1098 -3909.7 -2519.6
1099 -3397.3 -2506.7
1100 -3268.8 -2507
1101 997.5 283.4
1102 -3524.7 -2515.2
1103 -3328.1 -2570.2
1104 -3462.7 -2576.8
1105 -3582.8 -2582.4
1106 -3963.7 -2578.7
1107 -3393.1 -2640.1
1108 -3520.2 -2639.4
1109 -3639.6 -2642.2
1110 -3889 -2649.2
1111 -3258.8 -2635.6
1112 -3033.4 -1652.6
1113 938 1289.1
1114 1202 300.2
1115 -3323.6 -2703.6
1116 -3452.2 -2702.8
1117 -3578.5 -2698.8
1118 -3700.9 -2704.9
1119 -3829.3 -2704.9
1120 -3253.4 -2764.7
1121 -3382.5 -2767.9
1122 -3508.6 -2764
1123 -3638.9 -2764
1124 -3762.7 -2766.3
1125 -782.9 1470.3
1126 -3314.7 -2828.2
1127 -3439.2 -2831.1
1128 -3372.9 -2890.9
1129 -4348.3 727.8
1130 -4332.7 864
1131 -4890.7 139.2
1132 -4383.3 -563.1
1133 -4328.5 -614.2
1134 -276.4 2917.8
1135 -224.7 2870
1136 220.6 2633.1
1137 -1753.8 2879.8
1138 -1729.1 2858.4
1139 -1808.9 2927.7
1140 -267.8 2717.4
1141 -66.9 2731.7
1142 -373.5 2810.5
1143 -478.2 2906.3
1144 -1696.8 2830.4
1145 -1761 2756.1
1146 -1644.1 2784.6
1147 1481.5 621.8
1148 -1817.2 2804.9
1149 -1541.1 2899.4
1150 -1587 2735
1151 12.3 2817.1
1152 -363.9 2612.2
1153 -320.5 2764.5
1154 -1864.3 2639.6
1155 -2406 2728.9
1156 -1918.3 2690.8
1157 -1650.3 2661.1
1158 1594 523.6
1159 -1529.8 2685.6
1160 -470.5 2705.3
1161 -1708.4 2711.2
1162 -1428.7 2801.3
1163 -1462.6 2627
1164 -1894.7 2668.4
1165 -1998.8 2557.4
1166 -1719.4 2581.8
1167 -457.5 2505.9
1168 -258.8 2519.2
1169 1529.4 674.2
1170 -1534.2 2559.8
1171 -1801.1 2603.8
1172 -563.1 2598.2
1173 -671.6 2694.6
1174 -1595 2612.5
1175 -1406.8 2578.6
1176 -1375.7 2551.7
1177 -1698.5 2570.5
1178 -2472.2 2546.9
1179 -1752.9 2515
1180 -289.9 1402.9
1181 -1660 2539.1
1182 -1084.3 2869.7
1183 -1596.1 2482.6
1184 -1942.3 2506
1185 -2166.9 2376.2
1186 -1639.2 2521.3
1187 -548.6 2401.2
1188 -1341.9 2522.3
1189 -1405.6 2448.9
1190 -1310.4 2495
1191 -266.8 1199.5
1192 -2416.3 2495.3
1193 -654.4 2494.6
1194 -617.2 2461.7
1195 -1470.9 2504.4
1196 -1278.5 2467.3
1197 -1234.7 2429.6
1198 -1044.7 2461.4
1199 -953.8 2566.7
1200 -943.4 2371.9
1201 -2500.5 2400.2
1202 -526.1 673.6
1203 -2359.5 2444.1
1204 -1467 2369.6
1205 -1533.6 2428.6
1206 -642.3 2296.1
1207 -441.4 2310
1208 -2204.4 2335.2
1209 -1216.5 2406.2
1210 -1843.6 2418.8
1211 -1789.7 2372
1212 -1891.4 2462.1
1213 -434.1 782.2
1214 -1940 2315.8
1215 -745.9 2387.2
1216 -847.7 2475.4
1217 -1342 2393.3
1218 -1885.7 2266.6
1219 -1694.5 2465.4
1220 -1587.6 2368
1221 -1516.1 2304.4
1222 -2111.5 2323.3
1223 -1406.8 2318.8
1224 751.7 1075.2
1225 -629.7 762.1
1226 -1193.4 2392.5
1227 -1277.5 2336
1228 -1336.5 2257.5
1229 -735.7 2191.5
1230 -1633.2 2315.8
1231 -1562.6 2252
1232 -1497.7 2194.4
1233 -2033.6 2212.1
1234 -2072.3 2261.2
1235 -838.8 2283
1236 626.8 1371.4
1237 -1207.1 2274.3
1238 -1146.3 2345.6
1239 -1676.1 2269.8
1240 -1387.3 2187.8
1241 -1270.4 2200.1
1242 -1605.7 2203.9
1243 -1234 2241.3
1244 -835.3 2080
1245 -627.4 2097.9
1246 -1174.4 2121.9
1247 -543.3 880.3
1248 -1729.7 2214.5
1249 -1656.6 2148.1
1250 -1433.5 2137.5
1251 -1475.7 2088.1
1252 -1328.1 2134.3
1253 -1140.3 2159
1254 -1540.4 2144.4
1255 -1702.7 2095.5
1256 -1797.1 1991.1
1257 -1638.3 2034.8
1258 -451.2 986.4
1259 -1577.1 1979.4
1260 -1028.8 2057.8
1261 -938.6 2161.4
1262 -1415.3 2033.5
1263 -929.6 1969.4
1264 -1020.9 1863.8
1265 -1510.7 1920.1
1266 -1672 1877.1
1267 -1171.4 1894.8
1268 -1329.4 1957.5
1269 718.3 1480.2
1270 -1378.5 1902.7
1271 -1731.5 1931.7
1272 -1426.7 1849
1273 -1114.8 1758.2
1274 -913.5 1772.5
1275 -1768.4 1768.9
1276 -1831.7 1823.1
1277 -1308.6 1740.9
1278 -1603.6 1815.1
1279 -1205.7 1651.1
1280 331.8 2534.9
1281 -1212.3 1849
1282 -1802.9 1590.6
1283 -1101.1 1559.2
1284 -1192.3 1455
1285 -2392.6 2180
1286 -2460.3 2100
1287 -2286.7 2052.7
1288 -2507.9 2166
1289 -2537.4 2114.3
1290 -2978.9 2105.4
1291 363.1 2355.1
1292 -2360.4 1975.7
1293 -1999.3 1794.5
1294 -1934 1727.8
1295 -1870.7 1658.7
1296 -2012.1 1638.7
1297 -2084.4 1704.2
1298 -1875.9 1511.2
1299 -1947.4 1577.9
1300 -707.5 3152.6
1301 -631 3230.5
1302 661.9 771.1
1303 -756.1 3098.2
1304 -505.2 3115.6
1305 -565 3169.3
1306 -603.9 3014.9
1307 -382.1 3008.9
1308 -408.6 3213.8
1309 -710.1 3103.8
1310 -832.3 3021
1311 -987.5 2967
1312 -776.2 2972
1313 734.7 -236.6
1314 -925.2 2916
1315 -322.2 2957.9
1316 -702.4 2909.2
1317 -1016 2810.8
1318 -799.8 2806.8
1319 -575.1 2797.2
1320 -1486.6 2852.1
1321 -868.2 2867
1322 -1260.2 2839.1
1323 -1353.1 2733.7
1324 628.3 -141
1325 -1324.7 2896
1326 -981.4 2780.3
1327 -1114.1 2709
1328 -846.9 2757.5
1329 -1182.2 2770.2
1330 -961.2 2762.6
1331 -895 2700
1332 -1276.2 2665.4
1333 -1212.5 2608.4
1334 -1002.6 2609.2
1335 560.4 860.2
1336 -359.6 1092.7
1337 -760.9 2584.6
1338 -1053.2 2654.5
1339 -1096.4 2506.1
1340 -1179.6 2579.3
1341 -1146 2549.6
1342 -1854.2 4374.1
1343 -1809.6 4420
1344 -1637.1 4221.6
1345 -2090.9 4535.1
1346 -1497 4129.3
1347 915.2 1495.6
1348 -1567.8 4059.1
1349 -1407.3 4077.5
1350 -1515.9 4142.3
1351 -1082.7 3829.3
1352 -1369.9 3978.6
1353 -1272.1 3780.5
1354 -1219 3835.2
1355 -1144 3763.7
1356 -1041.4 3748.9
1357 -1196.2 3708.6
1358 650.8 2265.3
1359 -997.4 3684.4
1360 -1375.2 3672.5
1361 -1324.1 3726.8
1362 -1248.2 3653.6
1363 -1133.7 3648
1364 -1078.6 3596.8
1365 -1299 3600.2
1366 -1237.8 3539
1367 -1185.5 3592.9
1368 -1182.6 3487
1369 540 2351.6
1370 -942.4 3464.6
1371 -1658.4 3525.8
1372 -1579.5 3452
1373 -1114.9 3420.9
1374 -1528.1 3506.2
1375 -1504.5 3380.9
1376 -1099.6 3436.6
1377 -1033.8 3372.8
1378 -1069.2 3331.3
1379 -1578.6 3301.3
1380 1165.7 900.1
1381 -1446.8 3327
1382 -1121.4 3273.9
1383 -1830.8 3341.9
1384 -1520.3 3250.7
1385 -1390.4 3275.5
1386 -1676.2 3200.6
1387 -1460 3198.6
1388 -1754.5 3267.7
1389 -1849.9 3166.1
1390 -1775.1 3102.7
1391 534.3 1266.3
1392 -1611.3 3145
1393 -1879.6 2989
1394 -1703.2 3039.6
1395 -1623 2969.8
1396 -3719 6115.9
1397 -3634.4 6203.7
1398 -3776.3 6052
1399 -3795.7 6188.6
1400 -3616.3 6019
1401 -3673.2 5958.2
1402 66.1 2236.1
1403 -3826 5998.2
1404 -3512.6 5917.5
1405 -3725.2 5904.4
1406 -3878.9 5944.3
1407 -3568.7 5857.9
1408 -3776.9 5849.1
1409 -3930.8 5890.9
1410 -3423.2 5831.9
1411 -3620.5 5803.6
1412 -3828.6 5794.3
1413 -118 316.5
1414 -3983.5 5834.5
1415 -3672.9 5748.9
1416 -3881.4 5739.3
1417 -4037.2 5781.6
1418 -3571.1 5757.6
1419 -3722.6 5695.6
1420 -3933.5 5684.3
1421 -4088.7 5729
1422 -3619.5 5698.7
1423 -3775.5 5641.3
1424 -659.4 982.1
1425 -3985.8 5631
1426 -4141.1 5673.8
1427 -3673.9 5650
1428 -3827.7 5585.8
1429 -4037.6 5576.2
1430 -4190.1 5622.3
1431 -3729.3 5596.2
1432 -3878.9 5532.7
1433 -4086 5524.4
1434 -4242.9 5565.1
1435 1766.7 948.1
1436 -3779.8 5541.8
1437 -3930.7 5476.2
1438 -4278.8 5526.4
1439 -4138.9 5468.9
1440 -3829.4 5487.6
1441 -4408.5 5391.3
1442 -3980.4 5425.7
1443 -3881.2 5433.4
1444 -4032.6 5369.5
1445 -4304 5294.6
1446 447 960.5
1447 1654.9 1031.2
1448 -3933.3 5378.4
1449 -4576.5 5214.3
1450 -3985.1 5323.7
1451 -4199.5 5194.1
1452 -4472.9 5115.5
1453 -2920.3 5109.1
1454 -4367.6 5017.2
1455 -2212.8 5419.5
1456 -4035.8 4712.3
1457 -2697.8 4900.5
1458 -36.5 622.1
1459 -2974.1 4848.3
1460 -2800.6 4794
1461 -3181.9 4830.2
1462 -3027.5 4793.6
1463 -3235.2 4774.7
1464 -2731.9 4727.5
1465 -3081.3 4737.4
1466 -2909.3 4680.7
1467 -3135.6 4681.1
1468 -2856 4735.1
1469 159.3 2344
1470 -2788 4566
1471 -2787 4670
1472 -2735.7 4621.4
1473 -2963.8 4623.8
1474 -2116.9 4568.7
1475 -2023.7 4667.4
1476 -2842.4 4508.7
1477 -2669.1 4452.1
1478 -2894.9 4453.9
1479 -2145.3 4476.4
1480 -24.9 2128.3
1481 -1997 4441.5
1482 -2048.4 4387.1
1483 -2723 4394.8
1484 -2601.5 4282.4
1485 -2428.8 4225.7
1486 -2656.2 4224
1487 -2482.7 4169.1
1488 -1694.6 4077.2
1489 -3024.5 4076.9
1490 -2362 4057.8
1491 52.6 726.6
1492 -2416.3 4000.1
1493 -1747 4020.6
1494 -1618.7 4003.4
1495 -1516.5 4011.4
1496 -3075.9 4024.1
1497 -2962.4 4019.4
1498 -1669.2 3948.5
1499 -3141.1 3953.8
1500 -3014.4 3963.5
1501 -2548.3 3920.2
1502 1090.6 1901.8
1503 -1595.3 3877.5
1504 -1721.2 3895.4
1505 -1422.8 3921
1506 -3077.4 3896.3
1507 -2931.2 3918.7
1508 -2949.3 3901.6
1509 -2833.4 3829
1510 -1524.9 3812.6
1511 -1543.1 3933.1
1512 -3004.7 3840
1513 693.5 362.1
1514 -3191.7 3901.4
1515 -3127.6 3842.6
1516 -1954.1 3805.7
1517 -1695.5 3768.5
1518 -1823 3786.3
1519 -1645.2 3823.8
1520 -2902.7 3756.6
1521 -3060.2 3781.8
1522 -2730.2 3740.1
1523 -1876.3 3731.3
1524 494.4 1861.5
1525 -2005.8 3750.1
1526 -2328.6 3813.7
1527 -2404 3886.8
1528 -1628.1 3704.5
1529 -1577.3 3757.7
1530 -2624.1 3497.7
1531 -2376.7 3647.8
1532 -1927 3677.2
1533 -1799.4 3659.2
1534 -2803.1 3662.9
1535 297.9 1849.1
1536 -1747.9 3713.8
1537 -2627.9 3651.6
1538 -1978.1 3622.6
1539 -2430.9 3699.3
1540 -2417.1 3715.2
1541 -1851 3605.8
1542 -1730.1 3596.1
1543 -1679.6 3650.2
1544 -2266.3 3652.9
1545 -2703.5 3571
1546 254.6 742.6
1547 -2320.4 3598.6
1548 -2545.9 3578.8
1549 -2043.2 3553.8
1550 -1902.2 3551.1
1551 -1782.5 3539.8
1552 -2231.4 3513.2
1553 -2076.4 3582.3
1554 -2184.4 3468.5
1555 -2501.5 3625.1
1556 -1834 3486.3
1557 659.8 969.6
1558 1389.3 518.2
1559 -2022.5 3533.8
1560 -2127.9 3417.8
1561 -2287.6 3453.1
1562 -1965.9 3482.2
1563 -1897.8 3417.2
1564 -2073.3 3369.5
1565 -2229.4 3311
1566 -2002.4 3304
1567 -4340.6 6700.9
1568 -3976.2 7012.5
1569 1285.1 607.7
1570 -4268.5 6650.6
1571 -4214.1 6596.8
1572 -4084.1 6465.5
1573 -3895.8 6910.6
1574 -3953.4 6333.7
1575 -3867.5 6254.4
1576 -3860.7 6431.1
1577 -3776.4 6346
1578 -3707.4 6277
1579 -852.8 3955.9
1580 1434.8 568.6
1581 -795.3 3904.3
1582 -885.8 3808.3
1583 -941.4 3860.6
1584 -706.6 3817.7
1585 -831.1 3755.8
1586 -656.5 3764
1587 -742 3672.3
1588 -796.5 3724.8
1589 -582.8 3700.7
1590 -474.3 3670.1
1591 -591.6 1486.3
1592 -508 3633.2
1593 -669.5 3605.9
1594 -820 3589.1
1595 -592.1 3534.9
1596 -524.1 3471
1597 -664.6 3438.2
1598 -750 3518.7
1599 -496.6 3497.6
1600 -431.8 3430.5
1601 -371.7 3373.2
1602 -755.9 873.8
1603 -528.5 3333.7
1604 -603.3 3390.8
1605 -467.6 3272.9
1606 -698.4 3291.3
1607 -190.5 3324.6
1608 -334.7 3289.9
1609 -232.1 3144.6
1610 123.3 2957.7
1611 58 2789.6
1612 -2759.2 6104.1
1613 404.1 1755.7
1614 -2647.8 6192.9
1615 -2771.8 6136
1616 -1213.6 4594.5
1617 -937.3 4288.6
1618 -1402.5 4733.6
1619 -1321.6 4683.5
1620 -1456.6 4754.9
1621 -3170.8 6692.3
1622 -1746.4 4541
1623 -1645.1 4650.7
1624 1263 1887.9
1625 -1399.3 4597.9
1626 -2844 6443.8
1627 -2964.4 6317.4
1628 -2960.8 6554.3
1629 -2785.9 6369.3
1630 -1499.3 4491.8
1631 -2719.9 6316.6
1632 -3081.3 6425.4
1633 -1965.3 5321.7
1634 -1797.6 5246
1635 1117.8 -7.1
1636 -2220.4 4799.3
1637 -1708.8 5200.4
1638 -3420.4 6431.3
1639 -1794.8 5111
1640 -1608.9 5108.3
1641 -1904.3 4797.1
1642 -1852.6 4850.6
1643 -2001.1 4894
1644 -3011.1 6133.2
1645 -2948.4 6074.8
1646 383.3 2592.9
1647 -2898.9 6252.3
1648 -1750.6 4960.9
1649 -1698.8 5015.1
1650 -1848.6 5054.9
1651 -3136.4 6368.2
1652 -3193.4 6309.1
1653 -3252.5 6247.4
1654 -3076.8 6197.6
1655 -3305.4 5957.5
1656 -2834.9 6194.8
1657 636.4 1175.1
1658 -2887.5 6017.4
1659 -3001.4 5898
1660 -3062.7 5956.4
1661 -1802.3 4906
1662 -1903.2 4998.7
1663 -1955.7 4741.9
1664 -2125.1 4764
1665 -2054.6 4837.8
1666 -3122.9 6014.3
1667 -3191.4 6076.8
1668 544.3 1072.6
1669 595.2 1029.1
1670 -1952 4946
1671 -3176 5834.7
1672 -3115.2 5777.8
1673 -3296.9 5707.8
1674 -3237.8 5893.4
1675 -3359.5 5768.9
1676 -3557.6 6425
1677 -3632.4 6350.6
1678 -3483.6 6499
1679 -3489 6356.5
1680 640.8 -348.4
1681 -3628.1 6495.5
1682 -3562 6282.5
1683 -3703.6 6419.5
1684 -3656.1 6633.1
1685 -3866.8 6970.6
1686 -3549.8 6572
1687 -3710.2 6577.6
1688 -3579 6604
1689 -3789 6502.1
1690 -354.6 1652.4
1691 526.7 -243.8
1692 3091.1 -2551.9
1693 -1969.5 189.7
1694 -1332.8 -26.7
1695 1100.4 1702.4
1696 905.3 1690.4
1697 -2780.9 -1324.6
1698 -2804.1 -1343.4
1699 -2759.5 -1345.6
1700 -2839.2 -1395.9
1701 -2018.3 234.7
1702 743.6 -438.1
1703 2924.1 -1171.6
1704 2904.8 -1165.5
1705 2949.1 -1256.9
1706 2972.8 -1231.3
1707 115 -89.8
1708 -1526.3 -202
1709 -1789.1 -308
1710 -1604.9 -125.9
1711 -2047.7 111.4
1712 2350.9 -6569.1
1713 809.9 2231.6
1714 2010.6 -6236.5
1715 2322.8 -6268.3
1716 2394.5 -6420.6
1717 2376.6 -6557.6
1718 3108.2 -2061.6
1719 3164.5 -2113.8
1720 3224.3 -1942.2
1721 2993.8 -2183.1
1722 3049.8 -2233.6
1723 3278.8 -1992.4
1724 1666.2 832.1
1725 3091.3 -2272.7
1726 -2116.7 -637.9
1727 -2165.5 -709.2
1728 -2410 -944.3
1729 -2448.1 -985.1
1730 -2502.7 -1051.9
1731 -2629.5 -1195.7
1732 -1645 -262.4
1733 -1381 -124.8
1734 -4628.7 -279.1
1735 1680.6 848.6
1736 -4900.1 95.7
1737 -1987.9 2358.1
1738 -2037.5 2402.5
1739 -1456.7 -158.2
1740 -1751.1 -304
1741 -2213.3 -1666.7
1742 -1994.6 -1434.3
1743 -2093.1 -1344.4
1744 143.2 -2119.9
1745 52.7 -2215.5
1746 -498.7 1590
1747 -98.8 -2081.8
1748 877 -5331.2
1749 -2723 -2078.3
1750 -4228.4 -717.9
1751 -4283.1 -774.9
1752 -1751.1 -1396.4
1753 -1683.8 -1312.9
1754 -4167.9 -888.3
1755 -4019.1 -924.8
1756 -4035.9 -1373.5
1757 218.2 30.6
1758 -4038 -1297.4
1759 -4201 -1271.6
1760 -3878.8 -1276.1
1761 -4068.4 -981.4
1762 -4233.8 -961.7
1763 -4154.8 -1223.1
1764 -3966.3 -1262.1
1765 -4180.6 -1011.3
1766 -4125.9 -1062.7
1767 -4235.3 -1110.4
1768 323.3 -62.5
1769 -3990.4 -1176.2
1770 -4150.5 -1124.5
1771 -3929.2 -1111.6
1772 -4022.1 -1210.4
1773 -3908 -1131.4
1774 -3859 -1075.7
1775 -4308.4 -1111.1
1776 -4203.6 -1177.5
1777 -3933.8 -1227.8
1778 -2608.5 6189.7
1779 344.2 1050
1780 123.1 114.2
1781 -2628.1 6252.5
1782 3076.8 -1135.3
1783 3358 -3915.8
1784 3360.3 -3822.4
1785 3774.4 -3862.1
1786 3695.8 -3597.9
1787 3646.1 -3513.9
1788 3782 -3926.5
1789 3733.5 -3925.5
1790 3721.2 -3730.8
1791 127.7 -74.3
1792 3381.6 -3557.9
1793 3658.1 -3923.4
1794 3730.6 -4034.5
1795 3656.1 -4032.4
1796 3648.4 -3748.8
1797 3672 -3611.4
1798 3430.1 -3804.5
1799 3430.5 -4027.6
1800 3506 -4029.2
1801 3433.3 -3917.5
1802 508.8 1663.2
1803 3503.6 -3785.9
1804 3507.8 -3919.6
1805 3581 -4030.6
1806 3575.2 -3766.3
1807 3542.7 -3686.9
1808 3583.6 -3921.4
1809 3607.3 -3649.3
1810 3493.7 -3602.3
1811 3619.7 -3529.3
1812 3510.2 -3482.4
1813 4165.2 -2354
1814 3565.8 -3451.2
1815 3558 -3564.5
1816 3445.4 -3520.2
1817 3477 -3723
1818 3428.4 -3639.9
1819 3472 -1943.8
1820 3508.5 -1752.1
1821 2943.1 -2359.1
1822 2881.2 -2303.4
1823 2918.4 -2371.4
1824 4013.6 -2514.9
1825 2977.3 -2390.1
1826 3356.9 -2062.1
1827 3437 -1827.3
1828 3475.2 -1721.8
1829 2837.2 -2261.7
1830 3340.2 -1824.5
1831 3291.4 -1779
1832 2945.9 -2143.6
1833 3406 -1657.4
1834 3334 -1734.3
1835 3947.1 -2153.8
1836 -971.5 4252.7
1837 1231.9 -3035.5
1838 1207.5 -3061.2
1839 3365.9 26
1840 -1553.8 -1172.2
1841 -1605.3 -1234.6
1842 -1492.3 -1105.3
1843 -2139.5 -1394.6
1844 -2088.7 -1438.1
1845 -2039.8 -1483.1
1846 3892.2 -2645.6
1847 -2153.8 -1509.9
1848 -2212.4 -1575.2
1849 -2166.9 -1617.8
1850 -2267.9 -1531
1851 -2204.8 -1463.8
1852 -2105.9 -1554.2
1853 -2312.5 -1578.9
1854 -2097 157.9
1855 -2070 284.2
1856 -1229 2999.2
1857 3786.4 -2552.4
1858 -2459.9 3669
1859 -2539.9 3743.2
1860 -2582.8 3697.8
1861 -2638.6 3830.2
1862 -2682.4 3787.1
1863 -2495.9 3788.6
1864 -2591.8 3876.2
1865 -2454.9 3832.4
1866 -728.9 670.6
1867 -743.3 646.7
1868 3837.3 -2721
1869 -651.3 781.6
1870 1650.8 -716.6
1871 1780.7 -751.9
1872 1469.3 60.3
1873 1786 -218.6
1874 1900.3 -318.2
1875 2141.2 -531.4
1876 2263.4 -640.8
1877 2321.2 -692.1
1878 2437.3 -791.9
1879 4040.7 -3721.6
1880 2664.3 -985.1
1881 2784.5 -1090.9
1882 1797.5 -733.5
1883 -997.1 -5052.8
1884 -877 -5281
1885 -1057 -5111.9
1886 -2762.4 -2041.5
1887 -2939.1 -216.1
1888 -2940.2 -303.5
1889 -3007.2 -372.3
1890 762.4 877
1891 4054.6 -3814.8
1892 -3048.7 -332.4
1893 -3432.4 243
1894 -3539.6 129.4
1895 -2982.6 -263.1
1896 -2980.1 -177.9
1897 -3088.4 -295.9
1898 -3020.2 -140.4
1899 -3049.1 -253
1900 -3212 -179.5
1901 -3091.2 -213.1
1902 3787.2 -2833
1903 -3171.6 -136.9
1904 -3132.1 -174.4
1905 -3101.1 -64.9
1906 -3251.8 -141.6
1907 -3142.2 -26.5
1908 -3060.5 -102.8
1909 -3292.9 -105
1910 -3182.6 11.3
1911 -3332 -66.1
1912 -3226.9 -35.4
1913 3752.1 -2822.6
1914 -3373.1 -27.9
1915 -3412.9 10.1
1916 -3304.1 124.7
1917 -3268.2 2.9
1918 -3345.1 81.7
1919 -3386.4 121
1920 -3471.2 201.7
1921 -3429 161.6
1922 -3498.3 91.7
1923 -3453.9 49.8
1924 4024.5 -3650.2
1925 -2257.3 -1414.4
1926 -2062.6 -1507.3
1927 -1635 -1262.8
1928 -2597.2 -1571
1929 -2525.7 -1492.5
1930 -2368.9 -1639.9
1931 -2308.2 -1367.5
1932 -2323.5 -1485.6
1933 3163.7 -1389.6
1934 3955.7 -857.8
1935 3957.4 -3670.5
1936 3712.8 -816.7
1937 3821.6 -1353.5
1938 3766.2 -1301.8
1939 3641.4 -1184.3
1940 3736.6 -1085.4
1941 1873.6 -2876.4
1942 3223.1 -921
1943 1532.3 -621.6
1944 1504.6 -656.4
1945 -1140.9 3098.7
1946 3763.5 -2976.3
1947 430.3 2688
1948 3074.3 -2469
1949 3393.9 -1872.7
1950 3441.1 52.4
1951 3488.5 106.6
1952 3465.5 56.2
1953 3501.9 48.7
1954 -1259 1796.7
1955 -1524.8 4176.2
1956 1762.6 -1366.4
1957 3720.5 -2984.5
1958 1891.1 -1472.2
1959 2257.1 -1781.1
1960 2012.9 -1571.1
1961 2141 -1680.1
1962 3159.8 -2374.5
1963 -2422.7 -1589.4
1964 -2472.8 -1542.8
1965 -2492 -1458.9
1966 -2391.3 -1555.7
1967 -2374.3 -1438.3
1968 4191.3 -4707.7
1969 4833.1 -1510.4
1970 4919.5 -1505.3
1971 438.5 2439.5
1972 -1500.9 4291.5
1973 -1401.2 4396.7
1974 -4926.3 112.4
1975 -2361.1 -1319
1976 -2441 -1507.8
1977 -2336.6 -1605
1978 163.8 -165.4
1979 3905.5 -4750.4
1980 222.7 -138.6
1981 -1491.9 3987.5
1982 -1568.7 3957.5
1983 -5017.1 18.9
1984 -4994.7 -5.3
1985 -1599.8 -1259.5
1986 -2317.7 9.6
1987 -2312.1 -105.1
1988 -4599.5 926.8
1989 -1300.4 4503.2
1990 4139.2 -4844.2
1991 -365.8 -4010.3
1992 -358.8 -3769.7
1993 -296.7 -3826.7
1994 -152.2 -3671.8
1995 -230.4 -3886.3
1996 -161.2 -3812.1
1997 -224.7 -3749.6
1998 3845.4 -3851.5
1999 3858.5 -3941.1
2000 1782.4 1390.6
2001 370.4 644.9
2002 3816.4 -2750
2003 1805.2 1380.1
2004 3091.6 -803.8
2005 3349.8 -512.6
2006 3156.3 -861.5
2007 3433.4 -414.7
2008 3429.6 -443.5
2009 3410.4 -577.9
2010 3373.5 -561.8
2011 3383.1 -475.2
2012 3376.1 -536.7
2013 3814.7 -3218.5
2014 3316.3 -729.5
2015 2997 -1044.5
2016 -934.6 4221.4
2017 3177 -5938.9
2018 3344.2 -5850.8
2019 3619.3 -5488.3
2020 3352.1 -5820.1
2021 3388.2 -5828.3
2022 3384.6 -5794.8
2023 3356.5 -5799.6
2024 3855.6 -3299.6
2025 3419.8 -5781
2026 3806.8 -4988.2
2027 3845.4 -4980.2
2028 4069.4 -3907
2029 3986 -3828.4
2030 3953.1 -2581.3
2031 3800.1 -2798.3
2032 3858.1 -3197.2
2033 3782.4 -3134.9
2034 4096 -3628.7
2035 480.1 549.2
2036 3963 -3509
2037 4127.5 -3803.8
2038 4047 -2914.2
2039 4177.4 -4618
2040 4266.7 -4732.9
2041 3902.2 -4989.3
2042 4381.5 -3979
2043 4457.7 -3785
2044 4323.3 -3958.3
2045 4432.7 -3714.4
2046 1313.7 1714.7
2047 462.5 750.4
2048 4400.2 -3543
2049 3849.1 -4781.5
2050 3404.5 -5147
2051 3844.3 -4918.3
2052 3846.2 -4955.9
2053 3892.8 -4661.1
2054 4193.4 -3794
2055 4154.2 -3984
2056 4360.1 -3726.8
2057 4187.7 -3759.6
2058 35.9 1318.1
2059 4347.1 -3647.1
2060 4372.9 -3800.8
2061 3996.5 -4463.1
2062 4031.6 -4640.1
2063 4074 -4451.8
2064 4333.8 -4229.1
2065 4319.4 -4140.5
2066 4124.6 -4261.6
2067 4415.5 -4308.6
2068 4220.6 -3973.3
2069 133.2 1431.7
2070 4210.2 -3900
2071 4258.7 -3966.9
2072 4077.2 -4360.1
2073 4040.4 -4365.7
2074 4137.8 -4350.8
2075 3884.3 -4298.3
2076 4109.7 -4172.8
2077 4307.1 -4051.8
2078 4099.1 -4629.9
2079 3870.9 -4210.1
2080 -73.3 1414
2081 3896.7 -4387.5
2082 4199.2 -3827
2083 4248.5 -3894.3
2084 4096 -4083.9
2085 4311.7 -4468.8
2086 4300.6 -4398.9
2087 4368.9 -4388.3
2088 4242.8 -4516.1
2089 4081.9 -3994.7
2090 4216.7 -4338.8
2091 237.5 1143.6
2092 4163.7 -4529.3
2093 3869.3 -4572.2
2094 3949.2 -4561.1
2095 3874 -4481.1
2096 4012 -4006.1
2097 3998.8 -3919.4
2098 3871.5 -4028.3
2099 3971.9 -4376.2
2100 3962.9 -4650.5
2101 4150.6 -4440.6
2102 336.6 1254.4
2103 3936.2 -4472
2104 4087.3 -4540.7
2105 3856.8 -4120.2
2106 3817.5 -3788.8
2107 3798.6 -3717.4
2108 3921 -3758.8
2109 3765.5 -3804.9
2110 4175.8 -3686.3
2111 4327.3 -3564
2112 3971.4 -3743.6
2113 137 1231.1
2114 3933 -3837.6
2115 4291.3 -4327.5
2116 4160.4 -3610.8
2117 4264.6 -3579.7
2118 3886 -3691.5
2119 3842.8 -4033.2
2120 3796.5 -4035.7
2121 3748.1 -3724.5
2122 4072.5 -3190
2123 4049.5 -3150.1
2124 1323.3 1502.7
2125 4109.3 -3170.6
2126 4138.3 -3318.6
2127 3899.2 -3277.6
2128 3710.7 -3170.5
2129 3651.5 -3201.1
2130 3786.4 -3336.1
2131 3647.6 -2984.3
2132 3575.1 -2985.9
2133 3746.9 -3355.9
2134 3780.7 -2671.2
2135 -188.6 1515.3
2136 3684.4 -2794.7
2137 4028.7 -3108.8
2138 4067.2 -3088.3
2139 4007.8 -3068.9
2140 3818.5 -3117.4
2141 3838.5 -3156.1
2142 3988.2 -3030.8
2143 3764.8 -3095.2
2144 3451.3 -3076.1
2145 3429.9 -3016.5
2146 -295.1 1607.2
2147 3485.3 -3144.6
2148 3501.3 -2986.5
2149 3429.1 -2987.9
2150 3526.2 -2863.2
2151 3766.3 -3050.6
2152 3931.7 -3448
2153 3824 -3504.1
2154 3668.8 -3395
2155 3727.5 -3365.6
2156 3604.3 -3428.7
2157 1428.1 1620.9
2158 -91.6 1624.5
2159 3593.4 -3230.4
2160 3878.7 -3236.5
2161 3884.4 -3354.9
2162 3595.3 -2875.7
2163 3616.3 -2767.5
2164 4025.5 -3011.4
2165 3482.1 -2712.9
2166 3627.3 -2532.4
2167 3534.7 -3261.6
2168 3457.6 -2850.2
2169 1141.1 1294.5
2170 3548.8 -2740.4
2171 3679.7 -2577.9
2172 3601.6 -2515.4
2173 -116.5 -4448.6
2174 1927.8 -6207.3
2175 3847.4 -2485.4
2176 3907.8 -2420.1
2177 3729.6 -2624.8
2178 -402.7 -4786.5
2179 -433.8 -4819
2180 159.3 633.7
2181 -272.5 -4648.6
2182 120.5 -4209
2183 65.3 -4260.4
2184 97.6 -4201.1
2185 -305.6 -4646.1
2186 -350.6 -4717.1
2187 259.7 -4090.5
2188 376.4 -3967.6
2189 192.7 -4146.8
2190 -571.7 -4003.1
2191 -615.6 1887.8
2192 -709.7 -3880.2
2193 -174.5 -4519.8
2194 -265.7 -4483.9
2195 -253.5 -4597.4
2196 1.9 -4333.5
2197 -44.5 -4258.3
2198 -403.3 -4198.1
2199 118.5 -4237.8
2200 216.4 -4138.6
2201 -190 -4563.4
2202 -4.4 218.1
2203 -174.8 -4359.5
2204 3775.6 -2879
2205 -1212.8 345.6
2206 -1099 247.8
2207 -1118.2 450
2208 -1550 -58.1
2209 -1591 -17.4
2210 -1498.5 15.8
2211 -1029.3 188.3
2212 -1144.3 195.8
2213 -26.1 426.1
2214 -312.5 308
2215 -1038.3 536.8
2216 -1026.1 556.7
2217 -4743.3 -128.7
2218 -3062.9 -1642.9
2219 -3032 -1603.7
2220 -3073.3 -1613.5
2221 -3156.9 -1741.5
2222 -3018 -1587.7
2223 -3274.8 -1560.1
2224 -728.1 1986
2225 -2975.8 -1841.1
2226 -3191.1 -1725.2
2227 -3190.6 -1776.3
2228 -3144.3 -1772.5
2229 -2916.1 -1898.2
2230 -3241.5 -1829.9
2231 -1601.1 1066
2232 -1512 982.8
2233 -1497.2 584
2234 -1431.8 524.1
2235 -515.3 1998.1
2236 -1400.4 684.8
2237 -819.3 564.6
2238 -937.1 662
2239 -915.6 456.9
2240 -3576.4 -1189.3
2241 -3448.3 -1044.7
2242 -3317.1 -1423.1
2243 -4312.9 -481.7
2244 -1303.4 786.4
2245 -1501.8 780.8
2246 823.4 1388.8
2247 -1304.7 240.8
2248 -1415.8 327.9
2249 -1258.1 293.2
2250 -1109.4 991
2251 -1348.2 192.6
2252 -1458.6 280.9
2253 -1339.5 629.8
2254 -1246.9 733.4
2255 -1143.7 638.4
2256 -1152.1 839.7
2257 687 1129.4
2258 -1523.8 418.6
2259 -1217.6 1081.8
2260 -1597.6 679.2
2261 -1694.9 577.1
2262 -1705.9 365.2
2263 -1637 299.7
2264 -1643.5 428.3
2265 -1701.6 228.3
2266 -1768.1 157.8
2267 -1604.1 126.9
2268 1381.8 1793.7
2269 350.3 851
2270 -1592.5 480.3
2271 -1752.7 515.9
2272 -1866.7 608.3
2273 -1059.1 948.8
2274 -1323.4 434
2275 -1188.7 144.3
2276 -1229.8 96.6
2277 -1006 352.5
2278 -1206.1 888
2279 -1310.6 985.5
2280 -198.1 1717.9
2281 -2040.1 426.8
2282 -2123.7 336.7
2283 -1983 369.8
2284 -1964.3 505
2285 -1230.7 539.5
2286 -1890.9 762.3
2287 -1801.2 678.7
2288 -1704.3 780.5
2289 -1607.3 882
2290 -1863 399.8
2291 41.8 2634.3
2292 -1568.4 368.8
2293 -1405.8 882.4
2294 -1699.4 965.2
2295 -1619.6 1640.2
2296 -1697.9 1707.7
2297 -1503.7 1534.5
2298 -1795.5 863.8
2299 -952.3 858.9
2300 -1042.7 750.8
2301 -844.4 767.4
2302 149.1 2544.1
2303 -1840.8 228.6
2304 -1673.1 63.7
2305 -1251.2 70.9
2306 -1330.1 1176.4
2307 -1417 1085.7
2308 -1260.1 1249.5
2309 -1767.4 298.3
2310 -1425.7 100.6
2311 -1400.1 130
2312 -1448.7 72.7
2313 -52.8 2525.7
2314 -1935.9 323.4
2315 -1534.5 203.4
2316 -1226 1286.6
2317 -1290.8 1345.5
2318 -1397.2 -91.7
2319 -4123.4 888.6
2320 -4272.8 807.1
2321 -3528.3 331
2322 -3034.8 2045
2323 -2200.8 257.2
2324 121.1 2724
2325 -2147.5 206.4
2326 -2176.2 282.7
2327 -2326.9 123.8
2328 -1925.3 149.4
2329 -1887.9 275.2
2330 -2378.6 66.5
2331 -2009.8 77
2332 -1724.5 20.4
2333 -1834.5 -90
2334 -2264.4 63.7
2335 1059 993.3
2336 -1681.7 -18.8
2337 -2202.9 8
2338 -2255.6 -46.7
2339 -1790.3 -129.6
2340 -1637.2 -60.7
2341 -2140.5 -53.1
2342 -2492.4 -50.7
2343 -2550.1 -111.7
2344 -2432.6 10.7
2345 -2081.6 -109.7
2346 859.2 980.8
2347 -2131.6 -162.8
2348 -2431.6 -108.7
2349 -2372.9 -48.4
2350 -1749.7 -165.8
2351 -2608.9 -174.2
2352 -2488.6 -170.3
2353 -1971.9 -236.9
2354 -1693.6 -216.5
2355 -2188.4 -221.9
2356 -2193 -105.3
2357 920.1 -23.4
2358 -2370.6 -167
2359 -2427 -228.4
2360 -2666.3 -235.7
2361 -2246 -283.8
2362 -2310.6 -224.8
2363 -2250.5 -164.3
2364 -2010.4 -279.4
2365 -2488.3 -292.3
2366 -2368.6 -285.5
2367 -2549.6 -232.4
2368 812.8 70.2
2369 -2786.6 -359.4
2370 -2606.3 -292.8
2371 -2060.3 -333
2372 -2302.3 -345
2373 -1908.2 -294.7
2374 -2544.1 -351.8
2375 -1994.4 -384.6
2376 -2123.2 -400.3
2377 -2365 -409.3
2378 -2181.8 -462.6
2379 1215.3 1598.6
2380 1014.2 82.2
2381 -2427.5 -348.1
2382 -2484.5 -410.9
2383 -2635.4 -445.3
2384 -2712.5 -403.6
2385 -2839.6 -417
2386 -2896.6 -255.8
2387 -1930 -447.6
2388 -2421 -469.4
2389 -2778.6 -475.9
2390 -2897.7 -477.2
2391 -580.5 1286.8
2392 -2063.8 -458.3
2393 -2558.8 -488.7
2394 -2718.4 -534
2395 -2240.4 -522.9
2396 -2120.4 -520.1
2397 -2480.3 -532.1
2398 -2060.6 -577.3
2399 -2299.1 -583.5
2400 -2437.7 -572.8
2401 -2655.9 -592.8
2402 -685.1 1380.7
2403 -2777.4 -594.8
2404 -2837.9 -537
2405 -2550.9 -690.5
2406 -2401.4 -607.5
2407 -2176.6 -582.6
2408 -2358.5 -647.7
2409 -2235.6 -644.2
2410 -2594.4 -651.3
2411 -2175.8 -700.7
2412 -2413 -704.9
2413 -673.8 1180.1
2414 -2294.6 -706.7
2415 -2715 -654.5
2416 -2612.8 -754.7
2417 -2514.2 -725.8
2418 -2231.4 -768.4
2419 -2653.2 -715.2
2420 -2471.4 -766.1
2421 -2692.9 -838.4
2422 -2349 -882.2
2423 -2530.7 -830.4
2424 223 1541.5
2425 -2574.1 -789.8
2426 -2733.8 -800.6
2427 -3019.5 -1110.2
2428 -2568.5 -871.9
2429 -2654.8 -874.8
2430 -2610 -916.1
2431 -2486 -1035.1
2432 -2029.4 -712.6
2433 -2103.6 -643.7
2434 -1976.2 -646.2
2435 314.5 1647.6
2436 -2291.8 -821
2437 -2094 -778.7
2438 -2016.5 -850.9
2439 -1953.3 -785.3
2440 -2294.3 -845.6
2441 -2155.4 -842.2
2442 -2078.4 -915.2
2443 -1955.1 -909.2
2444 -2363.4 -917.2
2445 -2292 -986.3
2446 115.2 1633.4
2447 -2222.5 -913.9
2448 -1885 -977
2449 -2147.2 -986.9
2450 -2214.8 -1057.5
2451 -2282.7 -1128.8
2452 -2358.2 -1057
2453 -2432.2 -987.3
2454 -1870.5 -1107.5
2455 -1823.2 -1149.8
2456 -1792.7 -1024.5
2457 1244.2 1204.1
2458 -1943 -1041
2459 -2350 -1200.9
2460 -2425.2 -1127
2461 -2491.2 -1194.9
2462 -2567.5 -1121.3
2463 -2414.7 -1267.9
2464 -2481.4 -1338.9
2465 -2558.3 -1266.6
2466 -2547 -1406.8
2467 -2426.3 -1390
2468 1338.5 1308.9
2469 -2623.5 -1335.5
2470 -2696.6 -1267.5
2471 -1892.2 -843.6
2472 -1834.7 -782.8
2473 -1823.2 -908
2474 -2016.5 -973.9
2475 -1421.8 -342.5
2476 -1578.3 -339.7
2477 -1491.5 -417.2
2478 -1640.8 -403.9
2479 1350.6 1111.6
2480 -1703.9 -347.3
2481 -1349.1 -411
2482 -1420.8 -483
2483 -1554.1 -482.3
2484 -1704.5 -472.5
2485 -1768.1 -416.1
2486 -1839.7 -355.3
2487 -2003.5 -515.1
2488 -1287.9 -476.2
2489 -1241.3 -427.1
2490 1198.5 1810.4
2491 -155.2 1103.1
2492 -1617.9 -551.6
2493 -1799.5 -572.2
2494 -1347.9 -539.3
2495 -1483.7 -548.3
2496 -1859.5 -516.4
2497 -1547.6 -616.1
2498 -1413.3 -610.1
2499 -1711.7 -651.1
2500 -1866.7 -648
2501 -1929.6 -590.3
2502 -66.4 1206.9
2503 -1996.5 -529.8
2504 -1394.6 -589.2
2505 -1642.7 -717.8
2506 -1478.7 -680.8
2507 -1906 -712
2508 -1713.2 -790.3
2509 -1571.8 -782.6
2510 -1782.8 -725.7
2511 -1524 -827.7
2512 -1766.4 -847
2513 -54.8 1014.5
2514 -1608.9 -917.8
2515 -1477.8 -871.6
2516 -1657.3 -873.9
2517 -1702.1 -1019.1
2518 -1562 -961
2519 -1531 -928.1
2520 -1749.5 -976.3
2521 -1746.5 -1069
2522 -1657 -1067.8
2523 -1599.6 -1003.6
2524 -331.4 502.1
2525 -1697.2 -1112.3
2526 -1771.9 -1195.2
2527 -1868.7 -1199.6
2528 -1818.7 -1246.3
2529 -1954.9 -1297
2530 -1788.8 -1214.1
2531 -2003.6 -1252.5
2532 -1914.6 -1156.1
2533 -2042.8 -1390.4
2534 -1907.4 -1340.3
2535 -235.5 611.4
2536 -1862.1 -1293.2
2537 -1202.6 -155.9
2538 -991.1 -157.8
2539 -925.5 -87
2540 -1021.9 -191.5
2541 -941.6 -263.2
2542 -1008.2 -332.7
2543 -869.7 -326.9
2544 -1087 -259.6
2545 -1142.6 -211.1
2546 -225.5 408.8
2547 -1139.4 -316.5
2548 -1060 -387.9
2549 -767.7 -416
2550 -934.1 -400.3
2551 -1189.4 -371.7
2552 -981.9 -456
2553 -1111.1 -442.2
2554 -1160.7 -497
2555 -881 -543.4
2556 -1079.7 -568.4
2557 -422.2 582.6
2558 -1210.5 -553.3
2559 -1030.3 -510.4
2560 -1260.2 -607.9
2561 -1311.1 -664.5
2562 -1182 -680.2
2563 -1129.5 -625.5
2564 -1445.2 -645.1
2565 -1359.4 -721.6
2566 -1232.9 -736.3
2567 -937.7 293
2568 -870.6 1166.5
2569 -866.8 231.4
2570 -902.8 264.3
2571 -960 129.2
2572 -805 178.1
2573 -896.7 71.8
2574 -1173 162.6
2575 -734.5 116.1
2576 -637.5 217.3
2577 -1101.5 102.5
2578 -829.3 14.4
2579 -779.7 1272.3
2580 -971.1 -12.5
2581 -1181.5 9
2582 -1285.8 33.3
2583 -1036 45.4
2584 -754 -54.6
2585 -1113.6 -51.1
2586 -1051.4 -106.1
2587 -907.5 -67.9
2588 -714.5 477.5
2589 -617.4 393.4
2590 -975 1258.2
2591 -812.8 367.2
2592 -715.4 283.9
2593 -531.5 318.1
2594 -476.7 270.8
2595 -203.9 214.8
2596 -402.3 199.8
2597 -570.5 158.1
2598 -92.5 114.2
2599 -296.7 110.4
2600 -496.2 94.9
2601 181 432.9
2602 729.9 1281.1
2603 -662 53.1
2604 -129.1 73.2
2605 -6.6 39.4
2606 -390.3 6
2607 -592.3 -9.7
2608 -191.1 7.2
2609 -163.1 38.1
2610 -283.9 -91
2611 -489 -99.9
2612 -683.7 -115.7
2613 -170.3 1301.1
2614 -845 -157.9
2615 -377.7 -198.1
2616 -198.8 -165.9
2617 -583 -206.4
2618 -775.5 -220.4
2619 -294.9 -268.6
2620 -474.4 -302.5
2621 -675.7 -312
2622 -573.1 -400.7
2623 -395.3 -377.4
2624 -143.2 717
2625 -670.3 -499.8
2626 -340.2 -607.7
2627 -830.9 -487.4
2628 -740.3 -570.1
2629 -792.2 -619.6
2630 -4182.5 -347.1
2631 -4828.6 207.1
2632 -3187.4 -1290.3
2633 -2967.7 -1163.8
2634 -3023 -1223.8
2635 -326.8 693.6
2636 -2914.1 -1214
2637 -3077.9 -1171.1
2638 -2969.6 -1273.4
2639 -2858.2 -1265.2
2640 -3080.6 -1285.1
2641 -3133.9 -1232.3
2642 -2808.6 -1312.1
2643 -3026.8 -1337.3
2644 -3132.8 -1341.7
2645 -2914.3 -1325.6
2646 -341 889
2647 -3079 -1392.9
2648 -2970.2 -1389
2649 -3199.7 -1414
2650 -3256 -1361.6
2651 -2898.3 -1458.2
2652 -3022.1 -1444.3
2653 -3264.1 -1480.7
2654 -2867 -1442.7
2655 -2791.3 -1516
2656 -2784 -1368.4
2657 -235.2 800.1
2658 -2950.4 -1513
2659 -3158.4 -1451.2
2660 -3155 -1537.5
2661 -2713.1 -1591
2662 -2967.1 -1694.9
2663 -2995.8 -1564.9
2664 -2618.3 -1494.4
2665 -2596.1 -1511.9
2666 -2693.2 -1424.2
2667 883.7 577.2
2668 -248.3 995.6
2669 989.8 484.8
2670 1086.9 593
2671 783.7 467.5
2672 1096 392.6
2673 891.9 373.6
2674 798.9 270.3
2675 600.7 255.1
2676 905.7 176.8
2677 706.9 164.5
2678 614.5 59.1
2679 -144.1 2421.1
2680 415 44.3
2681 720.8 -35.3
2682 -108.6 -68.8
2683 518.9 -48.6
2684 429.8 -156
2685 201.1 -121.5
2686 31.4 -184
2687 -1.7 -221.9
2688 92.7 -247.9
2689 468.4 -288.1
2690 -165.8 2626.5
2691 309.2 -297.2
2692 29.6 -317.3
2693 151 -180.9
2694 235.1 -379.2
2695 417.8 -341.4
2696 -149.5 -392.9
2697 -60.6 -290.9
2698 -1.8 -342.2
2699 -118.5 -356.9
2700 544.4 -452.7
2701 -330.7 2210.5
2702 314.6 -447.4
2703 -34.5 -374.2
2704 57 -397.3
2705 145.1 -481.1
2706 -98.1 -441
2707 -233.8 -491.6
2708 448.6 -559.7
2709 216.9 -549.3
2710 -38.3 -498.1
2711 -129.4 -475.9
2712 295.9 335.5
2713 -220.3 2115.5
2714 120.5 -651.5
2715 36.6 -570.5
2716 33.7 -742.6
2717 -146 -491.3
2718 -189.8 -530.5
2719 -127.2 -589.4
2720 639.5 -713
2721 -51.8 -662.5
2722 -228.8 -697.6
2723 -149 -764.3
2724 -240.4 2313.8
2725 -58.1 -840.2
2726 -244.3 -867.2
2727 -157 -945.2
2728 76 -1306.2
2729 1443.7 1217.5
2730 1636.9 1222.5
2731 1654.6 1207.3
2732 1745.4 1128.2
2733 1848.1 1039.5
2734 1550.4 1123.6
2735 -424.5 2104.3
2736 1258.5 1004.5
2737 1458.1 1017.8
2738 1560.7 924.7
2739 1365.5 911
2740 1271 806.8
2741 1072.6 792.5
2742 1378.7 713
2743 1179.1 701
2744 1191.9 502.4
2745 1297.3 409.8
2746 233.2 1344.3
2747 267.9 2692.9
2748 435.5 2653.6
2749 415.1 2669.8
2750 533.5 2571.6
2751 589.9 2414
2752 701.8 2322.4
2753 917.4 2142.4
2754 941.9 2169.3
2755 1155.9 1978.8
2756 2119.8 1140.5
2757 388.4 441.6
2758 2042.2 1049
2759 2223.8 1056.3
2760 1920.2 1292.4
2761 2332.5 966.3
2762 1954.8 944.7
2763 2444.8 879.1
2764 2244 866.8
2765 2141 960.6
2766 1926.6 968.7
2767 1982.1 921.2
2768 585.7 455.8
2769 2551.4 793.1
2770 2156.7 767.5
2771 2048.4 863.8
2772 2349.7 776.6
2773 2297.5 820.7
2774 2663.8 699
2775 2577.3 601.8
2776 2776.8 605
2777 2835.5 469.2
2778 2473.8 483.7
2779 -146.8 906.7
2780 2467.1 699.6
2781 2737.5 559.1
2782 2687.9 504.1
2783 2457.7 497.4
2784 2584.3 385.8
2785 2788.1 416.8
2786 2636.4 445.6
2787 2734.5 356.2
2788 2605.7 366.3
2789 2684 296.4
2790 -353.2 2410.4
2791 2073 675.3
2792 2221.5 709.6
2793 1306.3 208.1
2794 1415.5 111.9
2795 1515.2 219.1
2796 1210 97.4
2797 1317.2 4.1
2798 1224.5 -101.4
2799 1023.8 -114.8
2800 1374.4 -46.4
2801 868.2 2085.6
2802 1281.7 -150.4
2803 1437.3 -100.8
2804 1531.9 12.2
2805 1678.3 -118
2806 1631.8 -70.6
2807 1188.9 -256.7
2808 1345.2 -206.2
2809 1517.4 -169.1
2810 1424.6 -275.4
2811 1132.4 -206.7
2812 759.2 2175.5
2813 1580.4 -225.3
2814 1038.6 -312.3
2815 840.5 -325.8
2816 1116.7 -340.9
2817 1638 -277
2818 1731.4 -170
2819 1489.2 -332.2
2820 1332.8 -383.3
2821 1057.5 -292.2
2822 1253.2 -313.9

# Edges
0 1
0 1112
1 2217
1 2220
2 2001
2 2180
2 2601
2 2757
3 180
3 347
3 1002
3 2801
4 5
4 9
4 1873
4 2817
5 6
5 18
5 19
6 32
6 2817
6 2819
7 12
7 17
7 2816
7 2822
8 11
8 16
8 17
8 2816
9 10
9 13
9 19
10 201
10 1873
11 23
11 2814
12 29
12 30
12 2820
13 15
13 27
13 1874
14 25
14 36
14 846
14 1890
15 19
15 37
15 38
16 23
16 31
16 39
17 30
17 39
18 33
18 41
19 41
20 21
20 22
20 28
20 44
20 243
20 1875
21 200
21 201
22 200
22 204
23 26
23 2815
24 29
24 32
24 2819
24 2820
25 2335
25 2346
25 2741
26 31
26 1702
27 28
27 37
27 44
28 1874
29 35
29 42
30 42
30 43
31 48
32 33
32 35
33 34
33 40
34 35
34 51
35 46
36 2667
36 2670
36 2741
37 45
37 1870
38 57
38 64
38 1870
38 1943
38 1944
39 43
39 48
40 41
40 1943
42 46
42 52
43 49
43 52
44 45
44 261
45 262
45 1882
46 50
46 53
47 668
47 779
47 957
47 2235
48 49
49 56
50 51
50 54
50 55
51 57
51 1944
52 53
52 56
53 55
53 60
54 57
54 61
55 61
55 62
56 60
57 59
57 66
58 69
58 80
58 924
58 1402
59 64
59 65
60 62
61 63
61 66
62 63
63 68
64 270
64 281
64 1870
64 1871
65 66
65 316
66 67
66 68
67 68
67 72
67 317
69 424
69 857
69 868
70 71
71 73
72 73
72 400
73 74
74 486
74 488
75 76
75 77
75 78
76 452
76 1745
77 492
77 493
78 494
78 534
79 83
79 2733
79 2766
80 258
80 424
80 1480
81 88
81 1435
81 1735
82 83
82 87
82 2766
83 1435
84 92
84 98
84 103
84 1735
85 86
85 89
85 97
86 87
86 2767
87 88
88 98
89 108
89 2791
90 92
90 94
90 158
91 224
91 2124
91 2169
91 2468
92 95
93 105
93 2772
93 2792
94 95
94 99
95 101
96 108
96 112
96 115
96 2791
97 98
97 110
99 101
99 136
100 101
100 116
100 1158
100 1169
101 118
102 879
102 891
102 1024
102 2513
103 104
104 111
105 106
105 107
106 109
106 117
106 124
107 124
107 2783
108 110
109 115
109 2791
109 2792
110 111
111 112
111 118
112 122
112 123
113 1057
113 2202
113 2213
113 2601
114 125
114 258
114 469
114 2280
115 117
115 122
116 119
116 126
117 128
117 129
118 126
119 130
119 137
119 1158
120 127
120 137
120 1158
120 1580
121 124
121 131
121 140
121 2783
122 128
122 133
123 126
123 130
123 133
124 129
125 779
125 957
125 968
127 132
127 143
127 1558
128 134
128 135
129 131
129 135
130 138
130 139
131 141
131 142
132 2745
132 2793
132 2795
133 134
133 138
134 144
134 152
135 142
135 152
136 147
136 158
136 1169
137 143
138 144
138 156
139 143
139 149
139 156
140 141
140 145
141 146
141 148
142 148
142 153
143 2795
144 150
144 151
145 146
145 154
145 2788
146 155
146 160
147 2738
147 2739
147 2742
148 159
148 160
149 161
149 2795
150 152
150 157
150 172
151 156
151 163
151 172
152 153
153 157
153 164
154 155
154 2789
155 162
156 165
157 168
157 170
158 1724
159 164
159 173
160 166
160 173
161 165
161 2804
162 166
163 165
163 177
163 2806
164 167
166 181
167 168
167 171
168 175
168 176
169 879
169 891
169 1779
169 2269
170 174
170 175
171 173
171 176
171 182
172 177
172 179
173 181
174 178
174 179
175 178
175 188
176 184
176 188
177 185
177 198
178 186
178 187
179 183
179 187
180 191
180 202
180 1079
181 182
181 205
182 184
183 185
183 190
184 194
184 195
185 193
185 196
186 188
186 192
186 197
187 190
187 197
188 194
189 2804
189 2805
189 2806
189 2809
190 193
191 1002
191 1013
191 1524
192 194
192 203
193 200
193 201
195 205
195 212
195 214
196 198
196 201
197 199
197 203
198 2805
199 200
199 204
201 1874
202 491
202 502
202 1524
203 204
203 212
205 210
206 207
206 208
206 209
207 217
207 219
208 1839
208 2789
209 211
209 219
210 214
210 215
211 388
211 2007
212 228
213 225
213 236
213 2590
214 216
214 228
215 216
215 218
216 220
216 221
217 226
217 227
218 221
218 222
219 227
220 228
220 230
220 235
221 223
221 235
222 223
222 229
223 231
223 232
224 335
224 446
224 2379
225 402
225 2308
225 2316
226 229
226 233
226 237
227 237
228 234
229 232
230 234
230 238
230 239
231 235
231 240
231 245
232 233
232 245
233 241
233 242
234 243
235 239
236 635
236 2568
237 242
238 243
238 250
239 240
239 250
240 246
240 248
241 245
241 249
241 251
242 244
242 251
243 264
243 1875
243 1876
244 252
244 2004
245 248
246 255
246 257
247 1458
247 2180
247 2213
247 2601
248 249
248 257
249 253
249 254
250 255
251 252
251 253
252 256
253 256
253 260
254 257
254 260
254 284
254 286
254 293
255 271
255 1877
255 1878
256 259
258 269
258 968
259 260
259 1704
261 262
261 264
261 1875
262 263
263 264
263 266
263 273
264 265
265 266
265 267
265 1876
266 268
266 272
267 268
267 271
267 1877
268 277
268 278
269 424
269 469
269 946
270 281
270 316
271 275
271 277
272 273
272 278
272 279
273 274
273 281
274 1871
274 1882
275 276
275 283
275 1878
276 277
276 288
277 289
278 285
278 289
279 282
279 285
280 291
280 302
280 1180
280 2146
281 282
282 319
283 284
283 286
283 288
284 1878
285 290
285 318
286 287
286 292
287 288
287 297
288 298
289 290
289 298
290 294
290 301
290 320
291 1690
291 1746
292 293
292 295
292 297
293 1880
294 301
294 322
295 296
295 1880
296 297
297 304
298 301
298 304
299 300
299 307
299 328
300 1880
300 1881
301 303
301 306
301 334
302 580
302 1591
302 2391
303 305
303 306
304 306
305 334
305 345
305 346
306 309
306 311
306 346
307 308
307 310
308 332
308 342
308 344
309 311
309 350
310 311
310 344
311 312
311 360
312 344
312 363
312 364
313 324
313 336
313 979
313 2191
314 315
314 362
314 368
315 385
315 423
316 317
316 319
317 329
318 320
318 321
319 321
319 329
320 322
320 338
321 330
322 333
322 334
323 325
323 327
323 1881
324 1263
324 1274
324 2224
325 354
325 1703
325 1705
326 327
326 328
326 1881
327 340
328 332
329 337
330 331
330 338
331 337
331 339
332 340
333 338
333 341
333 351
334 351
335 1113
335 1347
335 2169
336 391
336 913
336 1274
337 343
338 339
339 341
339 1956
340 342
340 348
341 352
341 353
342 349
342 361
343 1956
344 361
345 351
345 357
345 365
346 350
346 365
347 358
347 369
347 1079
348 349
348 354
349 355
349 356
350 359
350 360
351 352
352 357
352 1958
353 1956
353 1958
354 355
354 1705
355 362
356 361
356 368
357 366
357 367
358 1035
358 1502
358 2801
359 365
359 370
359 373
360 364
360 373
361 363
362 703
363 368
363 372
364 371
364 372
365 366
366 370
366 1960
367 1958
367 1960
369 1502
369 1695
369 1696
370 374
370 375
371 373
371 376
371 377
372 377
373 374
374 376
374 1961
375 1960
375 1961
376 378
376 379
377 378
378 1959
379 1959
379 1961
380 391
380 402
380 413
380 1283
381 382
381 383
381 384
381 385
382 437
382 573
383 385
383 428
384 570
384 574
385 416
385 427
385 562
385 570
386 387
386 389
386 390
387 388
387 687
388 2007
389 687
389 688
389 1936
390 1934
390 1936
391 513
391 1125
392 393
392 394
392 395
392 704
393 699
393 700
394 396
394 700
394 707
394 1933
395 1705
395 1706
396 704
396 708
396 715
397 398
397 399
397 400
398 403
398 406
398 407
399 404
399 407
400 403
401 405
401 414
402 1284
402 2590
403 408
404 411
404 412
405 409
405 410
406 408
406 422
406 425
407 412
407 425
408 421
409 415
409 418
410 414
410 418
411 415
411 417
412 416
412 417
413 1125
413 2579
413 2590
414 441
415 419
415 420
416 425
416 428
417 426
417 428
418 420
419 426
419 432
420 429
421 422
421 423
422 427
423 1959
424 1535
425 427
426 430
426 431
428 431
429 432
429 433
430 432
430 434
430 436
431 434
433 436
433 455
434 437
434 467
435 447
435 458
435 1046
435 2712
436 461
436 467
437 438
438 474
438 575
439 440
439 441
439 442
440 443
440 444
441 488
442 444
442 445
443 453
443 456
444 448
444 456
445 448
445 449
446 1347
446 1695
446 1696
447 2675
447 2678
447 2680
448 451
448 454
449 450
449 451
449 452
450 489
450 1744
451 457
452 1744
453 459
453 460
454 456
454 457
454 463
455 461
455 462
456 460
457 465
458 2675
458 2757
458 2768
459 462
459 470
460 463
461 464
461 466
462 464
463 465
464 470
464 471
465 468
466 467
466 471
466 472
467 474
468 473
468 485
469 2158
469 2446
470 473
470 476
471 476
471 477
472 475
472 477
473 478
474 475
475 583
476 478
476 479
477 479
478 482
479 481
479 482
480 2069
480 2080
480 2158
480 2446
481 483
481 615
481 617
482 485
483 484
483 485
484 640
484 641
486 487
486 2720
487 489
487 2728
489 490
490 1744
490 1747
491 713
491 1068
491 1079
492 500
493 503
493 504
493 531
494 495
494 496
495 529
495 534
495 538
496 509
496 529
497 498
497 499
497 2188
498 660
499 509
499 510
500 501
501 517
501 2192
502 724
502 1802
503 539
503 545
504 532
504 554
505 506
505 507
505 508
506 525
506 526
506 528
507 526
507 555
507 2188
508 523
508 528
509 544
510 544
510 549
511 512
511 514
511 515
512 514
512 519
512 521
513 1273
513 1274
513 1283
514 516
515 518
515 520
516 517
516 521
517 1991
518 519
518 522
519 560
519 561
520 522
520 523
521 561
522 530
522 560
523 527
524 646
524 735
524 2424
524 2746
525 531
525 533
525 550
526 550
526 551
527 528
527 530
528 533
529 541
529 544
530 533
530 556
531 532
531 545
532 533
532 556
534 536
535 1611
535 2324
536 537
536 538
537 539
537 540
538 540
538 541
539 542
540 542
540 543
541 543
541 548
542 545
542 547
543 547
543 552
544 548
545 550
546 1947
546 2324
546 2747
546 2749
547 550
547 551
548 549
548 552
549 553
551 552
551 555
552 553
553 555
554 556
554 559
556 560
557 668
557 779
557 1690
557 1746
557 2146
558 569
558 2335
558 2457
558 2736
559 560
559 561
562 563
563 568
563 570
564 565
564 566
564 567
564 1835
565 759
565 827
566 743
566 745
567 825
567 827
568 571
569 1001
569 1113
569 2169
570 571
571 572
572 574
573 574
573 575
574 588
575 584
576 577
576 578
577 589
577 597
578 579
578 581
579 582
580 791
580 1180
580 1191
581 582
581 588
583 585
583 590
584 585
585 586
585 587
586 590
586 592
586 1941
587 594
587 1941
588 589
589 593
590 611
590 612
591 702
591 802
591 1402
591 2679
592 596
592 616
593 595
593 600
594 595
594 596
595 638
596 1941
597 598
597 599
598 606
598 738
598 741
599 600
599 603
600 601
601 604
601 605
602 613
602 2124
602 2468
603 831
603 834
603 836
604 843
604 2188
605 609
605 610
606 2050
606 2172
607 829
607 830
607 2050
608 2019
608 2025
608 2026
608 2050
609 1714
609 1715
610 843
610 845
611 614
611 616
612 614
612 615
613 2729
613 2730
614 622
615 618
615 619
616 620
616 621
617 623
617 628
618 622
618 629
619 623
619 629
620 625
620 627
621 625
621 626
622 627
623 630
624 635
624 1424
624 2413
624 2568
625 631
626 637
626 638
627 632
627 633
628 639
629 634
630 636
630 649
631 637
631 642
632 634
632 644
633 642
633 643
634 636
635 1602
636 645
637 647
638 648
639 640
639 649
640 650
641 660
641 661
641 662
642 647
642 655
643 652
643 655
644 652
644 653
645 649
645 653
646 657
646 1802
646 2435
647 648
648 659
649 650
650 651
650 654
651 665
652 656
653 654
653 658
654 665
655 663
656 658
656 664
657 713
657 735
657 1236
659 663
659 666
660 667
661 670
661 671
662 1838
663 664
666 677
666 684
668 979
668 2191
669 879
669 2113
669 2502
669 2513
670 672
671 673
671 674
672 674
672 675
673 681
673 682
674 678
674 679
675 676
676 677
676 679
678 681
678 683
679 684
680 1458
680 2213
680 2535
680 2546
681 685
681 686
682 686
683 684
683 685
685 686
687 689
688 689
688 690
688 1936
689 692
690 693
690 1940
691 791
691 1258
691 1424
691 2413
692 693
692 695
693 694
694 695
694 696
695 697
696 697
696 698
697 699
698 699
698 700
700 1933
701 703
701 704
702 1469
702 2302
702 2313
703 709
703 719
704 709
705 706
705 707
705 715
706 710
706 711
707 1933
708 709
708 716
708 717
709 719
710 712
710 715
710 718
711 712
711 714
712 720
712 1831
713 724
713 1269
714 1833
715 717
716 719
716 721
716 722
717 718
717 721
718 720
718 723
719 725
720 727
720 728
721 723
721 733
722 726
722 733
723 727
723 729
724 1802
725 726
726 730
727 731
727 732
728 732
728 1720
728 1831
729 731
729 733
729 734
730 733
730 734
731 736
731 1832
732 1718
732 1832
734 736
735 1391
735 2102
736 737
737 1823
737 1829
738 739
738 740
739 771
739 776
740 771
740 1692
741 745
741 777
742 743
742 744
742 751
743 747
744 747
744 748
744 762
745 747
745 2172
746 1391
746 1668
746 1779
746 2102
747 777
748 749
748 750
748 751
749 752
749 753
749 762
750 753
750 754
750 755
751 755
751 758
752 771
752 1692
752 1948
753 1725
753 1962
754 1719
754 1725
754 1826
755 761
755 1826
756 758
756 759
756 760
757 1280
757 1291
757 1469
757 2302
758 761
759 828
760 761
760 818
761 1819
762 771
762 776
763 764
763 765
763 798
763 1937
764 766
764 772
765 772
765 804
766 767
766 807
767 769
767 770
768 780
768 1313
768 2357
768 2681
769 778
769 790
770 781
770 786
772 805
772 807
773 774
773 775
773 794
773 796
774 792
774 793
775 784
775 785
776 777
778 781
778 782
778 783
779 2280
780 2799
780 2814
780 2815
781 788
782 789
782 790
782 815
783 788
783 789
784 785
784 786
785 787
786 787
787 788
789 822
790 807
790 811
791 1336
791 2391
792 1969
794 795
794 796
795 800
796 799
797 798
797 799
797 800
798 803
798 1934
799 800
800 801
801 803
802 813
802 1480
802 2724
804 805
804 806
805 808
805 809
806 809
806 810
807 808
808 811
808 817
809 812
809 817
810 812
810 814
811 815
811 816
812 819
812 820
813 2713
814 818
814 820
815 822
815 823
816 817
816 821
816 823
817 819
818 1819
818 1820
819 821
819 826
820 826
821 827
821 828
822 825
823 825
823 827
824 835
824 846
824 2671
824 2768
826 828
829 830
829 831
830 832
830 833
831 832
832 836
833 838
833 839
834 836
834 837
835 1302
835 2035
835 2047
837 1715
838 2017
839 2022
839 2023
840 841
840 842
841 2198
842 852
842 866
843 2200
844 847
844 848
845 849
845 861
846 1302
846 2667
847 850
847 851
848 851
848 852
849 853
849 2199
849 2201
850 856
850 858
851 858
851 859
852 859
853 854
853 855
853 2201
854 860
854 861
854 862
855 860
855 864
856 863
857 1013
857 1524
857 1535
858 863
858 865
859 865
859 866
860 862
860 869
861 1748
862 873
863 867
864 869
864 871
865 867
865 870
866 872
867 870
868 924
868 935
868 1013
869 873
869 875
870 872
871 875
871 2179
872 2179
873 876
874 1883
874 1884
874 2179
875 876
877 878
877 880
877 881
878 1256
878 1276
879 2091
880 886
880 1287
880 1293
881 1201
881 1203
882 883
882 884
883 1298
884 888
884 2326
885 1893
885 1894
885 2321
886 1297
886 2321
887 2320
887 2321
887 2630
888 889
888 1910
888 1917
889 1914
889 1916
890 1001
890 1113
890 1224
890 2602
891 1491
891 1546
892 893
892 894
892 895
893 1453
894 901
894 906
894 1455
895 1672
895 1673
896 897
896 898
896 899
897 900
897 1459
898 1453
899 1459
899 1460
900 1461
900 1462
901 903
901 904
902 1206
902 1207
902 1245
902 2735
903 905
903 906
903 912
904 907
904 1633
905 909
905 910
905 1457
906 1457
907 908
907 912
908 916
908 1474
908 1636
908 1664
909 912
909 917
909 919
910 914
910 915
910 919
911 920
911 1450
911 1463
912 916
913 979
913 1125
913 1591
914 918
914 1464
915 1457
915 1460
916 917
916 926
917 921
917 922
918 923
918 928
919 922
919 923
920 929
920 1467
921 926
921 931
921 932
922 925
922 932
923 925
923 927
924 1291
924 1469
925 933
925 937
926 1479
927 928
927 933
927 1477
928 1472
929 930
929 942
930 1467
930 1473
930 1478
931 936
931 1482
932 936
932 937
933 934
933 939
934 1477
934 1484
934 1485
935 990
935 1291
935 1369
936 938
937 938
937 939
938 943
938 944
939 943
939 1485
940 941
940 942
940 950
940 1489
941 1478
941 1483
941 1486
942 1478
943 949
944 962
944 963
944 964
945 947
945 948
945 1344
945 1972
946 1535
946 2435
946 2446
947 1348
947 1488
948 1350
948 1955
949 1485
949 1490
950 951
950 952
950 1486
951 1497
951 1507
952 953
952 961
953 1486
953 1487
953 1492
954 955
954 956
954 958
954 959
955 1836
956 967
956 1352
956 1354
957 2713
957 2735
958 1349
958 1352
959 1351
959 1354
960 961
960 1492
960 1527
961 1501
962 1504
962 1517
962 1518
963 1493
963 1504
964 1516
964 1518
965 966
965 967
965 969
965 1361
966 1505
966 1510
966 1511
967 1353
967 1505
968 1480
968 2713
969 975
969 1360
969 1510
970 971
970 980
970 1544
971 1526
971 1531
972 973
972 974
972 975
972 1528
973 1371
973 1374
973 1543
974 983
974 1360
974 1374
975 1529
976 977
976 978
976 988
977 989
977 1370
977 1594
978 1359
978 1585
979 1746
980 981
980 982
980 1553
981 1544
981 1552
982 1525
982 1538
983 984
983 985
983 1365
984 1374
984 1375
985 1004
985 1366
986 987
986 988
986 1008
986 1376
987 1364
987 1367
987 1368
988 1364
988 1370
989 991
989 1000
989 1598
990 1002
990 1013
990 1358
991 1003
991 1597
991 1606
992 993
992 994
992 995
993 1547
993 1561
994 1531
994 1548
995 1006
995 1561
996 997
996 998
996 999
997 1372
997 1379
997 1388
998 1371
998 1551
999 1383
999 1556
1000 1003
1000 1007
1000 1370
1001 2335
1001 2346
1002 2812
1003 1009
1004 1005
1004 1368
1005 1373
1005 1382
1006 1554
1006 1565
1007 1008
1007 1009
1007 1011
1008 1370
1008 1377
1009 1010
1010 1011
1010 1014
1011 1012
1011 1378
1012 1014
1012 1382
1012 1945
1014 1015
1015 1310
1015 1311
1016 1017
1016 1018
1016 1019
1016 1020
1017 1389
1017 1393
1018 1383
1018 1389
1018 1566
1019 1564
1019 1565
1020 1155
1020 1156
1021 1022
1021 1023
1021 1025
1021 1609
1022 1607
1023 1135
1023 1140
1023 1141
1024 1491
1024 2624
1024 2779
1025 1151
1025 1610
1025 1611
1026 1027
1026 1028
1026 1029
1027 1178
1027 1201
1028 1155
1028 1178
1029 1290
1030 1031
1030 1200
1030 1238
1030 1244
1030 1253
1030 1261
1031 1198
1031 1226
1032 1033
1032 1034
1032 1246
1032 1252
1033 1260
1033 1264
1033 1267
1034 1267
1034 1268
1035 2754
1035 2755
1036 1272
1036 2295
1036 2297
1037 1041
1037 1049
1037 2230
1038 1750
1038 2230
1039 1040
1039 1044
1039 2230
1040 1042
1040 1043
1041 1050
1041 1051
1042 1044
1042 1045
1042 1048
1043 1045
1043 1047
1043 2229
1044 1049
1045 1052
1046 1057
1046 1757
1046 2680
1047 1067
1047 1886
1048 1049
1048 1052
1048 1053
1049 1050
1050 1053
1050 1058
1051 1054
1051 1058
1052 1055
1052 1066
1053 1055
1053 1056
1054 1059
1054 1060
1055 1061
1056 1058
1056 1061
1056 1062
1057 1780
1057 2712
1058 1059
1059 1062
1059 1063
1060 1063
1060 1064
1061 1069
1062 1069
1062 1071
1063 1071
1063 1072
1064 1072
1064 1073
1065 1066
1065 1067
1066 1078
1067 1749
1068 1269
1068 1347
1068 1696
1069 1076
1069 1077
1070 1074
1070 1075
1071 1077
1071 1080
1072 1080
1072 1089
1073 1081
1073 1089
1074 1082
1074 1086
1075 1082
1075 1091
1076 1083
1076 1084
1077 1083
1077 1085
1078 1111
1078 1120
1079 1696
1080 1085
1080 1087
1081 1086
1081 1088
1082 1092
1082 1095
1083 1093
1083 1094
1084 1093
1085 1094
1085 1096
1086 1095
1087 1089
1087 1096
1087 1097
1088 1089
1088 1097
1090 1101
1090 1114
1090 2380
1090 2796
1091 1092
1092 1098
1093 1100
1094 1099
1094 1100
1095 1098
1096 1099
1096 1102
1097 1102
1098 1106
1099 1103
1099 1104
1100 1103
1101 2672
1101 2673
1101 2676
1102 1104
1102 1105
1103 1107
1103 1111
1104 1107
1104 1108
1105 1108
1105 1109
1106 1110
1107 1115
1107 1116
1108 1116
1108 1117
1109 1117
1109 1118
1110 1119
1111 1115
1112 2218
1112 2219
1113 2246
1114 2672
1114 2745
1114 2793
1115 1120
1115 1121
1116 1121
1116 1122
1117 1122
1117 1123
1118 1123
1118 1124
1119 1124
1120 1126
1121 1126
1121 1127
1122 1127
1123 1124
1125 2402
1126 1128
1127 1128
1129 1130
1129 2320
1129 2631
1130 1988
1130 2320
1131 1736
1131 1974
1131 2631
1132 1133
1133 1750
1133 1751
1134 1135
1134 1142
1134 1315
1135 1153
1136 1280
1136 2302
1136 2324
1136 2747
1137 1138
1137 1139
1137 1148
1138 1144
1138 1395
1139 1393
1139 1394
1140 1152
1140 1153
1140 2690
1141 1151
1141 2291
1141 2690
1142 1143
1142 1153
1142 1160
1143 1306
1143 1307
1143 1319
1144 1145
1144 1146
1145 1148
1145 1154
1145 1161
1146 1149
1146 1150
1146 1161
1147 1158
1147 1169
1147 1580
1147 2742
1148 1156
1149 1320
1149 1395
1150 1157
1150 1159
1150 1320
1151 1611
1152 1160
1152 1167
1152 1168
1154 1164
1154 1171
1156 1164
1157 1161
1157 1166
1157 1174
1159 1162
1159 1163
1159 1174
1160 1172
1160 1319
1161 1171
1162 1320
1162 1323
1163 1170
1163 1175
1163 1323
1164 1165
1165 1184
1165 1185
1166 1171
1166 1177
1167 1172
1167 1187
1167 2790
1168 2679
1168 2690
1168 2790
1170 1174
1170 1183
1170 1195
1172 1173
1172 1193
1173 1318
1173 1319
1173 1337
1174 1181
1175 1176
1175 1195
1176 1188
1176 1332
1177 1179
1177 1181
1178 1192
1179 1210
1179 1212
1179 1219
1180 2135
1180 2613
1181 1186
1182 1311
1182 1317
1182 1329
1183 1186
1183 1205
1183 1220
1184 1212
1184 1738
1185 1208
1185 1222
1186 1219
1187 1194
1187 1206
1187 1207
1188 1189
1188 1190
1189 1195
1189 1204
1189 1217
1190 1196
1190 1333
1191 1336
1191 2491
1191 2613
1192 1201
1192 1203
1193 1194
1193 1215
1193 1337
1195 1205
1196 1197
1196 1217
1197 1209
1197 1226
1197 1341
1198 1199
1198 1200
1198 1339
1199 1216
1199 1334
1200 1216
1200 1235
1202 1213
1202 1225
1202 2557
1203 1208
1204 1205
1204 1221
1204 1223
1205 1220
1206 1215
1206 1229
1207 2701
1207 2790
1209 1226
1209 1227
1210 1211
1210 1212
1210 1214
1211 1218
1211 1219
1212 1737
1213 1247
1213 2635
1213 2646
1214 1218
1214 1233
1214 1737
1215 1216
1215 1235
1216 1337
1217 1223
1217 1227
1218 1233
1220 1221
1220 1230
1221 1231
1221 1232
1222 1234
1222 1738
1223 1228
1224 1557
1224 2257
1224 2346
1225 1247
1225 1867
1225 1869
1226 1238
1226 1339
1227 1228
1227 1237
1228 1240
1228 1241
1229 1235
1229 1244
1229 1245
1230 1231
1230 1239
1231 1232
1231 1242
1232 1250
1232 1254
1233 1234
1234 1737
1236 1269
1236 1391
1236 2602
1237 1238
1237 1243
1239 1242
1239 1248
1240 1250
1240 1252
1241 1243
1241 1246
1241 1252
1242 1249
1242 1254
1243 1253
1244 1261
1244 1263
1244 2224
1245 2224
1245 2235
1246 1253
1247 1258
1247 1424
1248 1249
1249 1255
1250 1251
1251 1254
1251 1259
1251 1262
1252 1262
1253 1260
1254 1257
1255 1256
1255 1257
1256 1271
1257 1259
1257 1271
1258 1336
1258 2646
1259 1265
1259 1266
1260 1261
1260 1263
1262 1265
1262 1268
1263 1264
1264 1273
1264 1274
1265 1272
1265 1278
1266 1271
1266 1275
1266 1278
1267 1281
1268 1270
1268 1281
1269 2246
1270 1272
1270 1954
1271 1276
1272 1277
1273 1279
1273 1281
1275 1276
1275 2296
1277 1954
1278 2296
1279 1283
1280 1646
1280 1971
1281 1954
1282 1295
1282 1298
1282 2296
1283 1284
1284 2317
1285 1286
1285 1287
1285 1288
1286 1287
1286 1289
1287 1292
1288 1289
1289 1290
1289 1292
1290 2322
1291 1971
1293 1294
1293 1297
1294 1295
1294 1296
1295 1299
1296 1297
1296 1299
1298 1299
1300 1301
1300 1303
1300 1309
1301 1305
1301 1603
1301 1606
1302 1335
1302 1890
1303 1309
1303 1310
1304 1305
1304 1306
1304 1307
1304 1308
1305 1605
1306 1309
1306 1316
1307 1315
1308 1605
1308 1608
1308 1609
1310 1312
1310 1314
1311 1314
1312 1316
1312 1321
1313 1324
1313 1680
1313 2815
1314 1317
1314 1321
1316 1318
1316 1319
1317 1326
1317 1327
1318 1321
1318 1328
1321 1330
1322 1323
1322 1325
1322 1329
1323 1332
1324 1691
1324 2681
1324 2683
1325 1392
1325 1856
1326 1330
1327 1329
1327 1333
1327 1338
1328 1331
1329 1332
1330 1331
1330 1338
1331 1334
1331 1337
1332 1333
1333 1340
1334 1338
1334 1339
1335 1446
1335 1557
1335 2047
1336 2668
1338 1341
1339 1341
1340 1341
1342 1343
1342 1344
1342 1345
1343 1622
1344 1630
1345 1474
1345 1479
1345 1481
1346 1348
1346 1349
1346 1350
1347 2246
1348 1494
1348 1495
1349 1981
1350 1955
1351 1355
1351 1356
1352 1505
1353 1354
1353 1357
1353 1361
1354 1355
1355 1357
1356 1359
1356 1363
1356 1583
1357 1362
1357 1363
1358 1369
1358 2752
1358 2812
1359 1364
1359 1582
1360 1361
1360 1365
1361 1362
1362 1365
1362 1367
1363 1364
1363 1367
1365 1366
1366 1367
1366 1368
1368 1373
1369 1971
1369 2751
1371 1372
1371 1542
1372 1374
1372 1375
1373 1376
1375 1379
1375 1381
1376 1377
1377 1378
1378 1382
1379 1384
1379 1386
1380 2335
1380 2736
1380 2740
1380 2741
1381 1384
1381 1385
1383 1388
1383 1563
1384 1387
1384 1392
1385 1387
1386 1388
1386 1390
1386 1392
1388 1389
1389 1390
1390 1393
1390 1394
1391 1657
1392 1394
1394 1395
1396 1397
1396 1398
1396 1399
1396 1400
1397 1578
1397 1682
1398 1401
1398 1403
1399 1575
1399 1578
1400 1401
1400 1404
1401 1405
1401 1407
1402 1469
1402 1480
1403 1405
1403 1406
1404 1407
1404 1410
1405 1408
1405 1411
1406 1408
1406 1409
1407 1411
1408 1412
1408 1415
1409 1412
1409 1414
1410 1655
1410 1675
1411 1415
1411 1418
1412 1416
1412 1419
1413 2202
1413 2213
1413 2546
1414 1416
1414 1417
1415 1419
1415 1422
1416 1420
1416 1423
1417 1420
1417 1421
1418 1422
1419 1423
1419 1427
1420 1425
1420 1428
1421 1425
1421 1426
1422 1427
1423 1428
1423 1431
1424 1602
1425 1429
1425 1432
1426 1429
1426 1430
1427 1431
1428 1432
1428 1436
1429 1433
1429 1437
1430 1433
1430 1434
1431 1436
1432 1437
1432 1440
1433 1439
1433 1442
1434 1438
1434 1439
1435 1447
1435 2733
1436 1440
1437 1442
1437 1443
1438 1441
1439 1444
1439 1445
1440 1443
1441 1445
1441 1449
1442 1444
1442 1448
1443 1448
1444 1450
1444 1451
1445 1451
1445 1452
1446 1668
1446 1779
1446 2269
1447 2732
1447 2734
1447 2738
1448 1450
1449 1452
1451 1454
1452 1454
1454 1456
1455 1612
1455 1633
1456 1514
1458 1491
1458 2624
1459 1462
1459 1468
1460 1464
1460 1468
1461 1463
1461 1465
1462 1465
1462 1466
1463 1467
1464 1471
1465 1467
1465 1473
1466 1468
1466 1470
1466 1473
1468 1471
1470 1472
1470 1476
1470 1477
1471 1472
1473 1476
1474 1475
1475 1663
1475 1664
1476 1478
1476 1483
1477 1483
1479 1482
1481 1482
1483 1484
1484 1486
1484 1487
1485 1487
1487 1490
1488 1493
1488 1494
1489 1496
1489 1497
1490 1492
1491 2180
1493 1498
1494 1498
1494 1982
1495 1981
1495 1982
1496 1499
1496 1500
1497 1500
1498 1503
1498 1504
1499 1506
1499 1514
1500 1506
1500 1508
1501 1864
1501 1865
1502 2490
1502 2755
1503 1510
1503 1511
1503 1519
1504 1519
1505 1981
1506 1512
1506 1515
1507 1508
1507 1509
1508 1512
1509 1520
1509 1522
1510 1529
1511 1981
1511 1982
1512 1520
1512 1521
1513 2671
1513 2674
1513 2675
1513 2768
1514 1515
1515 1521
1516 1523
1516 1525
1517 1519
1517 1528
1517 1536
1518 1523
1518 1536
1519 1529
1520 1534
1521 1530
1522 1534
1522 1537
1522 1862
1523 1532
1523 1533
1524 1613
1525 1532
1526 1527
1526 1540
1527 1865
1528 1529
1528 1543
1530 1545
1530 1548
1531 1539
1531 1547
1532 1538
1532 1541
1533 1536
1533 1541
1533 1542
1534 1545
1535 1613
1536 1543
1537 1545
1537 1548
1537 1860
1538 1549
1538 1550
1539 1540
1539 1858
1540 1863
1541 1550
1541 1551
1542 1543
1542 1551
1544 1547
1546 2001
1546 2180
1546 2269
1547 1552
1548 1555
1549 1553
1549 1559
1550 1556
1550 1562
1551 1556
1552 1554
1552 1561
1553 1554
1554 1560
1555 1858
1555 1860
1556 1563
1557 1669
1557 1890
1558 1569
1558 1580
1558 2745
1559 1560
1559 1562
1560 1564
1560 1565
1562 1563
1562 1564
1563 1566
1564 1566
1567 1568
1567 1570
1568 1570
1568 1685
1569 2742
1569 2743
1569 2744
1570 1571
1571 1572
1571 1573
1572 1574
1573 1684
1573 1685
1574 1575
1574 1576
1575 1577
1576 1577
1576 1689
1577 1578
1577 1683
1578 1677
1579 1581
1579 1583
1581 1582
1581 1584
1582 1583
1582 1585
1584 1586
1584 1588
1585 1588
1586 1587
1586 1589
1587 1588
1587 1593
1587 1594
1589 1592
1589 1593
1590 1592
1590 1599
1591 1746
1591 2402
1592 1595
1593 1595
1593 1598
1594 1598
1595 1596
1595 1597
1596 1599
1596 1604
1597 1598
1597 1604
1599 1600
1600 1601
1600 1603
1601 1605
1602 1869
1602 2301
1603 1604
1603 1605
1604 1606
1607 1608
1608 1609
1612 1614
1612 1615
1613 1802
1613 2435
1614 1778
1614 1781
1615 1631
1615 1656
1615 1658
1616 1617
1616 1619
1616 1989
1617 1836
1617 2016
1618 1619
1618 1620
1619 1625
1620 1640
1621 1628
1621 1638
1622 1623
1624 2268
1624 2490
1624 2755
1625 1630
1626 1627
1626 1628
1626 1629
1627 1632
1627 1647
1627 1654
1628 1632
1629 1631
1629 1647
1631 1656
1632 1651
1633 1634
1634 1636
1634 1637
1635 2380
1635 2796
1635 2798
1635 2799
1637 1639
1637 1640
1638 1678
1638 1679
1639 1649
1639 1650
1640 1649
1641 1642
1641 1643
1641 1663
1642 1661
1642 1670
1643 1665
1643 1670
1644 1645
1644 1647
1644 1654
1644 1666
1645 1656
1645 1658
1645 1660
1646 2747
1646 2748
1646 2751
1647 1656
1648 1649
1648 1650
1648 1661
1650 1662
1651 1652
1652 1653
1652 1654
1653 1667
1654 1667
1655 1667
1655 1674
1657 1668
1657 2257
1657 2602
1658 1659
1659 1660
1659 1672
1660 1666
1660 1671
1661 1662
1662 1670
1663 1665
1664 1665
1666 1667
1666 1674
1668 1669
1669 2257
1671 1672
1671 1673
1671 1674
1673 1675
1674 1675
1676 1677
1676 1678
1676 1679
1676 1681
1677 1682
1677 1683
1678 1686
1679 1682
1680 1691
1680 1702
1681 1683
1681 1686
1681 1687
1683 1689
1684 1687
1684 1688
1686 1688
1687 1689
1690 2146
1691 2684
1691 2689
1692 1823
1692 1948
1693 1701
1693 1711
1693 2328
1693 2329
1694 2312
1694 2318
1694 2582
1695 2379
1695 2490
1697 1698
1697 1699
1697 2462
1697 2642
1698 1700
1698 2642
1698 2656
1699 2470
1699 2656
1699 2666
1700 2645
1700 2651
1701 1854
1701 1855
1701 2314
1702 2815
1703 1704
1703 1706
1704 2015
1705 1706
1706 1782
1707 1791
1707 2686
1708 1709
1708 1710
1708 1739
1709 2354
1709 2486
1710 2208
1710 2354
1711 1854
1711 2331
1712 2174
1713 2752
1713 2753
1713 2812
1714 1717
1714 2203
1715 1716
1716 1717
1718 1719
1718 1720
1718 1721
1719 1722
1719 1723
1720 1723
1720 1830
1721 1722
1721 1822
1721 1832
1722 1725
1722 1821
1723 1826
1723 1949
1724 1735
1724 2738
1725 1821
1726 2398
1726 2407
1726 2411
1727 2418
1727 2433
1727 2437
1728 1729
1728 2422
1728 2423
1729 2428
1729 2431
1730 2431
1730 2460
1730 2462
1731 2462
1731 2465
1731 2470
1732 1733
1732 1740
1732 2476
1733 2318
1734 1984
1734 2223
1736 1974
1736 2217
1737 1738
1739 2208
1739 2318
1740 2480
1740 2486
1741 1849
1741 1853
1742 1845
1742 2533
1742 2534
1743 1843
1743 2531
1743 2533
1744 1745
1745 1747
1749 1886
1750 1751
1750 1755
1751 1754
1752 1926
1752 2536
1753 1927
1753 2530
1754 1761
1754 1762
1755 1761
1755 1774
1756 1758
1756 1759
1756 1760
1757 1768
1757 1780
1757 1791
1758 1763
1758 1764
1759 1763
1759 1775
1760 1774
1760 1777
1761 1771
1762 1765
1762 1775
1763 1776
1764 1772
1764 1777
1765 1766
1765 1767
1766 1769
1766 1770
1767 1775
1767 1776
1768 2680
1768 2684
1769 1771
1769 1772
1770 1772
1770 1776
1771 1773
1773 1774
1773 1777
1778 1781
1779 2091
1780 2202
1782 1942
1783 1784
1783 1799
1783 1801
1784 1792
1784 1798
1785 1788
1785 1998
1785 2109
1786 1787
1786 1797
1786 2121
1787 1811
1787 2156
1788 1789
1788 2120
1789 1790
1789 1793
1789 1794
1790 1796
1790 1797
1790 2121
1792 1816
1792 1818
1793 1795
1793 1796
1793 1808
1794 1795
1794 2120
1795 1805
1796 1806
1796 1809
1797 1809
1798 1801
1798 1803
1799 1800
1799 1801
1800 1804
1800 1805
1801 1804
1803 1804
1803 1806
1803 1817
1804 1808
1805 1808
1806 1807
1806 1808
1807 1809
1807 1810
1807 1817
1809 1815
1810 1815
1810 1816
1810 1818
1811 1814
1811 1815
1812 1814
1812 1815
1812 1816
1813 1824
1813 1835
1814 2156
1817 1818
1819 1826
1819 1949
1820 1827
1820 1828
1821 1822
1821 1823
1821 1825
1822 1829
1824 2030
1824 2176
1825 1948
1825 1962
1827 1834
1827 1949
1828 1833
1828 1937
1829 1832
1830 1831
1830 1949
1831 1834
1833 1834
1835 2172
1836 2016
1837 1838
1839 1950
1840 1841
1840 1842
1840 2522
1841 1927
1841 1985
1842 2523
1843 1844
1843 1851
1844 1845
1844 1847
1845 1926
1846 1857
1846 1868
1846 2030
1847 1848
1847 1851
1847 1852
1848 1849
1848 1850
1849 1852
1850 1851
1850 1853
1850 1932
1851 1925
1852 1926
1853 1977
1854 2325
1855 2282
1855 2283
1855 2325
1856 1945
1857 2175
1857 2177
1858 1859
1859 1860
1859 1861
1859 1863
1860 1862
1861 1862
1861 1864
1863 1864
1863 1865
1866 1867
1866 2301
1867 2237
1868 2002
1868 2031
1868 2038
1868 2134
1871 1882
1872 2794
1872 2800
1872 2804
1873 2818
1876 1877
1879 1891
1879 1924
1883 1885
1884 1885
1886 2229
1887 1895
1887 1896
1887 2386
1888 1889
1888 1895
1888 2386
1889 1892
1889 2390
1890 2346
1891 2028
1891 2029
1891 2037
1892 1895
1892 1897
1893 1916
1893 1920
1894 1920
1894 1922
1896 1898
1896 1899
1897 1899
1897 1900
1898 1901
1898 1908
1899 1901
1900 1903
1900 1906
1901 1904
1902 1913
1902 2031
1902 2204
1903 1904
1903 1905
1904 1908
1905 1907
1905 1908
1906 1907
1906 1909
1907 1910
1909 1911
1909 1912
1910 1912
1911 1914
1911 1917
1912 1917
1913 1957
1913 2002
1913 2136
1914 1915
1915 1918
1915 1923
1916 1918
1918 1919
1919 1921
1919 1923
1920 1921
1921 1922
1922 1923
1924 1935
1924 2034
1924 2036
1925 1931
1925 1932
1927 1985
1928 1929
1928 1930
1928 2665
1929 1964
1929 1965
1929 2665
1930 1963
1930 1977
1931 1967
1931 1975
1932 1966
1932 1967
1934 1940
1935 2112
1935 2118
1937 1938
1938 1939
1939 1940
1942 2006
1942 2014
1942 2015
1943 1944
1946 1957
1946 2151
1946 2204
1947 2749
1948 1962
1950 1951
1950 1952
1952 1953
1957 2131
1957 2143
1963 1964
1963 1966
1964 1976
1965 1976
1965 2466
1965 2467
1966 1976
1966 1977
1967 1976
1967 2467
1968 1979
1968 1990
1968 2039
1968 2040
1969 1970
1972 1973
1973 1989
1974 1983
1975 2463
1975 2467
1978 2685
1978 2693
1979 2049
1979 2053
1980 2685
1983 1984
1986 2330
1986 2334
1986 2338
1986 2349
1987 2338
1987 2349
1987 2358
1987 2363
1990 2040
1990 2041
1991 1992
1991 1995
1992 1993
1992 1994
1993 1995
1993 1997
1994 1996
1994 1997
1995 1996
1996 1997
1998 1999
1998 2114
1999 2097
1999 2098
2000 2003
2000 2730
2001 2035
2001 2047
2002 2031
2003 2731
2003 2760
2004 2005
2004 2006
2005 2011
2005 2012
2006 2015
2007 2008
2008 2009
2008 2011
2009 2010
2010 2012
2010 2014
2011 2012
2013 2024
2013 2032
2013 2033
2017 2018
2017 2019
2018 2020
2018 2021
2019 2041
2020 2021
2020 2023
2021 2022
2021 2025
2022 2023
2022 2025
2024 2127
2024 2130
2024 2161
2026 2027
2026 2052
2027 2041
2027 2052
2028 2089
2029 2097
2029 2112
2029 2114
2030 2175
2032 2137
2032 2141
2032 2160
2033 2128
2033 2140
2033 2143
2033 2151
2034 2037
2034 2116
2035 2757
2035 2768
2036 2152
2037 2054
2037 2055
2038 2125
2038 2164
2039 2078
2039 2092
2040 2042
2041 2052
2042 2043
2042 2044
2043 2045
2043 2048
2044 2071
2044 2077
2045 2048
2045 2056
2046 2157
2046 2268
2046 2379
2046 2490
2047 2269
2048 2111
2049 2050
2049 2051
2051 2052
2053 2093
2053 2100
2054 2057
2054 2082
2055 2068
2055 2089
2056 2057
2056 2059
2056 2060
2057 2110
2058 2069
2058 2080
2058 2113
2058 2502
2059 2110
2059 2111
2060 2082
2060 2083
2061 2062
2061 2063
2061 2099
2061 2103
2062 2078
2062 2100
2063 2072
2063 2073
2063 2101
2063 2104
2064 2065
2064 2066
2064 2067
2065 2076
2065 2077
2066 2074
2066 2075
2066 2076
2067 2087
2067 2115
2068 2070
2068 2071
2069 2424
2069 2746
2070 2082
2070 2083
2071 2083
2072 2073
2072 2074
2073 2099
2074 2090
2074 2101
2075 2079
2075 2081
2076 2079
2076 2084
2077 2084
2078 2104
2079 2105
2080 2135
2080 2613
2081 2095
2081 2099
2084 2089
2084 2105
2085 2086
2085 2087
2085 2088
2086 2087
2086 2115
2088 2090
2088 2092
2089 2096
2090 2115
2091 2102
2091 2113
2092 2101
2092 2104
2093 2094
2093 2095
2094 2100
2094 2103
2095 2103
2096 2097
2096 2098
2098 2119
2102 2746
2105 2119
2106 2107
2106 2108
2106 2109
2107 2118
2107 2121
2108 2112
2108 2114
2109 2121
2110 2116
2111 2117
2113 2746
2116 2117
2117 2126
2118 2153
2119 2120
2122 2123
2122 2125
2122 2126
2122 2127
2123 2137
2123 2160
2124 2157
2124 2379
2125 2138
2127 2160
2128 2129
2128 2130
2128 2131
2129 2155
2129 2159
2130 2133
2131 2132
2131 2136
2132 2148
2132 2162
2133 2153
2133 2155
2134 2136
2134 2177
2135 2146
2135 2158
2136 2163
2137 2138
2137 2139
2138 2164
2139 2141
2139 2142
2140 2141
2140 2142
2142 2164
2143 2151
2144 2145
2144 2147
2145 2149
2146 2280
2147 2148
2147 2167
2148 2149
2148 2150
2149 2168
2150 2162
2150 2168
2150 2170
2152 2153
2152 2161
2154 2155
2154 2156
2154 2159
2156 2167
2158 2280
2159 2167
2162 2163
2163 2170
2163 2177
2165 2166
2165 2168
2165 2170
2166 2171
2166 2172
2169 2457
2170 2171
2171 2177
2173 2174
2173 2194
2173 2198
2175 2176
2178 2179
2178 2181
2178 2186
2181 2185
2181 2195
2181 2201
2182 2183
2182 2184
2182 2189
2182 2199
2183 2196
2183 2197
2183 2199
2184 2189
2184 2190
2185 2186
2185 2195
2185 2198
2187 2188
2187 2189
2187 2200
2190 2192
2190 2203
2191 2224
2191 2235
2193 2194
2193 2195
2193 2196
2194 2195
2196 2197
2197 2203
2199 2200
2202 2598
2205 2206
2205 2207
2205 2249
2205 2274
2206 2211
2206 2212
2206 2277
2207 2215
2207 2277
2207 2285
2208 2209
2208 2210
2209 2304
2209 2340
2210 2267
2210 2312
2210 2318
2211 2567
2211 2571
2211 2577
2212 2249
2212 2574
2214 2546
2214 2595
2214 2596
2215 2216
2215 2255
2216 2238
2216 2239
2218 2219
2218 2220
2218 2221
2219 2220
2219 2222
2221 2226
2221 2227
2221 2228
2222 2663
2223 2225
2223 2226
2225 2228
2225 2229
2226 2227
2227 2228
2227 2230
2231 2232
2231 2294
2232 2289
2232 2293
2232 2307
2233 2234
2233 2236
2233 2260
2233 2270
2234 2253
2234 2258
2234 2274
2235 2735
2236 2244
2236 2245
2236 2253
2237 2238
2237 2239
2237 2588
2238 2300
2238 2301
2239 2277
2239 2591
2240 2241
2240 2242
2240 2243
2241 2390
2241 2630
2241 2632
2242 2650
2242 2653
2243 2630
2243 2631
2244 2254
2244 2278
2244 2293
2245 2260
2245 2289
2245 2293
2246 2602
2247 2248
2247 2249
2247 2251
2247 2275
2248 2252
2248 2258
2248 2274
2250 2259
2250 2273
2250 2278
2251 2252
2251 2276
2251 2311
2252 2292
2252 2315
2253 2254
2253 2285
2254 2255
2254 2256
2255 2285
2256 2273
2256 2278
2256 2300
2258 2270
2258 2292
2259 2279
2259 2306
2260 2261
2260 2288
2261 2270
2261 2271
2261 2287
2262 2263
2262 2264
2262 2309
2263 2265
2263 2292
2263 2315
2264 2270
2264 2271
2264 2292
2265 2266
2265 2267
2265 2309
2266 2303
2266 2304
2267 2304
2267 2315
2271 2272
2271 2290
2272 2284
2272 2287
2273 2299
2274 2285
2275 2276
2275 2574
2276 2305
2277 2567
2278 2279
2279 2293
2279 2307
2281 2282
2281 2283
2281 2284
2282 2326
2283 2314
2284 2290
2286 2287
2286 2298
2287 2288
2288 2289
2288 2298
2289 2294
2290 2309
2290 2314
2291 2302
2291 2313
2291 2324
2294 2298
2295 2296
2295 2297
2297 2317
2299 2300
2299 2301
2303 2309
2303 2328
2303 2329
2304 2332
2305 2581
2305 2582
2306 2307
2306 2308
2308 2316
2310 2311
2310 2312
2310 2315
2311 2582
2313 2679
2313 2690
2314 2329
2316 2317
2319 2320
2319 2321
2319 2322
2323 2325
2323 2326
2323 2327
2327 2330
2327 2334
2328 2331
2330 2344
2331 2333
2331 2341
2332 2333
2332 2336
2333 2339
2334 2337
2336 2339
2336 2340
2337 2338
2337 2341
2338 2356
2339 2350
2340 2350
2341 2345
2341 2356
2342 2343
2342 2344
2342 2348
2343 2351
2343 2352
2344 2349
2345 2347
2345 2353
2347 2355
2347 2356
2348 2349
2348 2352
2348 2358
2350 2353
2350 2354
2351 2360
2351 2367
2352 2359
2352 2367
2353 2364
2353 2373
2355 2361
2355 2363
2356 2363
2357 2368
2357 2380
2357 2799
2358 2359
2358 2362
2359 2365
2359 2366
2360 2369
2360 2370
2361 2362
2361 2372
2362 2363
2362 2366
2364 2371
2365 2367
2365 2374
2365 2381
2366 2372
2366 2381
2367 2370
2368 2676
2368 2677
2368 2681
2369 2384
2369 2385
2369 2386
2370 2374
2370 2384
2371 2375
2371 2376
2372 2377
2372 2378
2373 2375
2373 2486
2374 2382
2374 2383
2375 2387
2375 2392
2376 2378
2376 2392
2377 2381
2377 2388
2378 2395
2378 2396
2380 2676
2381 2382
2382 2388
2382 2393
2383 2384
2383 2393
2383 2394
2384 2389
2385 2389
2385 2390
2387 2486
2387 2487
2387 2496
2387 2503
2388 2397
2389 2394
2389 2404
2390 2404
2391 2402
2391 2413
2392 2396
2392 2487
2393 2397
2393 2401
2394 2401
2394 2403
2395 2399
2395 2407
2396 2398
2396 2407
2397 2400
2397 2410
2398 2487
2399 2408
2399 2409
2400 2405
2400 2406
2401 2410
2401 2415
2402 2579
2403 2404
2403 2415
2405 2410
2405 2416
2405 2417
2406 2408
2406 2417
2407 2409
2408 2412
2408 2414
2409 2411
2409 2414
2410 2419
2411 2418
2412 2420
2412 2436
2413 2579
2414 2418
2415 2419
2416 2419
2416 2421
2416 2425
2417 2420
2417 2425
2418 2436
2418 2440
2418 2441
2419 2426
2420 2422
2420 2423
2421 2426
2421 2429
2422 2436
2423 2425
2423 2428
2424 2435
2424 2446
2425 2429
2426 2427
2427 2633
2427 2637
2428 2430
2429 2430
2430 2431
2431 2453
2432 2433
2432 2434
2432 2437
2432 2439
2433 2503
2434 2501
2434 2507
2437 2438
2437 2441
2438 2439
2438 2442
2438 2443
2439 2471
2439 2507
2440 2444
2440 2447
2441 2442
2441 2447
2442 2449
2442 2474
2443 2448
2443 2471
2443 2474
2444 2445
2444 2453
2445 2447
2445 2450
2445 2452
2447 2449
2448 2458
2448 2473
2449 2450
2450 2451
2451 2452
2451 2459
2452 2453
2452 2460
2454 2455
2454 2456
2454 2458
2454 2532
2455 2521
2455 2526
2456 2520
2456 2521
2457 2468
2457 2479
2458 2474
2459 2460
2459 2463
2460 2461
2461 2462
2461 2463
2461 2465
2463 2464
2464 2465
2464 2466
2464 2467
2465 2469
2466 2469
2468 2729
2469 2470
2471 2472
2471 2473
2472 2507
2472 2510
2472 2512
2473 2512
2473 2520
2475 2477
2475 2481
2476 2477
2476 2478
2477 2482
2477 2483
2478 2480
2478 2483
2478 2484
2479 2729
2479 2736
2479 2737
2480 2485
2481 2482
2481 2488
2482 2494
2482 2495
2483 2492
2483 2495
2484 2485
2484 2492
2484 2493
2485 2486
2485 2496
2488 2489
2488 2494
2488 2558
2489 2551
2489 2554
2491 2502
2491 2513
2491 2668
2492 2497
2492 2499
2493 2496
2493 2499
2493 2500
2494 2504
2494 2560
2495 2497
2495 2498
2496 2501
2497 2505
2497 2506
2498 2504
2498 2564
2499 2505
2499 2510
2500 2501
2500 2507
2500 2510
2501 2503
2502 2613
2504 2561
2505 2508
2505 2509
2506 2509
2506 2564
2508 2510
2508 2512
2509 2511
2509 2516
2511 2514
2511 2515
2513 2779
2514 2516
2514 2517
2514 2518
2515 2519
2516 2520
2517 2520
2517 2522
2518 2519
2518 2523
2521 2525
2522 2523
2522 2525
2524 2535
2524 2546
2524 2557
2525 2526
2526 2530
2527 2528
2527 2529
2527 2532
2528 2530
2528 2536
2529 2531
2529 2533
2529 2534
2531 2532
2534 2536
2535 2624
2535 2635
2537 2545
2537 2585
2538 2539
2538 2540
2538 2586
2539 2587
2539 2614
2540 2541
2540 2544
2541 2542
2541 2543
2541 2614
2542 2544
2542 2548
2542 2550
2543 2549
2543 2550
2543 2618
2544 2545
2544 2547
2545 2586
2547 2548
2547 2551
2548 2552
2548 2553
2549 2621
2549 2625
2549 2627
2550 2552
2550 2627
2551 2553
2552 2555
2552 2559
2553 2554
2553 2559
2554 2556
2554 2558
2555 2627
2555 2629
2556 2559
2556 2563
2557 2635
2558 2560
2558 2563
2560 2561
2560 2562
2561 2565
2561 2566
2562 2563
2562 2566
2564 2565
2567 2570
2568 2579
2568 2590
2569 2570
2569 2571
2569 2572
2570 2591
2571 2573
2571 2583
2572 2573
2572 2575
2572 2592
2573 2578
2573 2580
2574 2577
2575 2576
2575 2578
2575 2603
2576 2592
2576 2593
2576 2597
2577 2581
2577 2583
2578 2584
2578 2587
2580 2583
2580 2586
2580 2587
2581 2585
2584 2603
2584 2612
2584 2614
2585 2586
2588 2589
2588 2591
2589 2592
2589 2593
2591 2592
2593 2594
2594 2596
2594 2597
2595 2598
2595 2599
2596 2599
2596 2600
2597 2600
2597 2603
2598 2604
2598 2605
2599 2606
2599 2608
2600 2606
2600 2607
2601 2712
2603 2607
2604 2609
2605 2682
2606 2610
2606 2611
2607 2611
2607 2612
2608 2609
2608 2610
2608 2682
2610 2615
2610 2616
2611 2615
2611 2617
2612 2617
2612 2618
2614 2618
2615 2619
2615 2620
2616 2619
2616 2682
2617 2620
2617 2621
2618 2621
2619 2623
2619 2696
2620 2622
2620 2623
2621 2622
2622 2625
2622 2626
2624 2657
2625 2628
2626 2707
2627 2628
2628 2629
2632 2641
2632 2644
2632 2650
2633 2634
2633 2636
2634 2637
2634 2638
2634 2640
2635 2657
2636 2638
2636 2639
2637 2641
2638 2643
2638 2645
2639 2642
2639 2645
2640 2641
2640 2643
2640 2644
2643 2647
2643 2648
2644 2647
2644 2649
2645 2648
2646 2657
2646 2668
2647 2652
2648 2651
2648 2652
2649 2650
2649 2653
2649 2659
2651 2658
2652 2658
2652 2659
2653 2660
2654 2655
2654 2656
2654 2663
2655 2661
2655 2662
2655 2666
2656 2666
2657 2779
2658 2663
2659 2660
2660 2663
2661 2664
2664 2665
2664 2666
2667 2669
2667 2671
2668 2779
2669 2670
2669 2672
2669 2673
2670 2743
2670 2744
2671 2673
2672 2744
2673 2674
2674 2676
2674 2677
2675 2677
2677 2678
2678 2681
2678 2683
2679 2724
2680 2683
2682 2686
2683 2684
2686 2687
2686 2688
2687 2697
2688 2692
2688 2693
2688 2694
2689 2695
2691 2694
2692 2698
2694 2702
2694 2705
2695 2700
2695 2702
2696 2699
2696 2706
2696 2707
2697 2698
2697 2699
2698 2703
2698 2704
2700 2708
2701 2713
2701 2724
2701 2735
2702 2708
2702 2709
2703 2706
2704 2705
2704 2710
2705 2709
2705 2715
2706 2710
2706 2711
2707 2718
2708 2720
2709 2714
2710 2715
2710 2719
2711 2717
2712 2757
2714 2715
2714 2716
2715 2721
2716 2721
2716 2725
2717 2718
2718 2719
2719 2721
2719 2722
2720 2728
2721 2723
2722 2723
2722 2726
2723 2725
2723 2726
2724 2790
2725 2727
2726 2727
2727 2728
2729 2734
2730 2731
2730 2734
2731 2732
2732 2733
2734 2737
2736 2739
2737 2738
2737 2739
2739 2740
2740 2742
2740 2743
2741 2743
2744 2745
2748 2749
2748 2750
2751 2752
2753 2754
2753 2801
2756 2758
2756 2759
2756 2760
2758 2762
2758 2765
2759 2761
2759 2765
2761 2763
2761 2764
2762 2766
2762 2767
2763 2769
2763 2772
2764 2765
2764 2770
2764 2773
2765 2771
2767 2771
2769 2774
2769 2780
2770 2771
2770 2791
2770 2792
2772 2773
2772 2780
2774 2775
2774 2776
2775 2778
2775 2780
2775 2782
2776 2777
2776 2781
2777 2781
2777 2785
2778 2783
2778 2784
2781 2782
2782 2785
2782 2786
2784 2786
2784 2788
2785 2787
2786 2787
2787 2789
2788 2789
2793 2794
2793 2796
2794 2795
2794 2797
2794 2804
2796 2797
2797 2798
2797 2800
2798 2802
2798 2811
2799 2811
2800 2802
2800 2803
2801 2812
2802 2807
2802 2808
2803 2804
2803 2808
2803 2809
2804 2806
2805 2806
2805 2813
2805 2818
2807 2811
2807 2816
2807 2822
2808 2810
2808 2822
2809 2810
2809 2813
2810 2819
2810 2820
2811 2821
2813 2817
2813 2819
2814 2821
2816 2821
2817 2818
2820 2822
