# Nodes
0 237.9 -753.5
1 360.8 -791.8
2 512.3 -834.9
3 455.3 -759.2
4 -473 -353.5
5 -646.3 -489.6
6 -440.1 -119.3
7 -611.4 -346.8
8 581.9 -358.4
9 466.3 -367.2
10 620.3 -353.9
11 598.1 -276.2
12 684.4 -346
13 38.1 1.3
14 711.5 -397.9
15 505.3 -107.8
16 598.8 -785.2
17 714.9 -672.1
18 761.9 -833
19 -142.9 -380
20 -37.7 -667.5
21 -37.4 -342.7
22 -156.9 -345.1
23 -185.1 -278.9
24 98 -1.7
25 -218.6 -191.7
26 -328 -348.8
27 -336.2 -257.7
28 -239.9 -137.5
29 22.8 -488.8
30 -189.8 -108.9
31 -78.8 -265.2
32 -526.3 371.5
33 -729.4 -240.9
34 -645.7 -258.8
35 -27.9 2.2
36 -798 3.5
37 -693.3 -54.7
38 -398.6 839.9
39 -336.9 858.2
40 -442.4 828.2
41 -511.5 565.1
42 -113.1 929.8
43 -80.6 897.6
44 -518.7 -67.5
45 -613.1 -107.5
46 -31.6 197.8
47 -591.1 15.5
48 -486 -142.3
49 -104 75.9
50 374.5 -92.9
51 306 -97.1
52 378.1 285.1
53 297.1 -9.1
54 243.3 -108
55 577.3 -103.9
56 601.3 -154.5
57 -9.4 -58.7
58 194.4 578
59 237 521.1
60 -46.1 675.2
61 -41.9 647.5
62 -100.2 735
63 -16.3 447.7
64 53.6 746.9
65 162.7 491.9
66 663.8 -500.4
67 281 -485.5
68 -51.8 -11.6
69 376.7 -730.5
70 527.5 -526.1
71 295.2 -384.9
72 747 -477.8
73 823.4 -639.8
74 538.1 -583.9
75 -434.8 -72.1
76 -27 -227.5
77 187.2 417.7
78 228 -7.1
79 -362.3 -205.1
80 225.4 -78.3
81 294.1 83.5
82 204.4 -5.9
83 -582.8 -400.1
84 -301.8 768.8
85 -143.7 830.4
86 -186.1 904.5
87 14.5 796.3
88 -244.7 661.5
89 -320.2 606.9
90 -418.5 -89.7
91 251.2 495.8
92 836.2 -816
93 648.8 -263.5
94 670.5 -311.4
95 37.8 -58.4
96 370.4 -12.1
97 -668.6 -378.7
98 -572.3 577
99 -3.3 820
100 568.9 -82.9
101 -456 -260.5
102 433.5 99.4
103 471.9 28.3
104 77.4 -701.9
105 95.8 87.9
106 212.5 84.4
107 121.9 268.8
108 110.8 181.7
109 -4.2 369.1
110 220 284.7
111 255.8 285.9
112 251 170.9
113 350.1 286.2
114 -100.1 335.1
115 251.1 -685.9
116 -140.4 451.4
117 -108.4 188
118 641.9 -861.1
119 737.2 -747
120 -74.1 89.8
121 -315.1 165
122 -305.2 220.6
123 -386.9 158.6
124 -413.9 156.1
125 -422.9 35.4
126 3.9 -97.9
127 -411.2 233.6
128 -526.4 151.5
129 -479.6 45.3
130 -568.8 139.6
131 -547.1 260.5
132 -405.6 470.2
133 -406.2 440.7
134 -402.6 705.5
135 -505.4 482.3
136 -330.5 480.9
137 10.6 -198.7
138 -409.2 358.2
139 -354.2 350.7
140 -374.9 228.4
141 -165.4 333.6
142 -284.2 342.4
143 -362.3 302
144 -339.8 435.6
145 -251.4 491.8
146 -208 420.6
147 -160.2 507.6
148 303.6 -220
149 -340.7 20
150 -302.9 12.9
151 -346.1 225.1
152 -293.8 286.9
153 -270.7 425.8
154 -628.3 281.5
155 -644.6 196
156 -254.7 7.7
157 -436.9 -35.7
158 -192.5 581.4
159 307 -167
160 -26.7 531.5
161 -303.5 580.1
162 -490.1 560.9
163 248.9 358.5
164 334.4 374.4
165 357 169.4
166 291.3 167.2
167 362.2 85.1
168 350.1 344.2
169 365.9 307.7
170 281.7 -173.5
171 452.2 179
172 393.8 172.2
173 514.7 42.3
174 271 482.9
175 379.1 330.6
176 850.9 -690.1
177 864 -808.9
178 938.8 -795.5
179 -697.6 -476.6
180 -729.9 -417.7
181 438.9 -813.8
182 -763.9 -445.9
183 -87 -652.9
184 -327.3 -582.4
185 -66.6 -589.3
186 -515 -528
187 -327.8 -463.4
188 507.7 -580.8
189 272.4 -547.5
190 479.7 -676.8
191 574.6 -703.8

# Edges
0 1
0 104
0 115
1 69
1 181
2 118
2 181
3 69
3 181
3 190
4 83
4 101
4 186
5 83
5 179
5 186
6 48
6 101
7 83
7 97
7 101
8 9
8 10
8 11
8 70
9 50
9 70
9 71
10 11
10 12
10 66
11 15
11 93
12 14
12 94
13 24
13 35
13 46
13 95
14 72
15 50
15 55
15 103
16 118
16 119
16 191
17 66
17 73
17 119
17 191
18 118
18 119
19 21
19 22
19 185
20 104
20 183
20 185
21 29
21 31
22 23
22 187
23 25
23 26
24 82
24 105
25 27
25 28
26 27
26 187
27 79
28 30
28 79
28 150
29 104
29 137
30 31
30 68
30 156
31 76
32 131
32 135
32 138
33 34
33 37
34 45
34 48
34 97
35 57
35 68
35 120
36 37
36 155
37 155
38 39
38 40
38 134
39 84
40 41
41 98
41 162
42 43
42 86
43 85
43 99
44 45
44 47
44 48
44 157
45 47
46 108
46 114
46 117
47 130
49 68
49 120
49 156
50 51
50 96
51 53
51 54
51 159
52 113
52 172
52 175
53 78
53 81
53 96
54 80
54 170
55 56
55 100
56 93
57 76
57 126
58 59
58 64
59 65
59 91
59 174
60 61
60 62
60 64
61 158
61 160
62 85
62 87
62 88
63 65
63 109
63 116
63 160
64 87
65 77
65 91
65 160
66 70
66 72
67 70
67 71
67 189
69 115
70 74
70 188
71 148
72 73
73 176
74 188
74 191
75 90
75 157
76 137
77 109
77 110
77 163
78 80
78 82
79 90
79 101
80 95
81 106
81 166
82 106
84 85
84 88
85 86
87 99
88 89
88 158
89 134
89 161
91 164
92 177
93 94
95 126
96 103
96 167
97 180
98 154
100 173
102 103
102 167
102 172
103 173
105 106
105 108
107 108
107 109
107 110
108 112
109 114
110 111
111 112
111 113
111 163
112 166
113 164
113 165
113 175
114 116
114 141
115 189
116 146
116 147
117 120
117 121
117 141
118 119
121 122
121 123
121 149
122 151
122 152
123 124
123 140
124 125
124 127
124 128
125 129
125 149
125 157
126 137
127 128
127 131
127 138
127 140
128 129
128 130
128 131
129 157
130 131
131 154
132 133
132 134
132 135
132 136
133 138
133 144
134 162
135 162
136 144
136 145
136 161
138 139
139 142
139 143
139 144
140 143
140 151
141 142
141 146
142 152
142 153
143 152
144 153
145 146
145 147
145 153
145 161
146 153
147 158
147 160
148 159
148 170
149 150
150 156
154 155
159 170
163 164
165 166
165 167
165 172
168 169
168 174
169 171
171 172
171 173
171 175
174 175
176 177
176 178
177 178
179 180
179 182
180 182
183 184
183 185
184 186
184 187
188 189
188 190
190 191
