# Nodes
0 96.5 -1672.3
1 91.4 -1498.5
2 1705.2 -459
3 -739.8 533.3
4 -664.1 485.5
5 -550 553.8
6 -1021.9 505.1
7 -812.5 494.6
8 -1224.9 432
9 -1215.9 492.6
10 -1834.5 535.1
11 -1521.1 546.9
12 -1529.9 597.2
13 1294.8 -336.7
14 -1901.7 537.9
15 -1503.8 621.8
16 -1276.9 667.7
17 -1278.4 662.2
18 -1118.9 689.5
19 -1105 622.3
20 -1037.3 636.3
21 -1078.1 527.3
22 -1091.4 576.7
23 -1999.9 455.5
24 1294.5 -293.2
25 -1899.1 556.4
26 -2122 213.6
27 -2105.5 234.6
28 -409.9 760.5
29 -172.6 696
30 366.6 531.6
31 379.6 583.4
32 -181.7 680.6
33 -427.9 705.4
34 -434.1 720.5
35 1085.6 -276.5
36 -1246.6 659.3
37 -648.7 43.1
38 -663.8 61.6
39 -687.7 40.4
40 -1877.6 -37.9
41 -2167 -172.8
42 -1836.5 54.6
43 -1974.4 -328.2
44 1615.2 -1068
45 1253.9 -843.6
46 -981.3 908.5
47 -1405.5 541.1
48 -1423 603.7
49 -1299.8 565.8
50 -1469.2 593.4
51 1064.6 447.5
52 1091.6 440
53 1085.1 417.5
54 508.6 577
55 609.7 618.5
56 411.8 536
57 -821.3 888.4
58 410.8 554.7
59 442 539.4
60 556 473.4
61 544.6 503
62 783 507.3
63 596.2 482.1
64 666 339
65 667.8 369.4
66 646.9 318.3
67 622.1 388.3
68 1202.2 -1713.1
69 995.3 74.7
70 1031.4 87.3
71 982.2 1.1
72 913.9 159.8
73 951.8 232.3
74 693.3 243.7
75 323.2 440.3
76 198.7 477.1
77 310.8 396.6
78 737.1 542.7
79 1227.6 -1776.5
80 840.3 479.9
81 943.5 412
82 904.9 -71.3
83 770.2 -219.6
84 632.6 -142.1
85 678.1 -97.6
86 1081.4 -123.9
87 1094 -59.1
88 1130.3 -141.8
89 1083.3 -354.1
90 1390.9 -1530.1
91 1123.1 -315
92 1329.7 -248.3
93 1259.2 -309.2
94 1210.7 -384
95 1058.4 -378.3
96 720 -565.4
97 741.1 -553
98 727.2 -504.7
99 813.5 -526.6
100 849.8 -518.4
101 1106.8 -1837.1
102 926.9 -491.8
103 930.7 -460.3
104 956.4 -475.6
105 707.7 -488.4
106 550.9 -648.2
107 556.8 -697.9
108 478.6 -756.7
109 440.7 -728.4
110 468.3 -718.2
111 467 -686.8
112 173.3 -1785.5
113 579.6 463.9
114 292.1 -464
115 257.6 -510.2
116 339.5 -488.1
117 256.9 -464.4
118 288.2 -429.5
119 473 -547.2
120 921.9 -3.6
121 1214.5 -181
122 1147.2 -74.7
123 1187.3 -260.4
124 595.1 448.2
125 1472.6 -226.3
126 1561.2 -300.5
127 11.6 454.7
128 26 477.5
129 -47.6 487.5
130 -12.2 419.1
131 35.9 524.5
132 186.2 431
133 110 455
134 -226.4 657.4
135 871.5 60.5
136 -205.8 690.7
137 438.1 91.2
138 336.2 241.3
139 -204.8 294.2
140 -237.4 322.8
141 -207.6 356.1
142 -408.7 68.1
143 -504.9 166.9
144 -294.3 8.1
145 -261.4 -33.2
146 888.1 122.5
147 222.9 553
148 141 564
149 287 526.4
150 262.3 527.9
151 557.3 -122
152 615 -166.7
153 349.2 503.8
154 438.4 449.9
155 394.3 479.4
156 515.9 403.3
157 139.9 186.5
158 479.5 346.8
159 640.9 287.9
160 571.8 250.5
161 466.8 168.8
162 399.9 391.3
163 302.4 311.8
164 673 240.1
165 610.2 208.7
166 701.8 198.9
167 167.3 70.1
168 233.6 138.4
169 318.7 224.6
170 282.2 312.3
171 323.4 120.4
172 201.8 -2.1
173 -69 663.6
174 184.7 572.5
175 -45.5 735.4
176 -178.9 781.2
177 210.1 633.7
178 -195.5 723.5
179 319.2 32.5
180 -223.5 724.1
181 -651.8 724.1
182 -648.1 780.7
183 -621.8 775.6
184 -1144.9 741.1
185 -729.3 792.2
186 -1547.1 672.3
187 -500.5 188.2
188 -750.1 118.7
189 -217.6 -45
190 312.7 7.9
191 -239.6 -64.1
192 37.4 -207.6
193 -185.3 -49.1
194 178.9 -332.8
195 1578.9 -473.1
196 1608.3 -477.6
197 1595.8 -460.1
198 1445 -330.9
199 1469.5 -271.5
200 1592.4 -404.1
201 292.2 33.5
202 1673 -585.8
203 646.9 -59.5
204 -1166.1 602.3
205 329.6 532.1
206 -1651.2 403.6
207 -1564.6 380.1
208 -1629.9 480.7
209 -1785.9 521.7
210 -1880.9 446.6
211 -1959.4 248
212 374.2 -28.2
213 -2011 309.1
214 -2071.2 153.9
215 -1950.1 366.6
216 -2206.7 254.6
217 -2301.3 237.8
218 1535.6 -680.7
219 1413.1 -626.1
220 1400.9 -598.2
221 -542.9 638.9
222 -441.9 625.1
223 1077.8 -41.6
224 282.3 -182.1
225 -539.1 707.1
226 -298 677.2
227 -433.9 694.8
228 88.7 -196.5
229 225.9 -329
230 -1315.2 340.9
231 -2241.9 -101.4
232 -2127.1 -257.4
233 -2033.8 -494.3
234 -2067.1 -480.2
235 308.9 -146.1
236 -1997.6 -513.6
237 -2057.5 -535
238 -2146.6 -276.8
239 -2281.8 -39.8
240 -2388.9 -57
241 -2409.9 64.1
242 -2490.4 62.9
243 -2025 442.8
244 -2284.1 164.8
245 -2276.5 123.7
246 408.8 -357.8
247 -2194.8 179.5
248 -2438.6 59.1
249 -2423.4 138.3
250 -2430.9 218
251 -2271.4 85.4
252 -2260.7 18.3
253 -2415.7 101.1
254 -2171.3 34.3
255 -2557.4 46.7
256 -802.6 648.4
257 135.4 -58.2
258 -733.9 644.7
259 -799.2 712.6
260 -654.4 640.5
261 218.2 15.7
262 -103.3 305.5
263 -8.2 220.4
264 -254.7 -106.6
265 -1033.1 -103.3
266 199.2 -445.6
267 216.8 -509.1
268 87.9 -9.8
269 242.9 -543.8
270 1186 -714.6
271 1181.2 -690.7
272 1331.3 -709.6
273 1161 -706.4
274 -809.4 537.3
275 -1936.6 382.7
276 -1879.3 319
277 -156.4 350.2
278 1024.2 334.5
279 -271.2 151.2
280 462.1 117.6
281 753.8 -320.7
282 750 -515.8
283 -1208.2 755.7
284 -1014.2 802
285 -797.5 846.5
286 -913.6 767.7
287 -821.4 56
288 -919.4 90.4
289 829.3 526
290 -35.8 -5.2
291 922.8 386.4
292 858.9 422.6
293 905.6 494.8
294 1058.6 424.3
295 478.3 435.7
296 1284.1 -100
297 1251.6 -51.3
298 1589.8 -342.1
299 1493.9 -288.7
300 1417.2 -235
301 1172.7 -417.3
302 1384.7 -223.9
303 1331.3 -269.2
304 1369.4 -190.3
305 -2510.2 53.5
306 -2011.6 -463.4
307 -2162.1 274.9
308 -914.4 654.3
309 647 -1557.7
310 682.4 -1623.4
311 667.5 -1547.6
312 1149.1 -440
313 606.5 -1583.2
314 1663.6 -297.1
315 1708.9 -152.6
316 1684.3 -319.8
317 -2127.1 -640.2
318 -1328.6 309.3
319 -1473.9 325.9
320 -1396.9 207.6
321 1601.9 -425
322 1654.6 -504.1
323 940 -530.8
324 1311.6 -372.8
325 -230 688.7
326 -483.7 709.9
327 -840.1 729.4
328 870.5 -555.3
329 886.5 -510.6
330 435.3 -363.4
331 477.3 -669.7
332 544.6 -795.7
333 493.9 -768.3
334 1238.1 -89
335 906 -541.2
336 619.4 -830.9
337 464 -74.6
338 798.4 65.9
339 1179.9 113.4
340 909 130.6
341 -1523.5 212.5
342 -1549.2 424.2
343 768.9 338.7
344 1611.2 -387.2
345 1752.9 -516.6
346 798.3 -600
347 1126.3 135.5
348 1512.3 0.9
349 1772.8 -21.8
350 -287.7 758.4
351 155.1 -1829.6
352 1427.4 -995.9
353 1405 -1015.2
354 51.7 590.6
355 53.1 613.1
356 823.1 95.6
357 755.9 -651.5
358 728.9 161.6
359 1058.8 -31
360 1452.5 -179.9
361 787.8 329.4
362 364.1 -489.4
363 441.3 -559.4
364 1257.4 -344.8
365 1676.1 -347.7
366 1633.7 -336.8
367 1636.9 -350.6
368 740.1 -609.2
369 1129.5 -286.3
370 326 -750.2
371 258.8 -917.7
372 1398.2 -183.2
373 985.2 -23.9
374 1456.9 -243.5
375 601.8 -217.1
376 424.9 -527.5
377 406.2 -584.7
378 -1235.8 680.1
379 594.9 -347.8
380 -54.8 645.6
381 -616.8 726
382 -870.5 748.5
383 578.2 542.6
384 -399.2 735.3
385 -1463.6 361.3
386 -1351.1 639.3
387 -2022.1 474.3
388 -2139.9 235
389 -963.5 575.7
390 616.5 -369.7
391 -909 205.2
392 -2176.2 -690.3
393 -3306.8 -802.5
394 -178.5 168.9
395 -145.7 242.8
396 -175.8 268.6
397 -107.5 206.7
398 -134.5 331.4
399 -288.9 266
400 -34.5 392.2
401 550.5 -346.1
402 -144.2 443.1
403 970.9 -1750.6
404 418.6 -2007.2
405 162.8 -1744.8
406 -118 -2017.2
407 23.6 -1433.7
408 432.8 -1869.6
409 527.3 -1699.7
410 169 -1706.6
411 188.4 -1597.9
412 1265.9 -321.6
413 596.2 -1401.3
414 347.6 -1418.4
415 -311.1 335.7
416 113.6 -1255.4
417 1284 55.4
418 1165.8 102
419 1252.3 85.8
420 618 438.1
421 567.4 -946.9
422 1481.7 -0.3
423 1284.5 -354
424 1506.8 -31.2
425 1538.7 -9.8
426 1773.9 -33.9
427 1740.5 -38.3
428 962.8 -669.1
429 -129.2 227.6
430 110.4 303
431 27.8 299.7
432 -333.2 310.4
433 -287.6 362.6
434 507.5 134.8
435 184.6 330.5
436 129.5 331.9
437 172.2 391.7
438 73 372.2
439 -389.7 455.5
440 -263.6 390.1
441 98.8 414.2
442 -228.7 360.9
443 54.3 346.5
444 -95 473.1
445 1364.4 -247.7
446 488.2 150.7
447 -265.6 621.7
448 -307.8 584.7
449 -494.3 626.3
450 -510 705.6
451 983.7 -273.9
452 786.9 -231.1
453 335.2 -98.5
454 576.3 -108
455 487.3 19.4
456 782.6 -34
457 283 188
458 247.5 -12.6
459 616.1 -79.8
460 543.1 84.8
461 381.3 28.4
462 652.2 150.4
463 188.7 300.9
464 275.1 333.4
465 -1065.3 -96.5
466 -1010.2 -96
467 -2254.9 -20.5
468 273.4 69.9
469 -2499.1 125.7
470 -2181.9 100.1
471 -302.5 615.1
472 -213.7 -2054.7
473 293.1 -1803.9
474 511.8 -1642.1
475 308.1 -1578.1
476 176 -1581.2
477 1549.4 -1472.6
478 1529 -1446.2
479 864.3 17.8
480 1405.4 -1416.9
481 1017.7 -1365.4
482 798.4 -1005.4
483 702.2 -854.8
484 972.1 -1021.1
485 172.4 -966.8
486 216.8 -741.7
487 1409.4 -971.8
488 122.4 499.8
489 787.3 485.9
490 838.4 41.4
491 314.3 522.3
492 632.6 512
493 1067.3 152.2
494 -1300.8 730
495 1262.9 -365.8
496 1614.6 -318.4
497 1312.7 -135
498 1200.9 -91.7
499 1285.3 -127.2
500 1383.1 -157.2
501 -265.6 507.9
502 245.6 469.8
503 697.5 -335.7
504 1386.2 -406.5
505 -1102.5 614.3
506 733.5 187.5
507 1707 -114.8
508 979.1 250.1
509 -1403.9 532.6
510 -918.1 586.1
511 -299.4 603.4
512 -336.9 455.7
513 -649 817.3
514 -443.5 732.3
515 1844.2 -324.9
516 -1827 419.7
517 -1185.5 760.3
518 -2060.9 -520.3
519 -1047.7 710.5
520 1155.6 -1054.9
521 1034.1 -1016.5
522 400.7 -497.3
523 366.5 -498.6
524 486.8 -652.1
525 1385 -274.5
526 488.9 -329.4
527 535.3 -248.2
528 -1158.4 212.2
529 -1222.7 294.7
530 -979.5 245.3
531 -636.7 231.7
532 -439.1 290.6
533 -678.7 239
534 -1048.9 470.6
535 -1049.5 446.3
536 1316.7 -303.1
537 -970.4 461.6
538 -1051 408.8
539 -1128.8 331
540 -1012.2 407.1
541 -2775.3 11.3
542 -2627.4 36.3
543 -3337.8 -765.8
544 -676.1 334
545 -671.9 389.4
546 -376.9 164.8
547 1649.8 -485.4
548 -923.2 732.3
549 -958.5 656.3
550 -988.8 726.6
551 -976.7 351.9
552 -782.7 248.4
553 -973.6 405.8
554 -667.4 444.7
555 -1134 476.6
556 -1142.8 511
557 -814.8 452.5
558 1716.2 -493
559 -1154.3 422
560 -1183.9 669.3
561 -1194.7 703.7
562 -1318.5 630
563 -1370.1 418.7
564 -1540.2 457.3
565 -965.5 546.2
566 -968 502.4
567 -996 548
568 -661.8 528.8

# Edges
0 1
0 112
0 405
0 410
1 407
2 202
2 547
2 558
3 258
3 274
3 568
4 7
4 554
4 568
5 439
5 568
6 534
6 566
6 567
7 274
7 557
7 566
8 9
8 230
8 559
9 556
9 563
10 11
10 209
10 210
11 12
11 47
11 50
11 509
11 564
12 14
12 25
12 50
12 186
12 386
13 93
13 412
13 504
13 536
14 23
14 36
15 16
15 17
15 341
16 25
16 378
17 386
17 561
18 19
18 284
18 519
18 560
19 20
19 204
20 505
20 549
21 22
21 556
21 567
22 505
23 25
23 243
23 275
23 307
23 387
24 92
24 93
24 123
24 536
26 27
26 213
26 214
26 247
26 388
27 213
27 388
28 29
28 286
28 378
29 383
29 384
30 31
30 56
30 58
30 153
30 205
31 58
31 177
32 33
32 34
32 491
33 325
33 326
34 36
34 382
35 89
35 369
35 451
36 284
37 38
37 39
37 142
38 39
38 188
39 287
39 466
40 41
40 42
40 43
41 231
41 232
42 341
43 306
44 45
45 272
45 483
45 487
46 57
46 184
46 378
47 48
47 49
48 50
48 562
49 204
49 509
49 562
51 52
51 293
51 294
52 53
53 278
53 294
54 55
54 58
55 289
56 59
56 155
57 382
59 60
59 61
59 62
60 113
61 63
61 113
62 80
62 383
63 124
63 492
64 65
64 66
64 343
65 67
65 73
65 420
66 67
66 74
67 124
68 79
68 90
68 101
69 70
69 71
69 340
70 359
71 135
71 359
72 73
72 74
72 146
72 340
73 278
73 347
73 361
73 493
73 508
74 506
75 76
75 77
75 153
75 162
75 502
76 132
76 147
76 488
76 502
77 132
77 162
78 80
78 81
78 383
81 278
81 291
82 86
82 120
82 452
82 456
83 85
83 452
84 85
84 152
85 203
85 456
86 87
86 88
87 122
87 373
88 121
88 122
89 91
89 95
90 403
90 416
90 477
91 93
92 121
92 304
94 301
94 364
95 104
96 97
96 98
96 110
97 99
97 357
98 105
98 282
98 357
99 100
99 282
100 328
100 329
102 103
102 104
102 329
103 104
103 281
104 323
105 368
105 390
106 107
106 108
106 368
107 270
108 109
108 332
109 110
109 111
110 111
110 333
111 331
112 351
112 473
113 124
114 115
114 116
114 117
114 118
115 117
115 269
115 523
116 267
116 362
117 118
118 229
119 362
119 363
119 401
120 373
120 479
121 123
121 499
122 498
123 412
125 126
125 360
126 334
126 496
127 128
127 129
127 130
127 441
128 131
128 133
129 134
129 444
130 400
130 443
131 354
131 488
132 133
132 437
133 441
133 488
134 136
134 226
134 354
134 447
134 471
135 146
135 356
135 479
135 490
136 173
136 178
136 180
136 325
136 380
136 514
137 138
137 280
137 455
138 169
138 170
139 277
139 396
140 141
140 433
141 277
141 442
142 143
142 144
143 187
143 188
144 145
145 189
145 191
146 340
147 148
147 149
147 150
147 174
147 205
148 354
148 488
149 150
149 153
150 502
151 454
151 527
152 454
152 527
153 155
153 205
154 155
154 156
154 162
156 158
156 159
156 295
156 343
157 168
157 263
157 457
158 160
158 162
159 160
159 164
159 295
160 161
160 162
160 165
161 163
161 446
163 170
163 464
164 165
164 166
165 434
165 462
166 358
166 462
167 168
167 261
167 268
167 397
168 457
168 468
169 457
170 431
170 464
171 457
171 461
171 468
172 224
172 261
173 174
173 175
173 380
174 177
174 355
175 176
175 177
176 178
176 350
178 180
179 190
179 201
179 461
180 350
181 182
181 225
181 259
181 260
181 327
181 381
181 382
182 183
182 185
182 513
183 513
183 514
184 185
184 561
185 286
186 494
187 546
187 552
188 288
189 191
189 193
189 264
190 201
190 212
191 290
192 193
192 194
192 290
194 228
194 229
195 196
195 197
195 504
196 197
196 547
197 321
198 199
198 200
198 504
198 525
199 299
199 300
200 321
200 344
201 458
201 468
202 218
202 322
202 345
203 459
203 460
204 505
204 556
204 560
206 207
206 208
207 342
208 209
208 564
209 516
210 275
210 516
211 213
211 214
211 276
212 337
212 453
213 215
213 275
214 254
214 470
215 275
216 217
216 247
216 307
217 243
217 244
217 250
218 219
219 220
221 222
221 225
221 260
222 227
222 449
222 471
222 511
223 334
223 359
223 506
224 235
224 246
224 257
225 450
226 227
226 325
226 471
227 450
228 229
230 318
230 539
231 239
231 467
232 233
232 236
232 238
233 234
233 236
233 237
233 306
233 518
234 392
235 453
236 237
237 317
239 240
239 467
240 241
240 242
241 248
241 251
241 253
242 248
242 305
242 469
243 387
244 245
244 247
244 249
245 251
245 253
246 330
247 470
249 250
249 253
249 469
250 469
251 252
251 470
252 254
252 467
254 470
255 305
255 542
256 258
256 259
256 274
256 308
257 268
257 290
258 260
259 327
260 449
260 568
261 458
262 263
262 398
263 429
264 265
264 266
265 465
265 466
266 267
266 370
267 269
268 279
270 271
270 273
271 272
271 273
273 428
274 565
275 276
276 516
277 398
278 291
278 294
278 339
278 347
278 508
279 290
279 546
279 554
280 446
280 459
281 282
281 503
283 494
283 517
283 561
284 285
285 286
287 288
288 391
289 293
291 292
292 420
293 294
295 491
296 297
296 334
296 500
297 334
297 417
298 299
298 367
300 302
300 360
300 445
301 312
301 495
302 303
302 372
302 445
303 364
303 374
304 372
307 388
308 510
308 549
309 310
309 311
309 313
310 481
311 413
312 323
313 474
313 475
314 315
314 316
314 496
315 507
316 496
317 518
318 319
318 320
318 529
319 342
319 385
320 341
320 529
321 344
322 324
322 345
323 335
324 423
324 495
326 381
326 450
327 548
328 335
328 346
329 335
330 337
330 401
331 363
331 524
332 333
332 336
333 524
336 483
337 527
338 356
338 358
338 490
339 347
339 419
342 564
343 361
344 367
346 357
346 368
347 418
348 349
348 419
348 422
348 424
348 425
350 384
351 405
351 473
352 353
352 487
354 355
355 380
356 506
357 368
357 428
358 373
360 372
360 424
360 500
362 522
363 376
363 377
364 369
365 366
365 367
365 515
366 374
366 515
369 423
370 371
370 377
370 486
371 421
372 500
374 497
375 452
375 503
375 527
376 377
376 523
379 390
379 401
384 514
386 562
389 549
389 565
389 567
391 530
391 552
392 393
393 543
394 399
394 429
395 396
395 429
398 431
400 402
400 431
401 526
402 442
402 444
402 501
403 404
404 408
405 406
405 410
406 472
407 476
408 409
408 473
409 474
410 411
411 475
411 476
412 423
413 414
414 416
414 481
415 432
415 433
417 418
417 419
417 422
418 493
420 492
421 482
421 485
422 424
423 495
424 425
425 427
426 427
427 507
430 436
430 443
430 463
433 439
433 440
434 446
434 460
435 436
435 437
435 463
436 437
436 438
437 441
437 464
438 441
438 443
439 512
440 442
440 512
444 447
445 525
445 536
447 511
448 449
448 501
448 511
451 452
453 458
454 455
454 459
455 461
456 462
456 490
460 462
463 464
473 474
477 478
478 480
479 490
480 520
482 483
482 484
484 521
485 486
489 491
489 492
497 498
497 499
498 499
501 512
509 563
519 550
520 521
522 523
522 524
526 527
528 529
528 530
530 551
530 552
531 532
531 533
532 544
532 546
533 552
534 535
534 537
534 555
535 538
537 553
537 557
537 566
538 539
538 540
538 559
539 551
540 553
541 542
541 543
544 545
544 551
545 553
545 554
547 558
548 549
548 550
551 553
554 557
555 556
555 559
560 561
560 562
563 564
565 566
565 567
