# Nodes
0 -499.9 1142
1 -633.7 1171.8
2 -796 829.6
3 312.3 -444.3
4 175.8 -457.6
5 339.4 -558.7
6 184.2 -418.4
7 -257.5 -629.8
8 -232.6 -833.4
9 -319.7 -724.4
10 -329.9 -637.7
11 -546 -751.3
12 180.9 -577.6
13 -824.4 1077.2
14 -775.2 -692.2
15 -557.3 -662.6
16 -899.1 -707.3
17 -801.7 -811.2
18 -790.5 -572.3
19 -886 -820.8
20 -817.9 -899.8
21 -688.4 -783.7
22 -676.3 -882
23 261.5 -380.4
24 -303.3 73.9
25 417.7 -549.5
26 1126.2 -464.8
27 1201.8 -455.9
28 1104.9 -467.6
29 1115.4 -554
30 938.1 -487.4
31 938.1 -575
32 765.9 -507.9
33 755.4 -423.6
34 776.2 -594.2
35 62.6 51.1
36 695.3 -603.8
37 501.7 -539.4
38 704.5 -690.2
39 786.3 -680.2
40 714.2 -773.6
41 867.5 -670.6
42 877.2 -754.9
43 857.6 -584.6
44 723.7 -858.4
45 795.2 -765.1
46 -62.4 103.5
47 745.8 -339.8
48 198 -287.9
49 212.5 -332.8
50 -15.4 70.9
51 173.2 58.1
52 249.2 135.8
53 605.1 176.4
54 685.2 185.7
55 863.7 208
56 871.9 139.4
57 48.7 112
58 526.2 705.3
59 536.8 854.8
60 -675.5 301.3
61 -704 310.4
62 -687.4 324
63 -540 133
64 -435 234.5
65 -425.4 147.3
66 -550.5 220.7
67 -415.8 59.4
68 338.9 78.5
69 -531 46.3
70 -561 307.8
71 -676.5 279.7
72 -672.8 34.6
73 796.9 642.5
74 581.5 417.9
75 832.4 646.7
76 810 616.5
77 853.3 996.5
78 859.1 649.3
79 349.7 -9.8
80 816.3 -932.4
81 896.4 -921.7
82 806.1 -848.4
83 647.3 -1035.1
84 637 -948.4
85 1473.4 -511.3
86 1392.7 -521.1
87 1484.1 -597.8
88 1761.1 -475.5
89 1650.8 -490.5
90 257.2 68.3
91 1243.4 -794.8
92 1254.5 -879.3
93 1324.6 -785.4
94 885.8 -838.1
95 627.4 -868.9
96 1335.2 -870.6
97 1432.4 -858.5
98 733 -942.3
99 978.4 -910.9
100 968.8 -828.5
101 513 98.3
102 959.2 -744.3
103 1156.3 -890.4
104 1146 -806.2
105 1135.8 -722.9
106 1233.3 -712.1
107 1513.2 -849
108 1609.8 -836.5
109 1502.9 -764.6
110 1599.9 -753
111 -798.7 -45.3
112 -737.3 1191.6
113 503.9 164.2
114 -760.8 -21.6
115 -1359.1 -109.2
116 -791.5 301.5
117 -697.3 40.4
118 -553.1 -467.4
119 -655.3 127.3
120 -772.7 302.7
121 -733.8 0.6
122 1691.2 -825.9
123 1681.3 -743.9
124 434.7 88.7
125 1671.3 -660
126 1661.2 -575.3
127 1590.3 -670.3
128 1580.1 -585.5
129 -804.8 1153.3
130 -836.1 1229.6
131 -1637.6 -613.9
132 -1429.1 -518.2
133 -1408.9 -570.1
134 -1305.6 -523.3
135 569.5 -360.2
136 -1188.5 -504.3
137 -1209.2 -641.7
138 -1318.8 -585.1
139 -1508.2 107.4
140 -1504.8 65.6
141 -1512.4 149.8
142 -1590.8 636.6
143 -1516.2 285.5
144 -1480.4 -128.1
145 -1441.6 249.3
146 666.4 -349
147 -1404.4 254.6
148 -1515 224.8
149 -642.6 296.7
150 742.3 -1024.3
151 1315.6 -702.2
152 1422.4 -774.9
153 1306.1 -619.2
154 1401.9 -607.7
155 1222.9 -629.7
156 1296 -532.7
157 487.5 -369.7
158 1212.4 -542.7
159 -1732.6 1046
160 -745.4 750.6
161 -745.3 708.9
162 812.2 387.5
163 830.5 230.8
164 791.3 567.6
165 615 361
166 -653.1 104.8
167 -632.2 42
168 530.7 -40.8
169 -269.8 79.1
170 -186.3 78.9
171 -191.1 110.8
172 -117.9 -200
173 14.5 -357.1
174 -18.9 -314.3
175 182.1 -27.1
176 -1728 1450.6
177 -1417 -650.7
178 -1331.7 -663.9
179 494.8 -453.1
180 -1499.1 -639.8
181 -1248.3 -678.3
182 -1486.2 -557.7
183 -63 -863.2
184 -1760 1407.7
185 -1755.6 1379.8
186 -1780.6 959.1
187 -1661 754.6
188 -1631.5 706.5
189 194.9 -341.1
190 394.5 -380.9
191 212.9 -288.7
192 -51.7 83.2
193 -200.7 241.5
194 -208.7 1015.9
195 -894.1 -878.9
196 -1000.4 -835.7
197 -1003.4 -792.2
198 -970.6 -857.6
199 -1583.4 -620.7
200 -574 -546.3
201 402.4 -464.2
202 -803.8 -457.7
203 -748.3 -950.8
204 -514.3 -960.7
205 791.2 129.2
206 882.5 54.9
207 901.1 -92.8
208 893.1 -29.2
209 917.9 -237.2
210 822.9 -247.4
211 -1500.6 25.5
212 331.8 145.8
213 -1518.3 190.2
214 -1963.2 1203.4
215 -2100.1 1270.9
216 -1899.2 1173.8
217 -1898.7 1377.9
218 -1815.7 1349.5
219 -1922.3 1386.1
220 -2082.4 1179.4
221 -2113.6 1345.9
222 -1969.7 1403.2
223 -793.9 1222.6
224 362.4 148.1
225 -2095.5 1379
226 -586.6 -431
227 -518.2 -865.5
228 1568.7 -412.5
229 1569.6 -500.2
230 1493.5 -682.1
231 1412.1 -690.9
232 1382.5 -434.3
233 1222.5 -453.3
234 1640.3 -404
235 261.1 318.2
236 1661.4 -401.5
237 773.1 197.1
238 816.2 202.4
239 612.8 107.9
240 610 134.7
241 693.7 117.8
242 919 569.9
243 910.1 653.9
244 405.7 333.7
245 93.6 298.1
246 249 406.2
247 299.7 322.9
248 1050 161.8
249 1041.1 228.1
250 446 2.9
251 425.8 153.5
252 266.6 -19.1
253 328.2 -93.7
254 -762 15.4
255 -252.9 965.9
256 -305.8 567.9
257 271.3 282.8
258 -771.8 -453.1
259 -1039.8 -485.8
260 -1026.4 -602.1
261 -1020.7 -648
262 -1012.9 -718.7
263 -798.1 1181
264 -759.8 850.5
265 830.5 -330.1
266 1037.8 253.2
267 1009.4 490.6
268 212.7 312.6
269 1020.8 396.6
270 960.7 904
271 995.2 975.3
272 1030.3 312.4
273 -30.8 790.7
274 424.2 1070.5
275 527.5 1062.7
276 -230 1000.6
277 -54.6 985.9
278 -328.3 335.9
279 332.7 416
280 -444.5 321.4
281 -307.4 161.2
282 -235.1 168.8
283 -212.7 239.6
284 -45.8 -693.7
285 -70.9 -797.2
286 570.2 398.6
287 -2119.7 1378.7
288 -1172.7 -630.3
289 -224.4 -897.1
290 123.3 479.1
291 -707.6 417.5
292 -98.2 106.6
293 -891.1 -776.9
294 -2245 1256.2
295 -1520.4 1317
296 455.4 690.9
297 532.3 -20.2
298 -21.9 728
299 -1192 -663.6
300 -1460.6 237
301 134.5 391.7
302 143.9 304.1
303 17.2 376.9
304 -1243.8 1354.9
305 82.2 385.1
306 6.8 464.9
307 -98.5 361.6
308 -88.1 276.2
309 -108.9 451
310 -221 347.9
311 -231.7 436.9
312 -297.6 1036.2
313 -337.5 1058.2
314 579.3 -444.4
315 -1478.2 1422.2
316 676.1 -433
317 588 -529.1
318 685.8 -517.5
319 435.7 348.7
320 361.7 428.1
321 348 522.6
322 331.1 642.7
323 304.3 679.8
324 354.4 685.4
325 558 694.8
326 -1800.7 1041.4
327 566.1 620.7
328 542.1 379.6
329 496.9 261.7
330 373.4 334.1
331 335.5 327.8
332 299.4 233.5
333 345.5 238
334 327.6 182.3
335 238.6 224.5
336 -209.1 261.6
337 -554.5 -593.5
338 -318.1 248.5
339 -76.2 185.8
340 28.2 290.1
341 -118.7 538.7
342 -3.6 553.2
343 -209.4 527.4
344 113.7 567.5
345 -11.3 632.1
346 103.8 653.4
347 38.4 201.4
348 -677.4 -70.5
349 154.7 215.1
350 165.6 125.8
351 -280.2 517.3
352 962.4 219.1
353 1005.6 223.7
354 546.6 1016.8
355 582.9 1018
356 -1776.2 1441.4
357 -1917.5 1414.2
358 -17.9 -601.5
359 -794 -411.1
360 18.2 -477.1
361 20.2 -409
362 -187.3 -500.4
363 -191.9 -385
364 -35.4 -365.2
365 -297 -399.1
366 -269 -509.7
367 -173.2 -619.4
368 -163.4 -705.7
369 -247.3 -715.5

# Edges
0 1
0 223
0 312
0 313
1 112
1 223
2 13
2 116
3 4
3 5
3 23
4 6
4 12
4 360
5 25
6 49
6 189
7 10
7 366
7 367
7 369
8 289
8 369
9 10
9 11
9 369
10 15
11 15
11 21
11 227
12 358
13 129
13 130
14 15
14 16
14 17
14 18
15 200
16 262
16 293
17 19
17 20
17 21
18 200
18 202
18 260
19 196
19 293
20 22
20 195
21 22
22 227
23 49
23 191
24 67
24 169
24 281
24 292
25 37
25 201
26 27
26 28
27 158
27 233
28 29
28 30
29 31
29 105
29 158
30 31
30 32
31 43
32 33
32 34
32 318
33 47
33 316
34 36
34 39
34 43
35 46
35 51
35 57
36 38
36 318
37 179
37 317
38 39
38 40
39 41
39 45
40 44
40 45
41 42
41 43
42 45
42 94
42 102
44 82
44 95
45 82
46 57
46 292
46 339
47 146
47 265
48 49
48 50
48 189
49 191
50 169
50 192
51 90
51 175
51 350
52 90
52 212
52 335
52 350
53 54
53 113
53 240
54 237
54 241
55 56
55 163
55 238
55 352
56 205
56 206
57 347
57 350
58 59
58 296
58 324
58 325
59 275
60 61
60 62
60 71
60 149
60 291
61 62
61 147
62 291
63 65
63 66
63 69
64 65
64 66
64 280
64 338
65 67
65 281
66 70
66 71
67 69
68 79
68 90
68 124
68 212
69 72
69 167
70 149
70 280
71 149
72 117
72 121
72 166
72 167
73 75
73 76
73 327
74 286
74 296
74 327
75 76
75 77
75 78
76 164
77 271
77 355
78 243
79 190
79 250
79 252
80 81
80 82
80 98
81 94
81 99
82 94
83 84
83 150
84 95
84 98
85 86
85 87
85 229
86 154
86 156
86 232
87 128
87 154
87 230
88 89
89 126
89 229
89 234
90 252
91 92
91 93
91 104
91 106
92 96
92 103
93 96
93 151
93 152
94 100
96 97
97 107
97 152
98 150
99 100
99 103
100 102
100 104
101 113
101 124
101 168
101 239
101 297
102 105
103 104
104 105
105 106
106 151
106 155
107 108
107 109
108 110
108 122
109 110
109 152
109 230
110 123
110 127
111 114
111 115
111 121
112 223
112 263
113 251
113 319
113 328
113 329
114 121
114 254
115 144
116 121
116 348
117 118
117 120
118 365
119 120
119 166
119 348
121 254
122 123
123 125
124 250
124 251
125 126
125 127
126 128
127 128
127 230
128 229
129 223
129 264
130 223
130 304
131 199
132 133
132 134
133 138
133 177
133 182
134 136
134 137
134 138
135 146
135 157
135 168
135 314
136 259
137 288
137 299
138 178
139 140
139 141
140 211
141 213
142 143
142 188
143 145
143 148
145 147
145 148
147 300
148 213
148 300
151 153
151 231
152 231
153 154
153 155
153 156
154 231
155 158
156 158
157 179
157 190
159 186
159 295
159 326
160 161
160 264
161 291
162 163
162 164
162 165
163 238
164 242
165 286
165 328
166 167
168 297
169 292
170 171
170 172
171 192
171 193
171 283
172 173
172 174
173 174
173 189
173 360
173 361
173 364
174 364
175 191
175 252
176 184
176 315
176 356
177 178
177 180
178 181
179 201
179 314
180 182
182 199
183 285
184 185
184 356
185 326
186 187
186 326
187 188
190 201
193 336
193 339
194 312
195 198
196 197
196 198
197 262
197 293
200 226
202 258
202 259
202 359
203 204
204 227
205 237
205 241
206 208
207 208
207 209
209 210
210 265
212 224
212 334
214 215
214 216
214 217
215 220
215 221
216 218
217 218
217 219
219 222
219 357
220 294
220 326
221 225
221 287
222 225
222 357
223 263
224 251
224 334
225 287
226 258
226 365
228 229
228 234
230 231
234 236
235 246
235 247
235 257
235 268
237 238
239 240
239 241
242 243
244 319
244 330
244 333
245 302
245 305
245 340
246 279
246 290
246 301
247 257
247 331
248 249
249 266
249 353
252 253
255 256
255 276
255 312
256 343
256 351
257 332
258 359
259 260
260 261
261 262
261 288
263 264
266 272
266 353
267 269
268 302
268 335
269 272
270 271
273 277
273 298
273 345
274 275
276 277
276 312
277 312
278 280
278 310
278 338
279 320
279 330
281 282
281 338
282 283
283 336
284 285
284 358
284 368
286 328
290 301
290 306
290 344
295 315
296 319
298 345
301 302
301 305
302 349
303 305
303 306
303 307
303 340
304 315
306 309
306 342
307 308
307 309
307 310
308 336
308 339
308 340
309 311
309 341
310 311
310 336
311 351
312 313
312 351
314 316
314 317
316 318
317 318
319 320
319 328
320 321
321 322
322 323
322 324
323 324
323 346
325 327
325 354
326 356
328 329
330 331
331 333
332 333
332 334
332 335
335 349
336 338
337 348
337 359
339 347
340 347
341 342
341 343
342 344
342 345
343 351
344 346
345 346
347 349
349 350
352 353
354 355
356 357
358 360
358 367
360 361
360 362
361 364
362 363
362 366
362 367
363 364
363 365
365 366
367 368
368 369
