# Nodes
0 -1184.2 -347.3
1 -1182 -203.8
2 1443.1 -303.7
3 2436.7 -112.4
4 2437.1 -185.2
5 2292.8 -118.1
6 2430.6 -212.2
7 2293.7 -185.4
8 2503.7 -252
9 2425.2 -338.6
10 -420.8 603.3
11 -419.2 659.4
12 -1261.5 -64.3
13 1365.3 -305.3
14 -1416.6 -66.6
15 -1259.5 -139.4
16 -1262.6 0.6
17 -1261.7 488.8
18 -1264.6 551.5
19 -1260.1 443.1
20 -1339.8 487
21 -1261.8 784.4
22 -1261.4 884.9
23 -1264.2 732.2
24 1442.2 -164.9
25 -1319.4 793.7
26 -1188.9 784.9
27 -1251.4 218.2
28 -1358.1 218.5
29 -1178.9 219.4
30 -1253.2 164.2
31 -1253.5 278.6
32 -1416.2 686.6
33 -1341.3 680.6
34 -1418.1 493.5
35 725 -314.4
36 -1266 674.6
37 -1265.9 653.1
38 -183.4 226.5
39 -231.5 232.1
40 -194.1 171
41 2483.4 -322
42 2484.1 -355.2
43 2431 -523.7
44 2439.8 -560
45 2196.1 215.9
46 714.8 -180.2
47 2198.8 358.9
48 2243 215.2
49 2199.8 474.4
50 2243.7 358
51 2132.7 359
52 2286.6 357.7
53 1931 97.4
54 1833.2 100.2
55 1933 -55.4
56 1931.5 -161.8
57 734.5 -47.1
58 1836.9 -57.1
59 1930.1 -295.8
60 1929.1 -436.2
61 1841.2 -298.2
62 1766.3 -63
63 1724.1 -63.2
64 1769.2 -165.5
65 1772.8 -299.2
66 1777.1 -570.9
67 604.8 488.5
68 717 48.3
69 147.3 508.5
70 228.7 505.1
71 141.4 358.3
72 2001.6 259.5
73 1762.3 102.9
74 1828.9 260.1
75 1692.5 103.8
76 1766.1 -51.2
77 1630.2 102.4
78 1690.7 258.8
79 665 -54.5
80 1615.4 673.9
81 1615.8 543.8
82 1545 673
83 1492.2 258.4
84 1479.5 672.2
85 1422.9 669.4
86 2132.2 405.4
87 2132.7 474.9
88 2062.2 405.7
89 1432.6 392.6
90 607.2 52.6
91 1486.1 392.4
92 1439.8 256.5
93 2062.9 260.3
94 2000.4 403.4
95 1999.8 542.1
96 1926.2 401.6
97 1926.8 260.3
98 1827 399.9
99 1825.9 543.1
100 1758 398.6
101 718.7 482.7
102 1758.5 259.3
103 1689.1 397
104 1617.7 394.8
105 1687.5 543.3
106 1619.7 258.8
107 1550.4 393
108 1557.9 258.8
109 1481.6 543.8
110 1839.6 -164.7
111 1495.4 -64.4
112 -1095.1 -348.6
113 -1092.2 -63.5
114 1570.6 -162.1
115 1634.7 -163.8
116 1495.3 -162.3
117 1447.4 -706.8
118 1579.5 -703.7
119 1715.5 -573.9
120 -387.2 -1270.3
121 -271 -1261
122 -705.4 -1276.5
123 -389.1 -1355
124 -1188.1 -67.2
125 2131.8 260.5
126 2427.1 358.8
127 2380.2 358.4
128 2350.6 358.1
129 2375.7 505.4
130 1427.7 544.3
131 1545.7 545.6
132 1757.5 542.9
133 1925.6 543.8
134 2062.8 542.7
135 -255.9 763.6
136 2133.9 542.5
137 2135 598.5
138 2201.8 593.6
139 2245.2 473
140 2284 471
141 2284.7 584
142 2246.7 589.2
143 2208.6 685.7
144 2349.4 468.3
145 2424.8 554.2
146 -163.6 757.7
147 2373.4 553.5
148 2064.5 -161.1
149 1998 -160.8
150 2064.8 -294.9
151 1996.1 -295.9
152 2062.4 -435.6
153 1579.5 -574.5
154 1841.9 -436.6
155 1842.1 -568.3
156 1928.3 -566.6
157 -256.5 729.1
158 1996 -435.9
159 1994.7 -565.3
160 2060.8 -565.9
161 1293.8 -58.5
162 1296.3 -169.1
163 1223.9 -65.1
164 734.2 -179.9
165 798.6 -178.5
166 1304.4 -574.5
167 727.1 -715.2
168 -329.6 768.2
169 837.7 -712.4
170 1163.9 -58.5
171 1097.1 -65.5
172 1032.3 -54.8
173 1033.8 -172.9
174 947.8 -44.8
175 899.2 -712.8
176 802.1 -48.7
177 893.4 -177.9
178 971 -713.5
179 -254 812
180 969.4 -580.1
181 1032.8 -712.5
182 881.7 -42.6
183 957.6 -311.3
184 949.5 -178.1
185 894.6 -312.7
186 899.6 -580.4
187 811.1 -582.3
188 1034.3 -309.1
189 1095.8 -170.7
190 724.5 -583.3
191 1037.8 -579.6
192 1107 -712
193 1171.6 -709.5
194 1265.9 -710.4
195 1173.2 -577.5
196 1167.6 -308.2
197 1098.2 -309.2
198 1165.8 -169.1
199 1362.7 -168.7
200 1298.5 -306.2
201 -1098.4 484.5
202 1223.7 -307.4
203 1305.2 -710.5
204 1224.2 -169.6
205 1364.8 103.8
206 747.7 95.2
207 721 95.4
208 748.3 387.8
209 868.5 532.2
210 1360.7 394.3
211 721 386.8
212 -1151.6 481.2
213 746.2 248.9
214 870.4 386.9
215 718.8 248.5
216 871.8 248.5
217 1364 -53.2
218 1223.8 -51.8
219 1162.3 100.5
220 1223.8 101.4
221 1097.4 -51.9
222 1095.3 99.5
223 -105.2 -320
224 -1105.8 632
225 1075.5 667.2
226 944.4 97.4
227 1294.4 102.9
228 1364.3 255.8
229 1222.6 250.3
230 1158.5 247.1
231 1029.7 98.4
232 1092 246.3
233 873.5 96.4
234 943.6 248.5
235 -497 -189.2
236 944.8 388
237 1022.3 247.6
238 1086.9 389.8
239 1156.7 390.7
240 1295.3 253.9
241 1218.5 391.5
242 1291.2 396
243 1354.8 543.1
244 1215.8 539.4
245 1155.9 537.8
246 -498.6 -116.5
247 1085.5 537.9
248 1016.6 388.9
249 943.3 532.5
250 940.6 664.4
251 1015.4 536.3
252 1287.4 541.9
253 1215.2 668.4
254 1352.7 667.4
255 2302 -364.9
256 2427.9 -418
257 -571.3 -199.7
258 2304.4 -402.4
259 2306 -424.4
260 2308.7 -464.2
261 2429.2 -457.1
262 2313.4 -533.8
263 2315.7 -566.6
264 2322.7 -668.5
265 2434.1 -663
266 2442.8 -733.2
267 2443.2 -772.5
268 -410.5 -121
269 2236 -402.9
270 521 492.1
271 404.2 497.3
272 349.7 499.8
273 314.6 501.3
274 123.7 -46.4
275 121.9 -100.6
276 124.8 -23.8
277 68.8 -45.6
278 220.1 -47.8
279 -500 -53.5
280 -120.3 550.9
281 -119 602.9
282 -167.4 552.5
283 -122.3 470.1
284 7.8 369.6
285 133.6 167.1
286 -4 176.3
287 130.9 89.9
288 318.9 -49.3
289 339.4 -49.6
290 -568.5 -54.6
291 320.7 66.9
292 458.9 -51.4
293 533.9 -52.5
294 460.3 -180.3
295 459.2 58.6
296 606 -53.6
297 534.4 -182.3
298 605.6 -184.3
299 213.8 -1400.9
300 151.8 -1400.1
301 -411.4 -194.8
302 345.9 -1401.9
303 216.2 -1255.9
304 60.9 -1252.7
305 410 -1258.1
306 258.2 -651.2
307 331.5 -718.6
308 235 -680.9
309 668.2 -181.2
310 466.8 -587.9
311 535.9 -517.5
312 -363.9 -193.5
313 604.7 -584.5
314 662.8 -584
315 -1550.8 1059.6
316 -1496.7 1060
317 -1590.3 1058.8
318 -1550.3 950.7
319 -1550.4 1194
320 605.8 -718.3
321 661.9 -717.7
322 539.9 -718.6
323 -406.6 -51.4
324 472 -716.8
325 225.7 -718.8
326 537 -586.2
327 322.6 -590.3
328 198.1 -595.2
329 156.8 -558.4
330 237.5 -459.5
331 267.2 -444.6
332 217.3 -177.5
333 339.6 -179.7
334 51.3 -459.8
335 -1790.5 -71.9
336 -1108.5 1064.6
337 -1269.5 1061.1
338 -1122 1220.9
339 -1414 438.8
340 -1675.6 428.8
341 -1257.1 362.7
342 -1130 447.2
343 -1349.3 440.6
344 -1179.7 373.5
345 -1092.6 358.6
346 -1674.8 -70.2
347 -1028.3 452.1
348 -1673.6 -210.2
349 -1739.7 427.5
350 -1674.3 1057
351 -1674.4 916.6
352 -1675 38.2
353 -1674.2 848.7
354 -1017.1 -61.8
355 -118.6 184
356 -121.7 376.2
357 -1791 26.4
358 -163.6 726.9
359 -164.9 668.2
360 -116 725.8
361 -383.2 732.2
362 -330.8 730.9
363 -384.6 609.3
364 -418.3 733
365 -116.6 702.7
366 -257.6 670.9
367 -261.8 472.5
368 -407.3 30.9
369 -260.6 510.6
370 -213.8 471.8
371 -297.6 473.2
372 -169.2 470.9
373 -168.5 501.1
374 -418.2 773.5
375 -332.5 672.7
376 -260.2 531.3
377 -335.4 579.8
378 -296.4 417.5
379 -311.9 1.5
380 -338.9 474.3
381 -867.7 856.5
382 -818.5 857.1
383 -873.7 894.6
384 -865 789.9
385 -983.2 853
386 -1216.1 1215.8
387 -1284.5 1210.5
388 -1356.7 1200.7
389 -1307.7 1206.6
390 -1542.1 489.4
391 -1489.5 1198.1
392 -698.1 578.2
393 -694.7 507.4
394 -700.9 653.2
395 -707.8 112.6
396 -708.9 79.2
397 -705.3 229
398 62.1 -994.7
399 56.3 -871.4
400 -403.3 -398.5
401 -1545.3 828.9
402 -492 -400.2
403 -402.3 -332
404 -394.9 -1058
405 -274.3 -1055.2
406 -391.5 -1140
407 -701 321.5
408 -558.7 243
409 -393.6 -1008.4
410 -276.6 -1003.2
411 -782.9 511.8
412 -1542.2 434.2
413 -692.7 448.4
414 -704.9 -56.6
415 -710.6 4.5
416 -709.1 59
417 -684.2 -332.3
418 -609.5 -332.7
419 -691.4 -199.8
420 -726 -199.8
421 -697.1 -121.9
422 54.4 -692.3
423 -1675 484.1
424 55.9 -590
425 -785.1 321.6
426 -698.5 372.7
427 -562.4 -334.4
428 -492.7 -335.4
429 -561 -401.6
430 -702.2 689
431 -582.1 648.7
432 -783.1 449.3
433 -788.7 -57.7
434 -1412.9 808
435 -666.2 -480.2
436 -271 -1135.5
437 -860.6 677
438 -757.5 669.2
439 -785.7 -127.6
440 -502.8 -562.1
441 -202.9 -188.5
442 -403.2 -565.4
443 -690.5 -480.9
444 -725.6 -334.3
445 -204.1 -325.9
446 -1413.7 758.3
447 -1366.1 1057.3
448 -1279.1 1137.5
449 -769 -1422.4
450 -774.3 -1276.9
451 -835.3 -1424
452 -707.9 -1418.2
453 409.6 -1402
454 -499.6 -1416.1
455 -272.8 -1410.7
456 -274 -1353.7
457 -1504 821.7
458 -394.6 -1414.5
459 -231.5 -1409.4
460 -943.3 -1426.3
461 -941.7 -1510.3
462 63.2 -1403.3
463 -96.7 -1401.8
464 -195.4 -1408.2
465 -25.4 -1399.9
466 -837.6 -1344.4
467 -3 -1401.9
468 -1379.3 802.8
469 -203 -1259.5
470 218.2 -996
471 219.4 -1043.1
472 195.1 -995.2
473 215.3 -870.8
474 61.1 -1129.9
475 -95 -1131.1
476 -92.2 -1259.9
477 -208.5 -1135.6
478 -773.5 -1210
479 -1410.9 835.5
480 -771.3 -1144.4
481 -840 -1209.9
482 -99.3 -1037.9
483 -841.2 -1144
484 -838.8 -1277.7
485 -951.2 -1207.9
486 -101.4 -995.6
487 -497.4 -998.8
488 -496.9 -971.6
489 -532.4 -998
490 -1096 -202.5
491 -841.4 -1122.3
492 -953.9 -1133.9
493 -840.5 -1081.3
494 -954.5 -1080
495 -839.7 -1022.2
496 -837.5 -927.5
497 -955.4 -1021.7
498 -704.1 -1073.5
499 -703.2 -1015.6
500 -558 -1063.7
501 -1097.9 448
502 -669.5 -1145.2
503 -704.8 -1144.7
504 -428 -1146.6
505 -948.8 -1280.9
506 -939.5 -1595.4
507 -531.9 -971.1
508 -559.4 -1006.1
509 -946.1 -1345.7
510 -559.7 -965.6
511 -566.8 -873
512 -1095.8 221.5
513 -702.1 -925.9
514 -701.2 -874.2
515 -960.7 -931.6
516 -964.3 -879
517 -971.7 -786.6
518 -888.6 -877.7
519 -838.2 -876.9
520 -1410.2 875.6
521 -1381.2 876.1
522 -1409.6 923
523 -1019.6 -343.3
524 -1412.4 1057.2
525 -1440.1 1058.7
526 -1364.2 1127.5
527 -1550.2 924.1
528 -1673.8 768.3
529 -1674.3 551.3
530 -1740.5 483.5
531 -1257.6 -350
532 -1257.8 -204.9
533 -416.6 241.5
534 -1086.6 -138.2
535 -417 370.9
536 -362.2 242.9
537 -447.6 239.8
538 -445.9 -52.1
539 -464.1 371.2
540 -506.4 237.6
541 -507.8 301.1
542 -502.8 72.8
543 -482.6 238.8
544 -528.7 236.6
545 2295.9 -277.1
546 -229.8 170.4
547 -265 169
548 -374.4 367.3
549 -375.3 405
550 -342.2 356.4
551 -265.6 236.1
552 -292.8 243.5
553 -363.6 37.9
554 -307 68.3
555 -361.7 98.2
556 -107.8 -179.3
557 2432.1 -260.6
558 -263.4 91.7
559 -569.5 74.8
560 -569.2 39.2
561 -311.9 99.5
562 -312.4 126.3
563 -293.5 278.5
564 -291.6 183.5
565 -417.7 402.5
566 -413.6 178
567 -290.4 126.9
568 2299.2 -325.3
569 -286.2 79.4
570 -508.7 373.5
571 -510.5 420
572 -542.2 371.2
573 -118.5 226.3
574 -502 39.4
575 774.3 -37.6
576 -1153 623.7
577 -1210 623.1
578 -1340.6 555.8
579 2294.2 -219.4
580 -1267.1 622.8
581 -1340.5 624
582 -1413.7 370.4
583 -1211.2 487
584 -578.6 781.4
585 -1341.6 746.8
586 -557.5 -775.3
587 -557.4 -742.6
588 -487.8 -776
589 -403.6 -517.3
590 1442.7 104
591 -1255.4 125.7
592 -1298.8 166.2
593 -1358.4 378.8
594 -941.7 -481
595 -973.9 -480.9
596 -902.4 -481.1
597 -948.1 -613.4
598 -801.2 -615.2
599 -800.4 -673.4
600 -899.5 -614
601 1633.2 -57.3
602 -802.2 -545.7
603 -698.5 -796.7
604 -697.1 -739.5
605 -667.7 -792.3
606 -900.9 -545.5
607 -514.3 -712.7
608 -487.5 -716.6
609 -782.4 -410.6
610 -1412 217.5
611 -1412.5 271.7
612 1694.1 -39.5
613 -1403.2 166.6
614 -1180 315.5
615 -1255.1 315.4
616 -1101.6 316.3
617 -487 -668
618 -667.7 -873.9
619 -799.7 -739.6
620 -798.1 -803.8
621 -893.9 -739.7
622 -487.9 -746.9
623 1738.1 -51.3
624 -1404.6 94.8
625 -1357.7 92.7
626 -1392 4.8
627 -1195.8 892.9
628 -1108.6 890.3
629 -1358.1 318.3
630 -1357.8 272.9
631 -1675.4 253.1
632 -1357.7 166.7
633 -1320.5 875.5
634 1999.3 -54.5
635 -387.9 572.1
636 -692.2 -545.8
637 -694 -616.5
638 -671 -545
639 -1412.7 312.5
640 -1358.2 335.2
641 -890.9 -805.9
642 -897.1 -670.2
643 -802.7 -481.5
644 -797.4 -876.3
645 2001.3 94.6
646 -852.7 -404.1
647 -782.7 -334.8
648 -419.7 474.9
649 -418.5 435.5
650 -455.2 483.2
651 -850.6 -481.3
652 -1380.7 922.8
653 -1503.6 923.5
654 -1104.8 968.9
655 -1256.6 87.9
656 2064.9 -46.3
657 -778.9 -481.6
658 -1091.2 165.6
659 -1024.6 222.4
660 -854.5 -336.3
661 -930 -342.5
662 -1261.7 934.3
663 -1348.3 922.2
664 -976.8 -613.8
665 -1025.2 491.1
666 -931.1 450.6
667 -103.9 -535.8
668 -274.9 -328.6
669 -1674.5 183.5
670 -1102.8 786.6
671 -974.9 -673
672 -1099.9 923.3
673 -1098.7 849.4
674 -1029.8 924
675 -1011.4 972
676 -1439.4 1123.8
677 -1438.6 1199.4
678 -1113.5 1220.5
679 -362.1 -331.1
680 -578.7 519.5
681 -625.6 513.2
682 -522 779.3
683 -530.1 652.9
684 125.7 -591.4
685 52 -529.2
686 215.1 -810.4
687 216.2 -749.3
688 -190.1 -534.4
689 -103.9 -588.3
690 -290.7 -519.9
691 -112.7 -718.1
692 -104.9 -835.7
693 -104.2 -869.8
694 -1801.1 425.1
695 -1798.9 225.8
696 -1804 -209.3
697 -1724.6 -208.1
698 -1798.8 483.1
699 -1674 636.2
700 -974.3 563.3
701 -277.3 -233.4
702 -978.8 507.8
703 -1017.6 564.5
704 -973.1 637.3
705 -380.2 474.7
706 -372 436.4
707 -379.4 514.8
708 -973.2 694
709 -859.5 632.9
710 -512.8 502.9
711 -1096.5 713.8
712 -278.2 -190.5
713 -974.9 727.2
714 -565.9 421.5
715 -631.9 640.5
716 -856.4 511.2
717 -856 449.9
718 -513.4 461.6
719 -561.8 506.9
720 -968.4 788.8
721 -858 585.9
722 -1095.5 645
723 1446.8 -575.9
724 -1011.8 639.6
725 -859.1 562.9
726 -1097.1 748
727 -856.6 52.9
728 -856.1 3.1
729 -933.9 45.1
730 -788.5 3.6
731 -854.6 -58.8
732 -855.4 371.2
733 -783.3 379
734 1494.5 -52.4
735 -852.7 -129.6
736 -931.3 -60.3
737 -856.3 320.1
738 -941.3 365.5
739 -939.4 318.8
740 -859.4 213.1
741 -761 791
742 -851 -196.1
743 -929.5 -192.8
744 -857.7 111.5
745 -432.9 -871.8
746 -786.4 112.1
747 -935.4 111.3
748 -858.9 157.2
749 -935.8 164.1
750 -930.7 -131.6
751 -787.2 154.2
752 -981.3 -343.4
753 -783.4 -197
754 -1020.4 -187.6
755 -1018.9 -135.6
756 -399 -871.5
757 -1085.8 -187.9
758 -1018.7 -1.2
759 -1020.1 41.2
760 -933.6 0.5
761 -786.7 58.9
762 -1021.7 110.1
763 -1090.1 40.4
764 -1023.1 167.5
765 -785.4 220.4
766 -982.4 216.1
767 -488.2 -872.3
768 -1028.6 317.5
769 -1092.4 317
770 -1028.8 341.5
771 -975.6 318.3
772 -732.8 380
773 -982.8 -189.6
774 -895.2 1.8
775 -934.7 78
776 -936.5 209.2
777 -1675.1 105.6
778 1442.8 -59.3
779 2132.6 -50.9
780 -1791.1 47.5
781 -1794 80.3
782 -1793 113.3
783 -1734.6 108.8
784 -1737.9 149.3
785 -1791.6 153.5
786 -1788.5 204.2
787 -1771.1 426.4
788 -1455.8 -363.5
789 -1390.2 -360
790 2134 93.6
791 -1484.9 -362.5
792 -1323.6 -352.4
793 -977 -547.1
794 -599.7 -200
795 -202.9 -232
796 -568.7 -117
797 -1187.7 -137.7
798 -1096.2 -135.5
799 328.1 -450.3
800 120.4 -175.3
801 2292.3 -38.9
802 -178.7 78
803 -388.3 179.6
804 -115.7 103
805 -390.4 218.5
806 -314.3 199.1
807 -338.3 199.1
808 -480.7 311.1
809 -339.6 277.3
810 -340.6 303.1
811 -294.1 304.3
812 2064.8 -59.7
813 -295.1 353.1
814 -557.4 308.8
815 -558.6 287.3
816 -559.2 337.7
817 -600.5 335.5
818 -610 363.1
819 -563.1 367.7
820 -295.9 390.8
821 -342.1 405.4
822 -633.7 363.1
823 2134.7 223.6
824 -665.3 365
825 -298.8 546
826 -336.3 548.6
827 -1106.4 678.3
828 -1106.8 706
829 -1211.5 726
830 -816.8 790.4
831 -713.2 791.5
832 -13.9 9
833 -13 97.8
834 2064.5 93.7
835 262.8 -590.8
836 147.5 -457.6
837 67.7 -174.8
838 67.9 -99
839 -7 -97.4
840 -7 -44.4
841 -109.7 -97.3
842 -112.5 -42.8
843 -402.3 -664.6
844 -654.4 328.2
845 1565.1 100.2
846 -280.7 -870.5
847 -136.9 -779.9
848 -108.2 -779.6
849 1696.1 -75.3
850 537.2 55
851 867.8 662.9
852 1013.8 665.9
853 1286.5 668.4
854 1073.5 719.7
855 -117.9 651.6
856 1494.6 100.7
857 500.2 -518.1
858 219.8 -1070.3
859 -1766.5 151.1
860 2349.8 581.2
861 1567.4 -57.8
862 2434.3 96.5
863 1364.4 -65.3
864 2436.5 -35.7
865 2291.5 90.1
866 1707.7 -300.8
867 1570.8 -300.7
868 1702.9 -166.2
869 724.6 528.9
870 749.2 529.2
871 2422.7 212.5
872 2422.9 152.6
873 2290.6 214.5

# Edges
0 1
0 112
0 531
1 490
1 532
1 797
2 13
2 24
2 723
2 867
3 4
3 5
3 864
4 6
4 7
5 7
5 801
6 557
6 579
7 579
8 41
8 557
9 41
9 42
9 255
9 256
9 557
9 568
10 11
10 363
10 431
10 635
10 648
10 650
11 364
11 683
12 14
12 15
12 16
12 113
12 124
13 199
13 200
14 346
14 626
15 532
15 797
16 626
16 655
17 18
17 19
17 20
17 583
18 578
18 580
19 341
19 342
19 343
20 34
20 343
20 578
21 22
21 23
21 25
21 26
22 627
22 633
22 662
23 36
23 585
23 829
24 116
24 199
24 778
25 468
25 633
26 627
26 670
27 28
27 29
27 30
27 31
28 610
28 630
28 632
29 512
29 614
30 591
30 592
31 615
31 630
32 33
32 34
32 446
33 36
33 581
33 585
34 339
34 390
35 46
35 164
35 185
35 190
36 37
37 224
37 580
38 39
38 40
38 370
38 573
38 802
39 546
39 551
40 546
40 558
41 42
43 44
43 261
43 262
44 263
44 265
45 47
45 48
45 823
46 57
46 309
47 49
47 50
47 51
48 50
48 873
49 87
49 138
49 139
50 52
50 139
51 86
51 125
52 128
52 140
52 873
53 54
53 55
53 97
53 645
54 58
54 73
54 74
55 56
55 58
55 634
56 59
56 110
56 149
57 68
57 79
57 164
57 176
57 206
57 575
58 62
58 76
58 110
59 60
59 61
59 151
60 154
60 156
60 158
61 65
61 110
61 154
62 63
62 64
63 601
63 849
64 65
64 110
64 868
65 66
65 866
66 119
66 155
67 101
67 270
68 90
68 101
68 207
69 70
69 71
70 273
71 284
71 285
72 93
72 94
72 97
72 645
73 75
73 76
73 102
74 97
74 98
74 102
75 77
75 78
75 612
76 623
77 106
77 601
77 845
78 102
78 103
78 106
79 296
79 309
80 81
80 82
81 104
81 105
81 131
82 84
82 131
83 91
83 92
83 108
83 856
84 85
84 109
85 130
86 87
86 88
87 136
88 93
88 94
88 134
89 91
89 92
89 130
89 210
90 296
90 850
91 107
91 109
92 228
92 590
93 125
93 834
94 95
94 96
95 133
95 134
96 97
96 98
96 133
98 99
98 100
99 132
99 133
100 102
100 103
100 132
101 211
101 869
103 104
103 105
104 106
104 107
105 132
106 108
107 108
107 131
108 845
109 130
109 131
111 116
111 778
111 861
112 490
112 523
112 757
113 124
113 354
113 512
113 534
113 763
113 798
114 115
114 116
114 861
114 867
115 601
115 868
117 118
117 203
117 723
118 119
118 153
119 153
120 121
120 122
120 123
120 406
121 436
121 456
121 469
122 450
122 452
122 503
123 456
123 458
124 797
125 823
126 127
127 128
127 129
128 144
129 145
129 147
130 243
134 136
135 146
135 157
135 168
135 179
136 137
137 138
138 142
138 143
139 140
139 142
140 141
140 144
141 142
141 860
144 860
145 147
146 179
148 149
148 150
148 812
149 151
149 634
150 151
150 152
151 158
152 158
152 160
153 723
153 867
154 155
155 156
156 159
157 358
157 362
157 366
158 159
159 160
161 162
161 163
161 217
161 218
161 227
161 863
162 199
162 200
162 204
163 170
163 204
164 165
165 176
165 177
166 195
166 200
166 203
166 723
167 169
167 190
167 321
168 179
168 362
168 374
169 175
170 171
170 198
170 218
170 219
170 221
171 172
171 189
172 173
172 174
172 221
172 231
173 184
173 188
173 189
174 182
174 184
174 226
175 178
175 186
176 182
177 182
177 184
177 185
178 180
178 181
180 183
180 186
180 191
181 191
181 192
182 233
182 575
183 184
183 185
183 188
185 186
186 187
187 190
188 191
188 197
189 197
189 198
190 314
191 195
192 193
193 194
193 195
194 203
195 196
196 197
196 198
196 202
198 204
199 863
200 202
201 212
201 224
201 501
201 665
201 722
202 204
205 217
205 227
205 228
205 590
206 207
206 213
206 233
207 215
208 211
208 213
208 214
208 870
209 214
209 249
209 851
209 870
210 228
210 242
210 243
211 215
212 576
212 583
213 215
213 216
214 216
214 236
216 233
216 234
217 778
218 220
219 220
219 222
219 230
220 227
220 229
221 222
222 231
222 232
223 334
223 445
223 556
223 667
224 576
224 827
225 247
225 852
225 854
226 231
226 233
226 234
227 240
228 240
229 230
229 240
229 241
230 232
230 239
231 237
232 237
232 238
234 236
234 237
235 246
235 257
235 301
235 428
236 248
236 249
237 248
238 239
238 247
238 248
239 241
239 245
240 242
241 242
241 244
242 252
243 252
243 254
244 245
244 252
244 253
245 247
246 268
246 279
246 796
247 251
248 251
249 250
249 251
250 851
250 852
251 852
252 853
253 853
254 853
255 258
255 568
256 259
256 261
257 794
257 796
258 259
258 269
259 260
260 261
260 262
262 263
263 264
264 265
265 266
266 267
268 301
268 323
268 712
270 271
271 272
272 273
274 275
274 276
274 277
274 278
275 800
275 838
276 287
276 832
277 838
277 840
278 288
278 332
279 290
279 538
279 574
280 281
280 282
280 283
281 855
282 359
282 373
283 356
283 372
284 286
284 356
285 286
285 287
286 355
287 291
287 833
288 289
288 291
289 292
289 333
290 414
290 560
290 796
291 295
292 293
292 294
292 295
293 296
293 297
293 850
294 297
294 310
294 333
295 850
296 298
297 298
297 311
298 309
298 313
299 300
299 302
299 303
300 462
301 312
302 453
303 304
303 305
304 462
304 474
304 476
305 453
306 307
306 308
306 328
306 835
307 324
307 325
308 325
309 314
310 324
310 326
310 327
311 326
311 857
312 679
312 712
313 314
313 320
313 326
314 321
315 316
315 317
315 318
315 319
316 391
316 525
316 653
317 318
317 350
318 527
319 391
320 321
320 322
322 324
322 326
323 368
323 379
323 538
325 687
327 799
327 835
328 329
328 835
329 334
329 684
330 331
330 836
331 799
332 333
332 800
333 799
334 685
334 836
335 346
335 357
336 337
336 338
336 654
336 678
337 447
337 448
337 662
338 386
339 343
339 412
339 582
340 349
340 412
340 423
340 631
341 342
341 344
341 593
341 615
341 629
341 640
342 501
343 593
344 501
344 614
345 501
345 769
345 770
346 348
346 352
347 501
347 665
347 666
347 770
348 697
349 530
349 787
350 351
351 353
351 527
352 777
352 780
353 401
353 528
354 736
354 755
354 758
355 573
355 804
356 573
357 780
358 359
358 360
359 366
360 365
361 362
361 363
361 364
362 375
363 377
364 374
365 855
366 375
366 376
367 369
367 370
367 371
368 553
368 566
369 376
369 825
370 372
370 373
370 376
371 378
371 380
372 373
374 682
375 377
376 377
377 825
377 826
378 820
378 821
379 802
379 804
380 705
380 821
380 826
381 382
381 383
381 384
381 385
382 830
383 385
384 437
384 720
384 830
385 720
386 387
387 389
387 448
388 389
388 526
388 677
390 401
390 412
390 423
391 677
392 393
392 394
392 721
393 411
393 413
393 681
394 430
394 431
394 437
394 438
394 715
395 396
395 397
395 746
396 416
396 559
397 407
397 408
397 765
398 399
398 472
398 474
398 486
399 422
399 473
399 693
400 402
400 403
400 589
401 457
401 527
402 428
402 429
402 440
403 428
403 679
404 405
404 406
404 409
405 410
405 436
406 436
406 504
407 425
407 426
408 544
408 815
409 410
409 487
409 756
410 486
410 846
411 432
411 716
413 426
413 432
414 415
414 421
414 433
415 416
415 730
416 761
417 418
417 419
417 443
417 444
418 427
418 794
419 420
419 421
419 794
420 444
420 753
421 439
421 796
422 424
423 529
423 530
424 684
424 685
425 733
425 737
425 765
426 772
426 824
427 428
427 429
429 435
430 831
431 584
431 680
431 683
432 717
432 733
433 439
433 730
433 731
434 446
434 457
434 468
434 479
435 443
435 638
436 477
437 438
437 708
437 709
438 741
439 735
439 753
440 442
441 556
441 712
441 795
442 589
442 690
442 843
443 636
443 657
444 647
445 668
445 795
446 585
447 524
447 526
447 652
447 663
448 526
449 450
449 451
449 452
450 478
450 484
451 460
451 466
452 454
454 458
455 456
455 458
455 459
457 479
459 464
460 461
460 509
461 506
462 467
463 464
463 465
463 476
464 469
465 467
466 484
466 509
468 521
469 476
469 477
470 471
470 472
470 473
471 858
473 686
474 475
475 476
475 477
475 482
478 480
478 481
479 520
480 483
480 503
481 483
481 484
481 485
482 486
483 491
483 492
484 505
485 492
485 505
486 693
487 488
487 489
488 507
489 507
489 508
490 798
491 492
491 493
492 494
493 494
493 495
493 498
494 497
495 496
495 497
495 499
496 513
496 515
496 519
497 515
498 499
498 500
498 503
499 508
499 513
500 508
501 616
502 503
502 504
505 509
508 510
510 511
511 586
511 618
511 767
512 616
512 658
512 659
512 769
513 514
514 603
514 618
514 644
515 516
516 517
516 518
517 671
518 519
518 641
519 644
520 521
520 522
521 633
521 652
522 524
522 652
522 653
523 752
523 754
524 525
525 676
526 676
527 653
528 699
529 699
530 698
531 532
531 792
533 535
533 536
533 537
533 566
534 755
534 757
535 539
535 548
535 565
536 548
536 552
536 805
536 807
536 809
537 538
537 539
537 543
539 570
539 650
539 808
540 541
540 542
540 543
540 544
541 544
541 570
541 572
541 808
542 559
542 574
543 808
545 557
545 568
545 579
546 547
547 551
547 558
547 564
548 549
548 550
549 565
549 706
549 821
550 810
550 813
550 821
551 552
552 563
552 564
553 554
553 555
554 561
554 569
555 561
555 562
556 837
556 841
558 569
559 560
560 574
561 562
562 567
563 809
563 811
564 567
564 803
564 806
565 649
566 803
567 569
570 571
570 572
571 714
571 718
572 819
576 577
577 580
577 583
578 581
580 581
582 593
582 639
584 682
584 831
586 587
586 588
587 607
587 622
588 622
588 767
589 690
590 778
590 856
591 592
591 655
592 632
593 640
594 595
594 596
594 597
595 752
595 793
596 606
596 651
597 600
597 664
598 599
598 600
598 602
598 637
599 619
599 642
600 606
600 642
601 612
601 623
601 849
601 861
602 606
602 636
602 643
603 604
603 605
603 620
604 619
604 637
605 618
605 638
607 608
608 617
608 622
609 646
609 647
609 657
610 611
610 613
611 630
611 639
612 623
613 624
613 632
614 615
614 616
617 843
619 620
619 621
620 641
620 644
621 641
621 642
624 625
624 626
625 626
625 632
625 655
627 628
628 654
628 670
629 630
629 639
631 639
631 669
631 787
634 645
634 656
634 812
635 707
636 637
636 638
639 640
642 671
643 651
643 657
645 834
646 651
646 660
647 660
648 649
648 650
648 705
649 706
650 710
652 663
654 662
654 672
654 675
656 779
656 834
658 763
658 764
659 764
659 766
659 768
660 661
660 742
661 743
661 752
662 663
664 671
664 793
665 702
665 703
666 717
666 738
667 688
667 689
668 679
668 690
668 701
669 777
670 673
670 720
670 726
670 828
672 673
672 674
673 674
676 677
680 681
680 719
681 714
681 715
682 683
684 686
685 689
686 687
688 690
689 691
691 848
692 693
692 848
693 846
694 695
694 698
694 787
695 786
696 697
700 702
700 703
700 704
700 725
701 712
701 795
702 716
703 724
704 708
704 709
704 724
705 706
705 707
708 711
708 713
709 721
710 718
710 719
711 722
711 726
713 720
713 726
714 719
714 819
716 717
716 725
717 732
721 725
722 724
727 728
727 729
727 744
727 761
728 730
728 731
728 774
729 759
729 760
729 775
730 761
731 735
731 736
732 733
732 737
732 738
733 772
734 778
734 856
734 861
735 742
735 750
736 750
736 760
737 739
737 740
738 739
739 771
740 748
740 765
740 776
741 830
741 831
742 743
742 753
743 750
743 773
744 746
744 747
744 748
745 756
745 767
746 751
746 761
747 749
747 762
747 775
748 749
748 751
749 764
749 776
750 755
751 765
752 773
754 755
754 757
754 773
756 843
756 846
758 759
758 760
759 762
759 763
760 774
762 764
766 776
768 769
768 770
768 771
770 771
777 783
778 863
779 790
779 801
779 812
780 781
781 782
781 783
782 783
782 785
783 784
784 859
785 786
785 859
788 789
788 791
789 792
790 823
790 834
790 865
797 798
800 837
801 864
801 865
802 804
803 805
804 833
804 842
806 807
809 810
810 811
811 813
813 820
814 815
814 816
814 817
816 817
816 819
817 818
818 819
818 822
820 821
822 824
822 844
824 844
825 826
827 828
827 829
828 829
832 833
837 838
838 839
839 840
839 841
840 842
841 842
845 856
845 861
847 848
849 868
862 864
862 865
862 872
865 873
866 867
866 868
869 870
871 872
871 873
