# Nodes
0 1650.5 26.3
1 1582.2 44.4
2 1388.4 276.7
3 -556 94.9
4 -777.9 367.5
5 -764.5 422.9
6 -798.5 225.5
7 -830 -25.4
8 -893.5 -167.2
9 -903.3 -8
10 -1038.6 414.5
11 -1026 436.8
12 -967.9 407.7
13 659.9 443.2
14 -1057.9 475.6
15 -1061.7 367.9
16 -942.5 188
17 -975.5 202.7
18 -972.2 135.2
19 -74.7 375
20 -40.3 392
21 -36.7 501
22 -118.2 369.7
23 -276.4 376.2
24 277.9 980.5
25 -141.7 318.5
26 -731.2 391.4
27 -735.1 315.1
28 -417.6 637
29 -483.5 613.7
30 -361.9 655.6
31 -407 584.2
32 -432 745
33 -110.9 150.4
34 -224.5 48.9
35 318.7 670.3
36 -53 207.1
37 -118.8 169.7
38 -1154.6 232.9
39 -34 778.1
40 -90.1 779.3
41 -17.3 632.4
42 -189 1038.7
43 -99 229.8
44 -186.8 182.2
45 -1015.8 484.1
46 1428.5 282.1
47 -964.7 436
48 -385.8 969.1
49 -256.9 953.5
50 -378.8 997.9
51 -404.9 867.9
52 -647.4 614.5
53 -621.3 642.5
54 -756.7 203.8
55 -353 380.3
56 -385.6 491.2
57 758.2 399.7
58 -531.8 353.6
59 -304.3 227.8
60 -884.1 90.1
61 -1047.3 31.1
62 -609.9 365.3
63 -161.1 248.1
64 -259.1 266.9
65 -552.4 787.1
66 -568.1 878.5
67 -495.1 794.3
68 -521.6 1124
69 -580.4 791.2
70 -653.2 773.9
71 -564.4 666.4
72 -613.8 855.5
73 -1064.5 749.3
74 -1107.1 711
75 -1089.1 806
76 -927.2 409.3
77 -928.3 354.3
78 -926.3 437.4
79 -822.6 1110.2
80 -858.4 442.4
81 -674.1 821.1
82 -637.9 887.4
83 -853.5 585.1
84 -811.3 531.8
85 -790.2 550.3
86 -782.4 499.6
87 -878.4 468.2
88 -710.7 801.4
89 -697.1 760.4
90 -992.6 870
91 -829.6 601.6
92 -939.2 518.1
93 -774.7 647.1
94 -655.1 1021.8
95 -705.6 974.7
96 -571.1 910.7
97 -533.2 1078.5
98 -457.9 282.8
99 -552.3 453.4
100 -822 933.4
101 -1124.4 -22.9
102 -819.6 749.8
103 -989.9 545.7
104 -420.3 801
105 -268.3 786.7
106 -408.5 846.6
107 -91.1 647
108 -31.3 556.4
109 -332.2 328.6
110 -495 464.5
111 -560.8 537.5
112 1691.7 -241.4
113 -1094 -40.8
114 -361.3 595.8
115 -559.2 588.6
116 -296.9 509.8
117 -316 608.4
118 -225.9 647.6
119 -339.1 502.2
120 -435.8 479.3
121 -241.2 693.8
122 -911.2 106.1
123 291.5 591.4
124 -1149.9 453.6
125 -496.6 832.7
126 -508.9 886.8
127 -968.9 -120.6
128 -849.5 76.5
129 -82.6 703.6
130 -214.9 702.8
131 250.6 982.8
132 -364.5 -229.9
133 -375.3 -170.7
134 -412.7 -204.2
135 -1205.8 642.3
136 338.4 629.9
137 296.6 582
138 -501.7 681
139 347 679.2
140 -318.3 -316.3
141 -231.8 -311.2
142 124.5 461.6
143 75.7 451
144 -284.3 677.9
145 -291 732.6
146 -1110.2 463.5
147 -657.3 647.3
148 -368.4 742.1
149 -489 742.9
150 -590 186.7
151 -509.8 954.6
152 -203.6 785.5
153 -805 59
154 -687.4 49.4
155 -818.9 375.2
156 -971.2 355
157 190.5 -974.7
158 -1022.4 251.6
159 376.3 -364.3
160 363.5 -441.6
161 387.5 -273.8
162 249.2 -342.4
163 -259.6 26.2
164 -307.9 113
165 -351.3 -160.9
166 1102.8 -518.8
167 -942.7 274.7
168 -132.2 -756.2
169 -362.2 174.4
170 1237.7 -683
171 1228.7 -548.7
172 -1014.7 205.3
173 360.9 -272.7
174 341.6 -204.1
175 337.9 -272.6
176 86.3 -307.4
177 99.8 -251
178 -48.7 -283.1
179 -399.6 -529.1
180 669.4 -351.5
181 648.1 -436.2
182 679.3 -448
183 140 -323.1
184 -1079.4 281
185 741.1 -550.3
186 932.6 -593.4
187 766 -460.2
188 1502.6 -628.8
189 576.2 130.8
190 -988.2 -268.8
191 577.3 17.4
192 620.4 144.1
193 331.4 -169.7
194 345.6 -134.9
195 303.5 -172.3
196 128.8 256.1
197 125.6 165.8
198 219.8 233.8
199 9.3 151.8
200 -61.6 64.9
201 1564.5 -934.8
202 52.8 130.4
203 381.4 40.5
204 397.5 124
205 376.3 0.7
206 312.4 50.8
207 506.7 26.5
208 588.4 178.9
209 591.3 143.8
210 585.4 232.9
211 469.6 166
212 1533.2 -1062.8
213 71.5 -77.9
214 47 -71.2
215 94.5 -72.8
216 54.2 -163.4
217 704.3 -453.8
218 779.7 -338.2
219 -3.9 432.8
220 19.5 45.4
221 -54.7 3.1
222 -62 32.5
223 -1007.7 -293.5
224 935 -1176.2
225 51.4 64.6
226 151.7 -27.7
227 134.7 -99.4
228 548.5 -400.9
229 578 -322.4
230 458.2 -379.5
231 691.2 86.9
232 677.2 14.1
233 705.2 161.9
234 623.4 98.6
235 898.8 -1144.5
236 781 84.5
237 625.8 23.8
238 437 112.8
239 -184.2 13
240 -133.4 -40.6
241 730.8 170.5
242 155.2 5.1
243 163.6 -61.4
244 157.4 57.6
245 147 88.6
246 656.1 -898.6
247 59.7 41
248 994 98.7
249 849.6 85.4
250 1001.8 -46.3
251 473.6 -189.7
252 57.5 17.5
253 769.1 -9.9
254 761.2 -46.5
255 851.7 -26.9
256 1446.2 -274.6
257 612 -851.1
258 1552.7 -70.4
259 1353.9 -391.5
260 820.4 -376.7
261 1016.5 -332
262 1086.2 -364.9
263 1077.3 -160.4
264 962 -482.6
265 1299.4 -459
266 1379 -492.1
267 1158.4 -397.3
268 604.3 -904.4
269 826.5 -467.8
270 1554.3 -583.3
271 1459.4 -526.8
272 1629.5 -497.2
273 747.7 -312.6
274 666.1 -307.1
275 1121.6 -87.9
276 1333 5
277 1673 -359.2
278 1053 -1535.7
279 580.5 -938.6
280 824.8 -1370.8
281 566.2 -1237.3
282 95 845.2
283 -896 266.5
284 -844.6 249.4
285 249.5 -31.9
286 215.3 -49.1
287 304.8 -12.7
288 1193.1 -326.1
289 1214.6 -269.9
290 458.6 -707.4
291 -19.2 -180.3
292 257.6 -271.4
293 236.6 -158.8
294 244.9 -199.6
295 170.7 -270.8
296 171.4 -221.9
297 174.9 -156.7
298 39 -224.4
299 128.1 -157.1
300 -1100.5 57.2
301 391.3 -808.9
302 294 193.9
303 -610.7 -363.3
304 -550.7 -407.5
305 179.1 -109.5
306 -725 -50.6
307 -1158.3 -5.5
308 -1203.3 94.5
309 -763.8 -124.4
310 -358.1 1081.8
311 -458.7 1106
312 505.5 -636.7
313 -423.6 -340.7
314 -443.5 -213.9
315 474.5 -283
316 576.9 -185.3
317 481 -106.8
318 492.6 -30.2
319 433.7 -99.3
320 523.1 115.1
321 1284 -1292.1
322 -1161.3 452.5
323 591.2 -818
324 -1209.8 441.8
325 -1154.5 372.3
326 1047.4 -1568.4
327 1031.8 -1554.3
328 468.7 -1192.8
329 648.9 -1322.7
330 -1313.3 156.3
331 -1248.6 257
332 -1349.7 192.7
333 -1386 233.8
334 -868.7 -359.6
335 290.5 -759.2
336 -1356.1 298.4
337 -1447.7 287.6
338 -1337.9 335.1
339 -1379.4 426.6
340 -1294.4 340.6
341 -568.2 -129.2
342 -619 -205.7
343 -1236.2 274.9
344 -1308.8 274.8
345 -1205.7 243.4
346 652.9 -706.3
347 -1207 325.7
348 -1215.8 206.8
349 -1183.5 237.2
350 -1282.5 456.2
351 -1255 385.6
352 -1245.8 364.4
353 -1350.3 82.7
354 -732.1 624.3
355 -678.9 623.5
356 -1441.8 411.4
357 577.4 -502.1
358 -739.6 666.8
359 -702.8 -295.8
360 -783.2 776.5
361 -820.9 -211.6
362 -616.7 311
363 -685.2 313
364 -1165.2 304.7
365 -1182.8 369.2
366 -451.9 -353
367 -684.8 684.8
368 327.3 -537.8
369 -501.7 -248.4
370 -1277.5 124.9
371 -456.9 421.2
372 -468.2 470.6
373 -169.8 217.4
374 450 -20.1
375 143.4 -669.1
376 30.7 -522.9
377 359.2 -81.3
378 232.6 -723
379 643.8 -680.9
380 370.4 141.1
381 826.8 -171
382 -348.5 1122
383 -84.3 311.4
384 -12.7 308.4
385 -719.3 1010.9
386 672.4 -24.6
387 -0.1 -585.6
388 58.2 160.2
389 432 -460.8
390 222.3 -479.5
391 -268.5 -416.3
392 106.5 270
393 14.4 413
394 758 -143.4
395 236.3 -857.8
396 94.5 -765.6
397 717.9 -543.8
398 602.9 -420
399 683.6 245.8
400 1401.7 -584.7
401 202.5 -546.7
402 1385.9 -598.5
403 741.8 252.9
404 748.6 307.8
405 1177 -1039.6
406 1425.1 -422.2
407 1148.6 -1084.7
408 1329.7 -1153.1
409 1377.3 -727.5
410 1672 -300.8
411 1385.7 -1085.1
412 238 -410.6
413 1680 -196.2
414 1110.2 -847.3
415 1515.9 -978.2
416 1220.3 -1302.6
417 669.4 -1334.4
418 923.4 -1545.1
419 997.1 -1525.1
420 1034.2 -1504.6
421 805.4 -1351.5
422 1168.7 -1352
423 -378.5 -512.9
424 1194.7 -1324.1
425 -1185.9 -77.8
426 -1178.9 -56.3
427 -530.5 -541.8
428 -1197.8 -18.7
429 -1141.4 378.5
430 -1175.7 506.6
431 -1257.7 -32
432 -1196.6 199.3
433 -1194.2 765
434 -48.2 -683.3
435 -1244.8 8.7
436 -1449.7 332.9
437 -1229.5 104.4
438 -1253.7 27.9
439 -1293.2 720.9
440 -1376.4 50.4
441 -830.6 1078.6
442 -1410.5 605
443 -1352.3 553.3
444 -1373.3 618.1
445 -1340.3 -32
446 -25.8 -349.8
447 -1434.3 538.7
448 -1241.3 679.2
449 1579.8 -656.7
450 945.3 141.6
451 -220.2 -389.7
452 746.4 -1393.8
453 1227.7 -1486.9
454 -211.4 -212.8
455 1171 -1317.6
456 1139.3 -1302.7
457 87.9 -333.4
458 960.6 -1201.8
459 778.4 -1353.9
460 231.1 -107.7
461 -71 -276.7
462 -444 -185
463 707.3 -927.9
464 575 -50.8
465 394.6 134.5
466 1639.3 -197.5
467 699.2 968.4
468 -41.4 -306.1
469 742.8 917.4
470 538.1 811.8
471 271.7 1081.1
472 587 750.8
473 855 733.4
474 217.7 241.2
475 389.9 353.7
476 24.5 -440.3
477 61 -467.1
478 113.9 -368.7
479 -113 -520.7
480 173.3 -610
481 296 -598.4
482 498.1 -1058.1
483 -1237 -96.3
484 466.5 -1102.2
485 667.5 -684.6
486 1236.4 -1267.2
487 1304.9 -1180.5
488 1185.1 -1289.7
489 1201.5 -870.2
490 1156.3 -884
491 1314 -822.6
492 345.2 775.7
493 113.3 858.7
494 780.9 -1328
495 1348.2 -899.6
496 1503.7 -870.1
497 1284.5 -990.2
498 1387.9 -985.6
499 1043.7 -785.3
500 1090.3 -829
501 1149.1 -656.2
502 993.4 -752.6
503 1184.7 -983.6
504 1550 -699.2
505 903 -1207.4
506 1540.7 -660.9
507 1578.5 -681.6
508 1491 -756.3
509 1269.9 -692.8
510 1054.4 -630.1
511 1479.3 -639.1
512 1552.2 47.2
513 1309.9 11.7
514 1592.7 123.2
515 -1112.9 172.7
516 650.1 420.3
517 -1142.2 73.1
518 -1054.1 148.3
519 -1087.2 234.2
520 -1170.8 186.8
521 -898.3 669.8
522 -914.9 647.7
523 -878.8 692.9
524 -1018.9 719.9
525 -437.4 -144.4
526 -489.9 -154.7

# Edges
0 1
0 112
0 514
1 276
2 513
2 514
2 516
3 150
3 154
3 525
4 5
4 6
4 26
4 155
4 283
5 80
5 86
6 54
6 128
6 284
7 8
7 9
7 153
7 306
8 127
8 334
8 361
9 60
9 61
9 127
10 11
10 12
10 14
10 15
11 45
11 47
12 47
12 76
12 156
13 24
13 35
13 57
14 45
14 146
14 522
15 146
15 156
15 184
16 17
16 18
16 283
17 167
17 172
18 61
18 122
18 518
19 20
19 21
19 22
19 383
20 384
20 393
21 108
21 219
22 23
22 25
23 55
23 64
23 116
24 68
24 139
25 63
25 64
26 27
26 355
27 54
27 363
28 29
28 30
28 31
28 32
29 115
29 138
30 144
30 148
31 56
31 111
31 114
32 104
32 148
32 149
33 34
33 36
33 37
34 163
34 164
34 239
35 139
35 492
35 493
36 199
37 43
37 44
38 349
38 429
38 519
38 520
39 40
39 41
39 42
40 129
40 152
41 107
41 108
42 49
42 382
43 63
43 383
44 59
44 373
45 103
46 57
47 78
48 49
48 50
48 51
50 310
50 311
51 106
51 126
52 53
52 62
52 147
52 355
53 70
53 71
53 147
54 150
54 153
55 56
55 58
55 109
56 119
56 120
57 473
58 62
58 98
58 99
59 64
59 109
59 169
60 122
60 128
61 113
61 300
62 362
63 373
64 373
65 66
65 67
65 69
66 72
66 96
66 126
67 104
67 125
67 149
68 79
68 90
69 70
69 71
69 72
70 81
70 89
71 115
71 138
72 81
72 82
73 74
73 75
73 524
74 135
74 433
75 100
75 433
76 77
76 78
76 80
77 155
77 156
77 167
78 87
79 88
80 86
80 87
81 88
82 95
82 96
83 84
83 91
83 92
83 522
84 85
84 86
84 87
85 86
85 91
87 92
88 89
89 147
90 441
90 442
91 93
91 523
92 103
93 102
93 354
93 358
94 95
94 96
94 97
95 385
96 151
97 151
97 311
98 109
98 169
99 110
99 111
100 385
100 523
101 113
101 307
101 426
102 360
102 523
103 522
104 105
104 106
105 145
105 152
106 125
107 118
107 129
110 372
111 115
112 276
112 277
113 127
114 117
114 119
116 117
116 119
117 118
118 121
120 372
121 130
121 144
122 284
123 136
123 143
123 492
124 135
124 146
124 429
125 126
126 151
128 153
129 130
130 152
131 385
131 492
131 493
132 133
132 134
132 140
133 165
133 525
134 314
134 462
136 137
136 282
136 516
137 139
137 142
138 149
140 141
140 313
140 391
141 451
141 454
141 468
142 393
142 516
143 219
143 282
144 145
145 148
146 524
150 362
153 154
154 306
156 158
157 168
157 281
157 484
158 172
158 184
159 160
159 161
159 162
159 230
160 368
160 389
160 412
161 173
161 315
162 183
162 292
162 412
163 164
163 165
164 169
165 454
166 171
166 264
166 267
166 510
167 283
168 179
168 190
170 500
170 501
170 509
171 265
171 402
171 501
172 519
173 174
173 175
174 193
174 251
175 195
175 292
176 177
176 178
176 183
176 457
177 295
177 298
178 461
178 468
179 423
179 427
180 181
180 182
180 229
180 274
181 182
181 398
182 217
182 397
183 478
184 519
185 186
185 187
185 397
186 264
186 510
187 217
187 260
187 269
188 270
188 400
188 511
189 191
189 192
189 320
190 425
190 429
191 207
191 237
191 464
192 233
192 234
193 194
193 195
194 287
194 377
195 285
195 293
195 294
196 197
196 198
196 392
197 202
197 245
198 245
198 302
199 200
199 202
200 222
200 225
201 212
201 277
201 507
202 225
202 388
203 204
203 205
203 206
203 207
204 320
204 380
205 287
205 374
205 377
206 244
206 380
207 318
207 320
208 209
208 210
208 211
209 238
209 241
210 211
210 399
211 238
212 278
212 321
213 214
213 215
213 216
214 221
214 252
214 291
215 226
215 227
216 298
216 299
217 218
218 260
218 273
219 393
220 221
220 222
220 225
221 222
221 240
222 239
223 325
223 334
223 445
224 235
224 458
224 505
225 247
226 242
226 243
227 299
227 305
228 229
228 230
228 398
229 315
229 316
230 315
230 389
231 232
231 233
231 234
231 236
232 237
232 253
232 386
233 241
234 237
235 463
235 505
236 249
236 253
238 465
239 240
240 291
241 248
241 403
241 450
242 244
242 252
243 286
243 305
244 245
244 247
246 257
246 268
246 463
247 252
248 249
248 250
248 450
249 255
250 255
250 275
251 315
251 316
251 317
253 254
253 255
254 386
254 394
255 381
256 258
256 259
257 268
257 323
258 276
258 413
259 265
259 288
259 406
261 262
261 263
261 264
262 267
262 288
263 275
264 269
265 266
265 267
266 271
266 406
267 288
268 279
270 271
270 272
271 400
272 406
272 410
273 274
273 381
273 394
274 386
275 276
275 513
277 449
278 280
278 281
279 301
279 463
279 482
280 419
280 421
281 326
283 284
285 286
285 287
286 460
288 289
290 301
290 312
290 323
290 335
291 298
291 461
292 294
292 295
293 294
293 297
293 460
294 296
295 296
296 297
297 299
297 305
300 517
300 518
301 335
302 380
302 465
302 474
302 475
303 304
303 359
303 369
304 366
304 423
305 460
306 309
306 341
307 428
307 517
308 428
308 437
308 517
308 520
309 342
309 361
310 382
311 382
312 357
312 368
312 379
313 314
313 366
313 423
314 369
314 462
316 464
317 318
317 319
318 374
319 374
319 377
321 416
322 324
322 325
322 430
323 346
324 350
324 365
325 364
325 365
326 327
327 419
327 420
328 329
328 427
328 484
329 417
329 418
330 331
330 332
330 370
331 343
331 344
331 345
332 333
332 344
333 336
333 337
333 353
334 427
335 378
335 395
336 338
336 344
337 436
337 440
338 339
338 340
339 350
339 356
340 343
340 352
341 342
341 526
342 359
343 347
345 348
345 349
346 379
346 485
347 352
347 364
347 365
348 370
348 432
349 364
349 432
350 351
351 352
351 365
353 438
353 440
354 355
354 358
355 367
356 430
356 436
357 389
357 397
357 398
358 360
358 367
359 361
362 363
366 369
367 441
368 390
368 481
370 437
371 372
375 378
375 387
375 396
375 480
376 387
376 477
376 480
378 481
379 485
381 394
383 384
384 388
387 434
387 479
388 392
390 401
390 412
391 423
391 451
391 479
392 393
393 474
395 396
395 482
396 434
399 403
400 402
401 477
401 480
401 481
402 511
403 404
405 407
405 411
405 503
407 408
407 487
408 411
408 487
409 508
409 509
409 511
410 413
410 466
411 498
412 478
413 466
414 490
414 500
415 496
415 498
416 424
416 486
416 488
417 452
417 494
418 459
419 420
420 422
421 459
421 494
422 424
422 455
423 434
424 455
425 426
425 483
426 428
428 431
430 448
431 435
431 440
431 483
432 437
433 439
435 438
436 439
437 438
439 444
442 444
442 447
443 444
443 447
443 448
445 447
445 483
446 451
446 457
446 468
446 476
449 506
449 507
452 453
452 459
454 461
455 456
455 488
456 458
456 488
457 478
458 505
462 526
467 469
467 470
467 471
469 472
469 473
470 471
470 472
472 473
474 475
476 477
476 478
476 479
482 484
485 502
486 487
486 488
489 490
489 491
490 503
491 495
491 508
491 509
494 505
495 496
495 497
495 498
496 508
497 498
497 503
499 500
499 501
499 502
501 510
502 510
504 506
504 507
504 508
506 511
512 513
512 514
515 517
515 518
515 519
515 520
521 522
521 523
521 524
525 526
