# Nodes
0 -606.2 181.1
1 -504.3 140.8
2 987.1 -18.8
3 -537 -161.7
4 -495.7 -169.7
5 -647.4 -100.1
6 -1362.7 237.5
7 -1322.2 264.7
8 -1437.5 372.6
9 -1267.2 45.7
10 -255.8 290
11 -378.3 273.6
12 -260.5 203.4
13 1095 -78.7
14 -253.9 315.8
15 -289.1 356.7
16 -69.7 705.4
17 -96.9 784.4
18 -3.9 724.6
19 -692.8 514.5
20 -856.1 425.1
21 -652.8 434.3
22 250.1 54.5
23 293 47.3
24 904.7 -69.7
25 264.4 115.9
26 197.2 65.9
27 80.8 80.5
28 142.9 73.5
29 3 113.5
30 495 -12.8
31 545.5 72.7
32 337.2 43.8
33 -846.9 389.9
34 153.8 -76.9
35 910.3 -167.3
36 187.6 -85.2
37 167.3 -25.8
38 -72.2 -211.9
39 -19.7 -225.3
40 -156.2 -187.1
41 -213 -175.3
42 -160.9 -276
43 339.1 107
44 -37.5 343.3
45 207.3 362.3
46 819.6 -66
47 -24.9 377.4
48 -233 358.5
49 -233.5 331
50 -371.2 311.6
51 -275 374
52 -250.3 374.4
53 -304.8 619.4
54 1145.4 -350.2
55 1096 -359.7
56 875.3 -585.9
57 670.4 25.9
58 -274.4 89
59 -246.4 13.8
60 -309 69.7
61 -373.6 125.3
62 -367 173.8
63 -362.5 88.4
64 -444.8 117.8
65 -217.4 5.9
66 220.1 121.1
67 239.9 285.9
68 526.1 -5.6
69 -797.5 -239
70 -748.2 -173.6
71 -817.6 -122.4
72 -783.5 66.2
73 -800.5 144.7
74 856.2 37.1
75 -885.8 -58.5
76 -1106.1 223.1
77 -514.5 -37.7
78 -517.4 66.1
79 717.4 87.1
80 -514.2 21.6
81 -538.4 64.3
82 469.8 509.2
83 536 680.2
84 585.2 376.6
85 285.3 222.7
86 306.5 336.2
87 -515.8 438
88 234.6 -162.3
89 196.3 -135.4
90 641.5 -83.8
91 460.7 -193.7
92 698.6 -485.1
93 468 -286.1
94 443.6 -329.3
95 496.7 -217.9
96 426.6 -301
97 475.8 -370.5
98 -91 53.6
99 931.1 -503.6
100 875.5 -474.1
101 507.7 -94.6
102 252.6 -101
103 -24.4 -273.6
104 -82 -271.3
105 -31.6 -352.6
106 48.9 -285.7
107 186.7 -317.8
108 87.3 -370.7
109 170.4 -391.6
110 284.4 -422.8
111 297.7 -395.4
112 -610.1 155.8
113 579.9 -253.4
114 271.4 -374.7
115 324.6 -407.5
116 360.5 -418.3
117 393.9 -428
118 371 -493
119 427.8 -354.6
120 -895.7 403.6
121 -971.1 362
122 -904.7 311.7
123 65.3 -190.9
124 639.8 -386.5
125 139.5 -158.3
126 85.4 -182.5
127 -96.5 -253.4
128 -129.9 -265.1
129 -59.7 -240.3
130 38.1 -360.1
131 96.2 -28.5
132 37 -393.4
133 354.1 -565.9
134 315.1 -477.3
135 572.1 -386.5
136 413.7 -502.3
137 386.9 -103.5
138 863.4 -552.5
139 -301.7 965.3
140 -171.6 772
141 -180.4 729.8
142 -182.2 805.3
143 -687.8 -212.2
144 283.8 596.4
145 -928.5 -319.1
146 610.7 -498.2
147 -884.9 -317.2
148 -924.4 -401
149 -1006.3 -320.7
150 -932.5 -234.5
151 -979.4 -59.3
152 -862.7 -214.3
153 -150.8 110.5
154 -195.6 177.4
155 -172.7 255.5
156 -211.6 117.8
157 574.7 -430.4
158 -268.3 152.7
159 1288.3 -374.9
160 1277.2 -317.3
161 1249.6 -382.4
162 1224.3 -263.1
163 994.7 -373.5
164 981 -336.7
165 927.9 -345.6
166 1121.5 -266.7
167 1133 -240.2
168 513.6 -372.2
169 1262.7 -259.6
170 1239.5 -146.7
171 1268.8 -285.4
172 1215.8 -218.1
173 1203.1 -26.2
174 1203.2 -147.5
175 1151.4 -49.8
176 -428.6 558.1
177 -356.7 595.7
178 -465.7 634.5
179 470.6 -438
180 -396.9 666.9
181 -346.3 575.8
182 -335.6 556.7
183 -412.1 535.2
184 -354.5 473.9
185 1023.6 -151
186 986.6 -179.5
187 451.1 353.2
188 524.5 389.2
189 442 311.4
190 499.6 -517.9
191 923.7 465.6
192 930.5 485.6
193 883 385.4
194 422.5 531
195 -930.9 209
196 -902.6 101.1
197 -916.9 249.2
198 -981.4 291.5
199 -1092.6 125.1
200 -1039.5 193.5
201 357.4 -335.9
202 -1110 139.3
203 -1114.6 98.4
204 -978.4 104.3
205 -1030.3 234.6
206 -1246 182.4
207 -1197.9 189.7
208 -1198.3 220.5
209 -1205.1 355.1
210 -706 286
211 -575.5 291.5
212 394.6 -242.3
213 -677.2 216.4
214 -734.2 299.1
215 -803.9 341
216 -718.3 350.7
217 -581.6 344.4
218 -692.5 405.6
219 1168.5 -149
220 -734.2 386.3
221 -569.9 323.6
222 -326.7 351.8
223 -87.8 -26
224 385.7 -343.3
225 -381.7 418.9
226 -319.1 689.5
227 -459 -116.8
228 -670.4 -62.6
229 -472 -170.9
230 -394.9 -138.8
231 -395.6 -173.8
232 -348.3 -226
233 -391.6 -219.8
234 -556.3 -353.1
235 294.3 -320.6
236 -265.8 -352
237 -198.2 -352.4
238 -212 -335.2
239 -155.7 -363.5
240 -38.2 -384
241 -416.6 -353.1
242 -415.3 -327.3
243 -765.9 -239.6
244 -798.4 -293.8
245 669.2 -390.9
246 192.1 -292.8
247 718.3 -395.1
248 762.2 -413.1
249 819.8 -444.4
250 -146.4 58.3
251 -146.4 19.4
252 -1192.3 -417.6
253 -971.3 -412
254 1070.8 88.6
255 1118.6 146.4
256 1150 38.5
257 105.7 -265.7
258 874.5 211.1
259 899.9 237.7
260 877.5 188.7
261 801.1 225.2
262 986.3 96.8
263 967.1 113.5
264 923.8 151.2
265 1001.8 152.1
266 1025.8 220.2
267 1064.7 193.1
268 96.8 -294
269 957.6 262.8
270 986.3 166.3
271 1145 126.5
272 845.3 316.2
273 831.9 284.1
274 6.3 210.3
275 60.2 286.4
276 -42.7 24.9
277 120.8 277.4
278 44.5 2
279 15.9 -236.9
280 964.9 -196.3
281 -1224.1 -111.4
282 -1280.4 -127.3
283 13.1 302.7
284 639.8 187
285 553.8 216.7
286 319.2 218
287 211.2 387.4
288 745.4 135.5
289 784.2 198.4
290 -113.8 -195.9
291 -550 -392.6
292 -595.1 -404.4
293 -606.1 -395.1
294 -646.2 -403.6
295 -741.1 -358.3
296 -741.9 -693.3
297 -763.1 -378.5
298 -511.9 -14.7
299 -764.6 -356.9
300 -365.7 -285.6
301 -257.3 -294.4
302 803.6 -111.4
303 785 -157.2
304 -603.3 -302.5
305 -617.9 -279.7
306 1313.7 -437.5
307 -834.3 333.9
308 29 -431.5
309 -16.3 406.1
310 -53.3 418.1
311 -82.5 427.7
312 -302.8 -288.9
313 -1038 -246.1
314 749.2 71.4
315 1302 -305.4
316 1408.1 -298.9
317 -400.1 -287.2
318 -434.2 -282.6
319 492.5 295.9
320 364.6 -101.1
321 385.6 318.3
322 339.4 451.3
323 -586.6 -273.4
324 728.7 -285.2
325 681.4 -250.8
326 -1005.2 332.9
327 -1020.1 299
328 93.1 -408
329 933.6 -285.1
330 972.2 -284.8
331 908 -225.1
332 786.4 -239.2
333 790.3 -278.8
334 -90.9 29.5
335 -539.6 -276.8
336 826.9 -265.2
337 787.8 -511.9
338 803.9 -567.3
339 912.4 -599.5
340 705.1 -553.4
341 -886.7 -241.5
342 -859.7 -241
343 -1009.2 -246.8
344 -886.5 -127.1
345 -1034.7 -165.3
346 -680.6 -286.7
347 -1011.2 -88
348 -1010.5 -161.6
349 -493.4 -237
350 -832.2 284
351 -745.4 -238.5
352 306.6 462
353 -58.8 260.4
354 -963.7 329.1
355 -762.4 259.6
356 -604.2 -373.3
357 -741.3 -302.3
358 824 265.7
359 546.9 -379
360 -706.6 -394.4
361 -57 284.1
362 900.9 -484.4
363 1275.9 111.7
364 1310.8 45
365 -840.6 361.1
366 1332.3 63.6
367 346.9 474.4
368 -530.5 -88.4
369 365.9 538.3
370 -470.2 494.3
371 -509.7 -88.4
372 -596 -78.9
373 -642.3 -69.2
374 -620.8 76.3
375 -700.7 -56.6
376 -766.5 -55.9
377 -152.6 -11.5
378 -1116.5 -74.6
379 -1124.5 60.6
380 -1109 -100.7
381 -1014.2 -60.5
382 -1153.4 -88.4
383 -556.6 476.8
384 -599.6 460
385 -462.4 539.6
386 -313.1 781.2
387 -316.6 830.5
388 79.9 -62.6
389 -225.9 -381.2
390 -231.8 -407.4
391 -188.9 -381.3
392 -290.8 -381.7
393 -103 -397.3
394 -104.3 -374.1
395 671.7 -276.2
396 549.1 -340.1
397 -141 -383.6
398 232 -442.9
399 74.6 -0.8
400 265.8 -452.9
401 188.1 -433.3
402 989.5 450
403 1062.8 404.3
404 -88.9 142.5
405 -153.9 164.7
406 -68.1 228.6
407 -101.9 -135.9
408 570 -473.8
409 125.9 729.2
410 68.8 -131.5
411 163.5 723.9
412 35.5 738.4
413 194.5 576.8
414 131.1 601.3
415 130.7 419.3
416 210.4 622.3
417 666.2 248.7
418 532.1 290.1
419 -756.8 -114.9
420 -809.2 -56.5
421 977.2 -81.5
422 -771.2 -2.6
423 -357.5 929.4
424 -323.5 951.2
425 -322.6 854.8
426 371.7 -200.8
427 416.8 -281.6
428 440.9 -239.8
429 348.2 -156.6
430 308.1 -98.2
431 428.5 -173.9

# Edges
0 1
0 112
0 211
0 213
1 64
1 78
2 13
2 262
2 421
3 4
3 368
4 229
4 349
5 372
5 373
6 7
6 8
6 9
9 281
10 11
10 12
10 14
11 50
11 62
12 154
12 158
13 175
13 185
13 421
14 15
14 49
15 51
15 222
16 17
16 18
16 53
17 140
18 53
18 412
19 20
19 21
20 33
20 120
21 218
21 384
22 23
22 25
22 26
22 430
23 32
24 35
24 46
24 421
25 43
25 66
25 85
26 28
26 37
26 66
27 28
27 29
27 399
28 131
28 277
29 274
29 276
29 404
30 31
30 32
30 68
31 284
32 43
33 365
34 36
34 37
34 388
35 303
36 102
38 39
38 290
39 103
39 123
39 129
39 279
40 41
40 42
40 290
41 59
41 230
42 128
42 301
42 312
44 45
44 47
44 48
44 49
44 86
44 361
45 86
45 287
46 74
46 90
46 302
47 309
48 49
48 52
50 222
50 225
51 52
51 53
52 53
53 177
53 226
53 386
54 55
54 166
55 163
56 338
56 339
57 68
57 79
57 90
58 59
58 60
58 158
59 60
59 65
60 63
61 62
61 63
61 64
62 158
63 64
65 156
65 377
66 67
67 277
68 101
69 70
69 243
69 244
69 342
70 351
70 419
71 419
71 420
72 73
72 422
73 307
74 264
75 151
75 344
75 420
76 202
76 208
77 298
77 371
78 80
78 81
79 288
79 314
80 298
82 83
82 84
82 194
84 188
84 418
85 86
85 286
86 321
86 322
87 370
87 383
87 384
88 89
89 125
90 101
90 113
91 95
91 428
91 431
92 247
92 248
93 94
93 95
94 96
94 97
95 113
96 427
97 119
97 168
97 179
98 250
98 334
98 404
99 100
99 138
99 362
100 249
100 362
101 137
102 430
103 104
103 105
103 106
104 105
104 127
105 130
106 130
106 268
107 109
107 246
107 268
108 109
108 130
108 268
110 111
110 114
111 114
111 115
112 374
113 395
113 396
114 235
116 224
117 118
118 133
118 134
118 136
118 400
119 224
120 121
120 122
121 326
122 197
123 126
123 410
124 135
124 146
124 245
124 395
125 126
125 410
127 128
127 129
131 388
132 239
132 240
132 308
132 328
134 400
135 157
135 168
135 359
136 190
137 320
138 190
138 338
138 339
139 424
140 141
140 142
143 346
144 416
145 147
145 148
145 149
145 150
146 408
147 341
148 253
148 299
149 343
150 151
150 152
150 341
150 343
151 381
152 342
152 344
153 156
153 250
153 405
154 155
154 156
154 405
155 405
157 408
159 160
159 161
159 306
160 171
160 315
161 162
162 166
162 169
162 172
163 164
164 165
164 166
165 362
166 167
166 185
167 219
168 359
168 396
169 170
169 171
170 173
170 174
171 315
173 175
173 364
174 219
175 219
176 177
176 178
176 385
177 181
178 180
179 190
180 226
181 182
181 183
182 183
183 370
184 225
185 186
186 280
187 188
187 189
189 319
189 321
190 340
191 192
191 193
191 402
193 272
195 196
195 197
195 198
196 204
198 327
199 200
199 202
199 203
200 204
200 205
201 212
201 224
201 235
203 379
204 379
205 327
206 207
207 208
208 209
209 326
210 211
210 213
210 214
211 221
212 426
212 427
212 431
213 350
213 355
214 215
214 216
215 220
215 307
216 217
216 218
217 221
218 220
222 225
223 334
223 377
223 388
223 407
226 386
227 229
227 230
227 371
228 373
228 375
229 231
230 231
231 233
232 233
233 349
234 241
234 356
235 246
236 237
236 241
237 238
237 239
238 301
239 293
240 394
241 242
244 357
245 247
246 257
247 248
247 324
248 249
249 336
249 337
250 251
251 377
252 253
253 294
254 255
254 256
254 265
255 267
255 271
256 262
256 363
257 268
257 279
258 259
258 260
258 261
259 270
259 273
260 261
260 264
261 289
261 358
261 417
262 263
263 264
263 265
265 270
266 267
266 269
266 270
272 273
273 358
274 275
274 406
275 277
275 283
276 278
278 399
280 330
280 331
281 282
281 382
284 285
284 417
285 418
286 321
287 415
288 289
290 407
291 292
291 293
291 397
292 294
292 317
293 294
293 304
293 356
295 296
295 297
295 299
295 357
295 360
296 297
297 299
299 357
300 312
300 317
300 318
301 312
302 303
303 325
304 305
304 323
305 323
305 346
307 365
309 310
309 415
310 311
313 343
313 345
315 316
317 318
318 335
319 418
320 430
322 352
322 367
323 335
323 346
323 356
324 333
324 395
325 395
326 327
326 354
328 401
329 330
329 331
331 336
332 333
333 336
338 340
341 342
343 348
345 347
345 348
346 357
347 348
347 381
350 354
350 355
351 357
353 361
353 406
359 396
363 366
364 366
367 369
368 371
368 372
372 373
373 374
374 375
375 376
376 419
376 420
376 422
378 379
378 380
378 381
378 382
383 384
383 385
386 387
387 425
388 399
388 410
389 390
389 391
389 392
391 397
393 394
393 397
394 397
398 400
398 401
402 403
404 405
404 406
409 411
409 412
411 414
412 414
413 414
413 415
413 416
417 418
423 424
423 425
426 429
427 428
429 430
429 431
