# Nodes
0 -153.7 314.2
1 -337 315
2 -127.5 -124.8
3 71.3 -696.3
4 95.4 -632.6
5 90.2 -565.2
6 216 -671.8
7 331.6 -668.9
8 158.2 -674.2
9 216.7 -625.5
10 -269.7 -803.2
11 -352.3 -694.3
12 -282 -534.8
13 -129.6 -301.3
14 -270.9 -464.6
15 -310.7 -601.8
16 -271.5 -435.2
17 -189.2 -502
18 22.3 -562.7
19 64.4 -562.9
20 216.9 -580.2
21 335.2 -578
22 -320.2 -432.2
23 -295.5 -254.1
24 -231.7 -141.2
25 -376.8 -416.7
26 -396.7 -413
27 103.6 94.5
28 44.4 136.9
29 -9.3 207.1
30 31.6 291.3
31 14 179.3
32 72.6 172.8
33 -138.9 -14.4
34 -123.8 21.1
35 -313.3 -154.5
36 623.2 151.1
37 707.4 148
38 660.5 126
39 477.1 56.9
40 439.9 46.7
41 398.4 105
42 355.6 -50
43 326.9 -106.3
44 496.1 -52.8
45 343.6 -337
46 -205.1 70.6
47 392.6 -109.7
48 492.5 -12.3
49 641.9 3
50 634.2 -90.5
51 500.5 -99.9
52 699.1 4.5
53 742.6 -81.9
54 461.5 -114.1
55 495.1 -125.2
56 469.6 -360.3
57 -364.8 -84.7
58 556.2 -361.6
59 480.8 -297.5
60 460.5 -306.4
61 541.2 -273.3
62 558.1 -148.9
63 623 -172.4
64 702 -207.7
65 623.4 -238.9
66 620.3 -363
67 619.2 -432.8
68 -259.9 79.7
69 723.9 -361
70 392.4 240.7
71 407 284.7
72 268.4 269.8
73 519 191.9
74 385.2 190.1
75 580.8 168.3
76 391.3 147.8
77 -265.3 -937.2
78 -269.4 -1062.1
79 -375.5 -130.8
80 -319.5 -883.1
81 -375.7 -902.3
82 -383.2 -883.5
83 -361.5 -941.9
84 -390.2 -957
85 -403.8 -891.3
86 -417.5 -788.9
87 -306.7 -789.5
88 -392.9 -750.2
89 -269.7 -846.4
90 -182.4 -351.1
91 -363.7 -1025.6
92 -457.1 -974.4
93 -400.6 -1032.2
94 -393.8 -1078.2
95 -461.4 -1101.2
96 -371.3 -1195.4
97 -337.7 -1187.9
98 -423 -1204.4
99 -262.9 -1167.5
100 -252.1 -1269.5
101 -186 -309.6
102 -159.6 -1139.9
103 -161.4 -1103
104 -111.7 -1121.9
105 -165.1 -1038.7
106 -109.3 -1208.1
107 -159.4 -1228.4
108 -454.9 -1244
109 -602.8 -1112.7
110 -482.9 -1039.1
111 -443.4 -1036.1
112 -106.7 306.3
113 63.1 -377.5
114 -500.1 -986.1
115 305 818.8
116 200 751.7
117 311.6 747.4
118 364.5 849.3
119 379.9 771.4
120 392.4 865.2
121 535.6 784.3
122 480.1 916.2
123 568.5 968.1
124 -26.1 -392.6
125 525.1 1012.5
126 604.2 932
127 290.4 874.5
128 210.5 887.3
129 269.3 941.4
130 262.6 962.9
131 238.1 1014
132 325.9 992.1
133 228.9 1074.5
134 69.6 1110.7
135 -181.1 -398.3
136 184 1227.2
137 299.8 1080
138 258.4 1243.9
139 385.5 1018.9
140 459.8 1052
141 365.7 1085
142 433.9 1138.8
143 432.2 1091.1
144 429.6 1165.8
145 499.1 1036.6
146 -74.4 -549.4
147 572.7 1055.7
148 37.4 1119
149 87.2 1228
150 -55.9 1142.6
151 60.5 1035.2
152 15.7 975.9
153 6.7 915.8
154 51.1 970.6
155 219.6 947.6
156 42.8 911
157 25.9 -359.8
158 -53.5 924.6
159 -120.6 933.2
160 -57.9 890
161 -46.5 984.6
162 -157.6 1166.6
163 -49 1185
164 203.6 1258.8
165 -73.4 1055.9
166 -175.3 1071
167 96.2 1285.2
168 117.7 -403.2
169 54 1233.5
170 44.8 1168.3
171 -38.3 1247.6
172 62.3 1291.6
173 168.9 1267.6
174 -27.8 1313.2
175 330 1225.8
176 422.4 1199.6
177 539.8 1165.9
178 -200.5 1006.8
179 247.9 -347.6
180 -167.2 1103.6
181 -112 993.7
182 -226.6 948.8
183 934.5 209.5
184 900.1 196.5
185 896.4 162.5
186 -1419 -385.3
187 -1404.6 -279.3
188 -1376.6 -387.3
189 -1072.6 -396
190 221.9 -452.1
191 -816.1 -398.5
192 -1083.4 -427.4
193 -1232.5 -391.1
194 -1061 -289.2
195 1033.6 535.4
196 1011.8 473.7
197 1078.1 532.5
198 860.8 477
199 863.3 543.1
200 735.6 480.4
201 258.2 -180.3
202 865.5 602.7
203 845.5 694.9
204 971.9 655.1
205 772.6 609.2
206 1066.6 625.6
207 1108.1 613.2
208 1136.8 832.5
209 1163.5 803.5
210 1057.2 472.6
211 518.9 1100
212 170.6 -427.8
213 545 1078.3
214 614.7 1145.5
215 700.7 1122.3
216 642.7 994.5
217 481.4 1052.9
218 618.4 945.7
219 770.1 997.3
220 813.3 1058.7
221 715.5 920.3
222 753.8 881.4
223 717.1 138.1
224 140.4 -571.1
225 794.2 839.9
226 811.9 970.5
227 854.5 943.2
228 753.5 773
229 902.5 912.8
230 922.2 985.5
231 891.2 1006.4
232 1044.9 904
233 1035.6 873.3
234 746.3 674
235 312.1 -1088.6
236 713.1 820.8
237 797.8 717.4
238 676.1 865.5
239 627.5 746.3
240 670.5 727.4
241 599.9 758.9
242 521.9 624.5
243 620 787.8
244 557.1 828.4
245 743.2 610.3
246 274.4 -1153.1
247 739.1 547.5
248 651.5 616.9
249 789.1 670.1
250 734.3 390.7
251 593.9 496.5
252 664.9 682.1
253 603.8 688.1
254 573 600.4
255 641.2 569.5
256 478.3 544.9
257 286.6 -1031.4
258 469.9 650.5
259 484.5 679.1
260 312.4 699.1
261 558.9 508.2
262 529.3 410.9
263 516 528.5
264 421.7 457.5
265 425.3 570.2
266 457.4 626.8
267 242.3 694.2
268 346.5 -1311.2
269 734.9 272.2
270 644 395
271 524.2 241.1
272 608.7 216.3
273 526.4 296.2
274 501 305.5
275 592.2 272.4
276 589.1 402.4
277 428.9 334.3
278 374 355.8
279 239.8 -1100.8
280 290.6 329.9
281 314.7 379.3
282 372.7 479
283 213.5 484.8
284 145.1 502
285 478.2 432.6
286 164.6 278.2
287 109.3 283.6
288 -35 371.2
289 -44.9 298.8
290 247.3 -1193.8
291 69.6 287.5
292 -149 1337.2
293 -126.2 1308.9
294 -88.2 1327.2
295 -135.5 1270.5
296 -151.7 1200.6
297 -253 1200.3
298 -281.5 1353.9
299 -297 1240.6
300 -382.1 1367.4
301 -603 -1201.4
302 -528.9 1279.5
303 -435.9 1253
304 -517.7 1387.1
305 -637.2 1405.1
306 -808.1 1426.4
307 -765.9 1420.7
308 -828 1383
309 -681.1 1330.2
310 -751.3 1354.7
311 -859.5 1333.9
312 -608 -1178.3
313 200 820.2
314 93.5 789.6
315 156.1 767.5
316 47 728.7
317 109.8 697
318 157.2 672.3
319 99.1 598.8
320 -4.3 755.1
321 -27.6 628.5
322 105.1 851.5
323 -616.3 -1144.2
324 131.8 842.7
325 34.4 874.6
326 63.2 865.5
327 11.8 878.8
328 -87 832.2
329 -243.7 910.4
330 -251.5 891
331 -195.6 903.9
332 -193.9 842.8
333 -139 898.1
334 742.7 150.6
335 -637.3 -1167.4
336 -264.7 954.9
337 -260.7 838.4
338 -259 755.6
339 -193.6 822.1
340 -197.1 746.3
341 -131.4 822.8
342 -70.1 742.9
343 -109.2 701.2
344 -164.9 727
345 -219.3 589.9
346 -657.8 -1185.7
347 -172.7 553.2
348 -86.2 688.6
349 -123.9 511.1
350 -268.9 627.3
351 -243.5 609.3
352 -281.1 564.5
353 -227.8 750.8
354 4.5 599
355 50.8 556.4
356 24.4 531.7
357 -652 -1150.5
358 -101.3 484.9
359 -58.9 431.7
360 -118.7 469.7
361 -173.4 505.4
362 -31 396.4
363 54 381.5
364 114.8 359.8
365 82.5 517.6
366 121.4 393
367 184.9 374.2
368 212.1 -1117.7
369 174 334.3
370 186.1 697.4
371 -219.2 371.9
372 -243 391.9
373 -306.7 446
374 -548.5 646.5
375 -493.2 603.3
376 -532 555.6
377 -462 641.5
378 -414.8 537
379 205.6 -1048.5
380 -291.3 518
381 -498.8 698.5
382 -540 759.4
383 -571.9 798.6
384 -624.6 765.3
385 -742.5 980.8
386 -505.2 847.1
387 -574.4 884.8
388 -471.3 926.9
389 -470.8 823.7
390 169.3 -994.5
391 -419.4 911.4
392 -351.3 903.1
393 -422.5 974.9
394 -290.3 896.7
395 -339.1 964.6
396 -328.7 1025.2
397 -285.5 1019.3
398 -317.4 1095.5
399 -308.6 1158
400 -257.6 1161
401 275.4 -1009.5
402 -302.9 1199.3
403 -440.5 1197.9
404 -204.7 1101.2
405 -239.2 1012.7
406 -266.5 1098.1
407 -618.9 908.1
408 -533.7 959.9
409 -650.9 928.1
410 -577 983.8
411 -431.7 1088.5
412 317.7 -1020.9
413 -487.3 1158.9
414 -468.7 1149.4
415 -427.8 1039.6
416 -436.9 1150.7
417 -448.2 1225.4
418 -308 258.5
419 -420.8 241.6
420 -385 334.1
421 -427.2 512.5
422 -428.2 355.3
423 382.3 -1034.8
424 -506.1 365.3
425 -577.3 358.8
426 -579.3 532.5
427 -633.7 501.1
428 -645.9 348.9
429 -559.4 240.5
430 -588.1 218
431 -515.9 276
432 -467.4 317.3
433 -588.6 552.3
434 367.4 -957.3
435 -549.7 575.6
436 -743.6 1217.3
437 -946.4 316.6
438 -753.5 477.9
439 -1344.1 230.3
440 -515.6 139
441 -613.4 220.4
442 -464.1 101.6
443 -414.5 104.5
444 -483.8 43.2
445 737.1 5.4
446 451.2 -862.2
447 -413.1 -141
448 -535.1 27.7
449 -561.3 8
450 -522.5 -27.3
451 -557.6 -35.7
452 -643.2 -45.8
453 -768.5 -107.2
454 -554.5 -97.2
455 -510.2 -72.4
456 -487.5 -13.8
457 419.6 -963
458 -505.2 -92.3
459 -469.5 -98
460 -466.3 -39.3
461 -462.3 -151.9
462 -437.8 -190.6
463 -369.5 -504.5
464 -539.6 -659.9
465 -488.9 -541.5
466 -552.6 -608.5
467 -527.3 -443.5
468 270.1 -934.5
469 -496.5 -440.8
470 -631.6 -415.5
471 -534.6 -473.7
472 -653.8 -400
473 -676.2 -278.5
474 -485 -370.4
475 -677.1 -251.2
476 -699.3 -258
477 -662.2 -195.4
478 -574.7 -229.9
479 236.4 -953.8
480 -528.7 -219.2
481 -354.7 92.1
482 -324.9 185.5
483 -330.6 87.1
484 -424.2 261.5
485 -267 126.3
486 -785.1 -262.2
487 -927.6 -294.1
488 -810.2 -496.2
489 -757.9 -489.2
490 314.7 -949.3
491 -734 -563.7
492 -804.2 -499.6
493 -726.3 -471
494 -553.2 -149.2
495 -582.8 -190.8
496 -650.7 -106.1
497 434.5 -469.5
498 455.1 -405
499 339 -632
500 401.1 -668.7
501 136.9 -946.2
502 326.1 -705.9
503 403 -760
504 402.1 -717.4
505 486.5 -726.3
506 398.2 -816.4
507 441.5 -669.9
508 401 -642.2
509 402.1 -621.9
510 468.4 -702.6
511 505.6 -491.8
512 98 -1040.4
513 562.8 -587.1
514 513.2 -634.6
515 405.5 -559.3
516 590.3 -687.3
517 522.7 -772
518 432.8 -843.4
519 564.3 -813
520 565.3 -722.3
521 626.1 -711.2
522 344.7 -953.6
523 275 -815.9
524 324.9 -818.6
525 322.3 -853.6
526 316.6 -926.9
527 552.9 -428.5
528 607.6 -523.1
529 577.5 -514.1
530 602.4 -580.9
531 646.6 -573.8
532 729 -561.6
533 636.2 -659.7
534 279.9 -788
535 652 -536.7
536 395.6 -580.4
537 626 119.2
538 -367.3 -1269.3
539 -505 -1237.8
540 -525.7 -966.8
541 -511.3 -934.1
542 -490.2 -907.8
543 -450 -842.4
544 -468.1 -912.7
545 297.7 -757.2
546 -525.2 -759.4
547 -320.4 -1281.4
548 -250.9 -1298.4
549 -622.7 -914.4
550 -523 -839.7
551 -519.6 -802.4
552 -529.2 -736.4
553 -624.4 -775.6
554 -642.6 -797.5
555 -701 -718.1
556 -1346.5 277.8
557 218.8 -795.7
558 -757.6 -740
559 -716.4 -835
560 -764.9 -862.6
561 -707.4 -895.4
562 -656.6 -817.3
563 -614.2 -827.4
564 -660.1 -1008
565 -749.4 -984.1
566 -786.8 -906.8
567 -816.2 -763.1
568 176.9 -803.3
569 -1287 -389.7
570 -1107.2 -492.5
571 -1182.2 -684.1
572 -892.4 -616.8
573 -830.9 -736.3
574 -811.7 -632.2
575 -934 -607.9
576 -989.5 -563.6
577 -890.4 -697.2
578 -360.6 -553.9
579 190.1 -914.5
580 -995 -294.7
581 -1372.4 -3
582 -809.9 -855.7
583 -808.9 -794
584 -959.7 -935.1
585 -764.1 -976.1
586 -910.4 -974.1
587 -941.9 -990.7
588 -878.7 -1072.2
589 -1177 -727.7
590 22.1 -748.9
591 853.9 -18.3
592 834.9 -101.8
593 816.5 -236.3
594 834.9 -273.3
595 874.5 -409.8
596 727.3 -438.5
597 910.8 -534
598 916.9 -556.5
599 729.8 -503.1
600 870.1 -557.3
601 67.2 -982
602 949.8 -688.5
603 998 -882.7
604 843.7 -314.1
605 792.4 -552.8
606 802.2 -644.1
607 883.4 -647.6
608 882.7 -681.6
609 798 -673.1
610 729.7 -640.2
611 728.9 -665
612 154.3 -1152.4
613 793 -718
614 881.2 -739.1
615 728.6 -704.3
616 785.7 -755.5
617 879.8 -803.6
618 865.9 -855.2
619 764.9 -797.1
620 722.5 -772.6
621 739.5 -842.1
622 692 -809.5
623 214.3 -1250.6
624 701.6 -909.2
625 750.3 -940.8
626 663.2 -884
627 1007.7 -931.9
628 975 -911.5
629 522 -1064.8
630 453.1 -982.9
631 546.6 -1070.4
632 646.1 -1100.6
633 335.8 -1129.7
634 142.9 -809.8
635 535.5 -1131.4
636 588.2 -834.4
637 680.3 -1125
638 357.5 -1189.4
639 530.5 -1246.8
640 151.1 -1378.7
641 89.1 -1379.7
642 127.4 -1353.2
643 268 -1338.6
644 55.4 -1207.6
645 110 -683.2
646 -697.7 977.7
647 -609.1 1001.5
648 -1391.7 111.2
649 -1416.4 67.5
650 -1344 293.3
651 -247.5 -346.2
652 -92.3 -21.7
653 -157.9 68.7
654 740.1 -1167.4
655 -727.5 507.2
656 30.7 -1148.5
657 -720.1 324.7
658 -838.7 1164.2
659 -1376.2 229.3
660 -1317.5 299.3
661 -1011.8 311.4
662 -1181.8 -705
663 -834.9 -1027.7
664 -382.6 -175.7
665 95.8 -337
666 701.1 1098.5
667 -1320.6 289.9
668 -48.9 -1182.8
669 -876.3 1303.4
670 631.3 271.7
671 -33.5 -336.1
672 -752.5 -1146.6
673 -766.8 1027.7
674 -730.5 1008.5
675 -828 1143.9
676 851.5 -234.1
677 -566 669.1
678 465 1071.6
679 124.9 -1093.8
680 -402.8 757.5
681 -351.2 -122.2
682 -807.8 1102.9
683 735.7 1109
684 404.1 -1291.3
685 676.4 -1194.5
686 713.4 -1181
687 945.3 -1069.5
688 997.7 -986.4
689 1006.7 -965.3
690 -50.4 -1014.7
691 20.3 -887.5
692 -64.3 -935.4
693 -93.2 -961.9
694 -92.4 -1054.6
695 -75.6 -1102.4
696 -113.7 -1069.7
697 -123.7 -921.1
698 -1543.6 -255.3
699 -265.8 -1000.6
700 0.2 -842.9
701 -159.3 -871.7
702 -19.1 -799.9
703 -189.2 -820.6
704 -207.2 -793.7
705 -35.5 -764.6
706 -50.1 -731.8
707 -256.3 -719.6
708 -257.3 -667.9
709 -1501.4 -92.3
710 -270.7 -750.3
711 -70.9 -685.2
712 -99.3 -612.1
713 -4.9 -706.1
714 83.9 -736.1
715 24 -680.9
716 48.1 -704.1
717 5.3 -653.2
718 -23.5 -665.5
719 47.2 -643.1

# Edges
0 1
0 112
0 371
1 371
1 373
1 418
1 420
1 484
2 13
2 24
3 645
3 716
3 719
4 5
4 9
4 645
4 719
5 19
5 224
6 7
6 8
6 9
6 557
7 499
7 500
7 502
8 568
8 645
9 20
9 499
10 87
10 89
10 710
11 15
11 88
11 464
11 708
11 710
12 14
12 15
12 708
13 101
13 671
14 16
14 17
14 22
15 578
16 22
16 23
16 135
16 651
17 135
17 146
18 19
18 113
18 146
19 168
20 21
20 190
20 224
21 499
21 536
22 25
22 463
22 578
22 664
23 671
23 681
24 35
25 26
26 469
26 474
27 28
27 41
28 31
28 32
29 30
29 31
29 289
30 288
30 289
30 291
31 291
32 286
32 287
33 34
33 652
34 652
34 653
35 46
35 664
36 37
36 38
36 75
36 272
36 537
37 38
37 334
38 39
38 52
38 223
38 537
39 40
39 48
39 537
40 41
40 42
41 76
42 43
42 44
43 45
43 47
43 201
44 48
44 51
45 60
45 179
46 68
46 653
47 54
48 49
49 50
49 52
50 51
50 53
51 54
51 55
52 445
53 64
53 445
53 592
54 55
54 60
55 62
56 58
56 59
56 498
57 68
57 79
57 483
57 681
58 66
58 527
59 60
59 61
61 62
61 65
62 63
63 64
63 65
64 65
64 69
64 593
64 594
65 66
66 67
66 69
67 527
67 596
68 483
68 485
69 596
69 604
70 71
70 72
70 73
70 74
71 271
71 277
71 280
72 280
72 286
73 75
73 271
74 75
74 76
77 89
77 699
77 701
78 99
78 105
78 699
79 447
79 664
79 681
80 81
80 83
80 89
81 82
81 83
82 85
82 86
82 87
83 84
83 91
84 85
84 92
84 93
85 544
86 88
86 543
86 546
87 88
90 101
90 135
90 651
91 93
91 97
91 699
92 111
92 114
92 544
93 94
93 111
94 95
94 96
95 98
95 109
95 110
96 97
96 98
97 99
97 547
98 108
99 100
99 102
100 107
100 548
101 651
102 103
102 104
102 107
103 105
103 696
104 106
104 695
104 696
105 693
106 107
106 668
108 301
108 538
109 323
109 540
110 111
110 114
112 289
113 157
113 168
113 665
114 540
114 541
115 116
115 117
115 118
115 127
116 117
116 313
116 315
116 370
117 119
117 260
118 119
118 120
119 121
120 121
120 122
121 244
121 259
122 123
122 244
123 125
123 126
124 135
124 146
124 157
125 127
125 145
125 147
126 218
126 238
126 244
127 128
127 129
128 155
128 156
128 313
129 130
129 155
130 131
130 132
131 133
131 151
131 155
132 137
132 139
133 134
133 136
133 137
134 148
134 149
134 151
136 149
136 164
136 173
137 138
137 141
138 164
138 175
139 140
139 141
140 143
140 217
140 678
141 143
141 175
142 143
142 144
142 678
144 176
144 211
145 213
145 217
146 712
147 213
147 214
147 216
148 150
148 170
149 167
149 169
150 162
150 163
150 165
151 154
152 153
152 154
152 161
153 156
153 158
154 155
154 156
156 325
157 671
158 159
158 160
158 161
159 181
159 182
160 327
160 328
160 333
161 181
162 180
162 296
162 400
163 170
163 171
164 173
165 166
166 178
166 180
167 172
167 173
168 212
169 170
169 171
169 172
171 174
171 295
172 174
174 294
175 176
176 177
177 211
177 214
178 181
178 182
178 405
179 190
179 201
180 404
182 329
182 336
183 184
183 185
183 210
184 185
184 196
184 334
185 334
185 591
186 187
186 188
187 194
187 581
188 569
189 191
189 192
189 193
189 194
190 212
190 515
191 472
191 576
192 193
192 570
193 569
194 580
195 196
195 197
195 199
195 206
196 198
196 210
197 207
197 210
198 199
198 200
199 202
199 247
200 247
200 250
200 251
201 665
202 203
202 204
202 205
203 204
203 229
203 237
204 206
204 233
205 245
205 249
206 207
206 208
207 209
208 209
208 232
211 213
212 224
214 215
215 666
216 218
216 221
216 666
217 678
219 220
219 221
219 226
220 231
220 683
221 222
221 238
222 225
222 226
223 334
223 445
225 227
225 228
226 227
227 229
227 231
228 234
228 236
228 237
228 240
229 230
230 231
230 232
232 233
234 245
234 249
234 252
235 246
235 257
235 633
236 238
236 239
237 249
238 243
239 240
239 241
239 253
240 252
241 242
241 243
242 254
242 256
242 258
243 244
245 247
245 248
246 268
246 279
246 290
247 255
248 252
248 255
250 269
250 270
251 255
251 261
251 276
252 253
253 254
254 255
256 263
256 264
256 265
257 401
257 412
258 259
258 266
259 260
260 266
260 267
261 262
261 263
262 274
262 276
262 285
263 285
264 278
264 282
264 285
265 266
265 282
267 283
267 370
268 643
268 684
269 334
269 670
270 276
270 670
271 272
271 273
272 275
273 274
273 275
274 277
275 276
275 670
277 278
277 285
278 281
279 368
279 379
280 281
281 282
283 284
283 367
284 365
284 366
284 370
286 287
286 369
287 291
287 364
288 289
288 362
290 368
290 623
292 293
292 294
292 298
293 294
293 295
295 296
295 299
296 297
297 400
297 402
298 299
298 300
299 303
299 402
300 303
300 304
301 312
302 303
302 304
302 309
303 417
304 305
305 307
305 309
306 307
306 308
306 311
308 310
308 311
309 310
309 436
311 669
312 323
312 335
313 324
314 315
314 316
314 324
315 317
316 317
316 320
316 321
317 318
317 354
318 319
318 370
319 355
319 365
320 322
320 348
321 348
321 349
321 354
322 324
322 326
323 335
323 357
325 326
325 327
326 342
327 328
328 341
329 330
329 331
330 337
330 394
331 332
331 333
332 337
332 339
333 341
335 346
335 357
336 394
336 395
336 405
337 338
338 350
338 353
338 680
339 340
339 341
340 344
340 353
341 342
341 344
342 343
343 344
343 348
344 345
345 347
345 351
346 585
346 588
347 348
347 349
349 358
350 351
350 352
351 353
352 361
352 380
354 355
354 358
355 356
356 359
356 365
357 565
358 359
358 360
359 362
360 361
360 371
361 372
361 380
362 363
363 364
363 365
364 366
364 369
366 367
367 369
368 612
371 372
372 373
373 378
373 380
374 375
374 381
374 677
375 376
375 377
375 378
376 421
376 422
376 435
377 680
378 421
379 390
379 401
379 679
381 382
381 680
382 383
382 389
383 384
383 386
384 385
384 677
385 673
385 674
386 387
386 388
386 389
387 407
387 408
388 391
388 408
388 411
389 391
389 680
390 479
390 501
390 512
391 392
391 393
391 680
392 394
392 395
393 395
393 415
395 396
396 397
396 398
396 415
397 405
397 406
398 399
398 406
399 400
399 402
399 416
400 406
401 468
401 479
402 403
403 416
403 417
404 405
404 406
407 409
407 410
408 410
408 414
409 646
409 647
410 413
410 647
411 415
411 416
412 423
412 434
413 414
413 417
414 416
418 419
418 482
418 485
419 442
419 484
420 421
420 422
422 424
422 432
423 457
423 629
423 633
424 425
424 426
424 432
425 427
425 428
425 431
426 427
426 433
427 433
428 429
428 657
429 430
429 431
430 440
430 441
431 432
432 484
433 435
434 446
434 457
434 522
436 658
436 682
437 438
437 661
438 486
438 655
439 556
439 581
439 659
440 442
440 484
441 657
442 443
443 482
444 447
444 448
444 456
445 591
446 517
446 518
447 461
448 449
448 450
449 451
449 452
450 451
450 455
450 456
451 454
452 453
453 486
454 458
454 461
455 458
455 460
456 460
457 519
457 630
458 459
459 460
459 461
461 462
462 480
462 664
463 464
463 465
464 466
464 552
464 555
464 578
465 466
466 471
467 469
467 470
467 471
468 479
468 490
468 523
468 526
469 474
470 472
470 491
470 493
472 473
473 474
473 475
475 476
475 477
475 478
476 486
476 496
477 495
477 496
478 480
478 495
479 557
479 579
480 494
481 482
481 483
486 487
486 488
486 492
486 655
487 580
488 572
488 574
489 491
489 492
489 493
490 522
490 526
491 492
491 574
492 574
494 495
494 496
497 498
497 511
497 515
498 527
499 508
500 504
500 507
500 508
501 579
501 590
501 601
502 504
502 545
503 504
503 505
503 506
503 545
505 510
505 517
506 518
506 524
506 525
507 509
507 510
508 509
509 536
510 514
511 513
511 529
512 601
512 679
513 529
513 530
514 515
514 516
514 536
516 520
516 521
517 518
517 519
517 520
518 522
519 636
520 622
521 533
521 620
523 524
523 534
524 525
525 526
528 529
528 530
528 535
530 531
531 532
531 533
531 535
532 535
532 599
532 605
532 610
533 611
534 545
534 557
538 539
538 547
539 672
540 541
541 542
541 549
541 550
542 543
542 544
543 551
546 551
546 552
547 548
548 641
549 561
549 563
549 564
550 551
550 563
551 553
552 553
553 554
554 555
554 559
554 562
555 558
555 574
556 659
556 667
557 568
558 559
558 567
558 574
559 560
560 561
560 583
561 562
561 565
562 563
564 565
565 566
566 582
566 583
566 585
566 586
567 573
567 574
567 577
567 582
567 583
568 634
570 571
571 662
572 573
572 574
572 575
573 574
575 576
575 577
579 634
581 660
582 584
584 586
584 587
585 663
586 587
586 663
588 589
588 672
589 662
590 713
590 714
591 592
592 593
593 594
593 676
594 604
594 676
595 596
595 597
595 604
596 599
597 598
597 599
598 600
598 602
600 605
600 607
601 691
602 603
602 608
603 627
603 628
605 606
606 607
606 609
606 610
607 608
608 609
608 614
609 611
609 613
610 611
611 615
612 623
612 644
612 679
613 614
613 615
613 616
614 617
615 620
616 617
616 619
617 618
618 619
618 627
618 628
619 620
619 621
620 622
621 622
621 624
622 626
623 642
623 643
624 625
624 626
625 632
625 637
626 636
627 628
627 689
629 631
629 633
630 631
630 636
631 632
632 635
632 637
633 638
634 645
634 714
635 638
635 639
637 654
638 684
639 684
639 685
640 641
640 642
640 643
641 642
642 644
644 656
646 647
646 674
648 649
648 659
648 709
649 650
650 660
650 661
654 686
654 687
656 668
656 679
656 690
658 675
661 667
668 695
673 674
673 682
675 682
685 686
687 688
688 689
690 692
690 693
690 694
691 692
691 700
692 693
693 697
694 695
694 696
697 699
697 700
697 701
698 709
700 702
701 702
701 703
702 705
703 704
703 705
704 706
704 707
705 706
706 711
706 713
707 708
707 710
707 711
708 712
711 712
711 718
713 715
713 718
714 716
715 716
715 717
717 718
717 719
