# Nodes
0 -603.1 433.8
1 -620.9 395.8
2 -541.1 -184.1
3 -421.1 -227.6
4 -357.2 -250.8
5 -224.6 -295.1
6 -968.7 -268.4
7 -950.5 -212.8
8 -839.2 -312.2
9 -1043.6 -497.3
10 -25.7 -71.7
11 -120.3 -39.8
12 5.8 10.4
13 -646.9 268.6
14 -64.4 -173.6
15 16.2 -204
16 152.1 -253.5
17 91.6 -337.3
18 170.8 -266.7
19 267.9 -335.5
20 350.2 -28.1
21 67.6 -18.5
22 108.8 -24.9
23 153.9 48.9
24 -586 246.4
25 -36.6 133.3
26 106.7 263
27 517.4 20.2
28 655.6 -31
29 435.4 -96.1
30 462 -58
31 305.9 -369.1
32 803.4 433.6
33 872.7 385.7
34 869.4 523.7
35 -393.3 168
36 759.3 369
37 631.4 450.2
38 658.1 223.4
39 539 299.2
40 707.7 295.4
41 583 114.4
42 691 71.8
43 532.2 42.8
44 497.6 35.7
45 242.9 -435.9
46 -524 106.4
47 446.4 -452.3
48 560.6 -511.5
49 400.3 -540.9
50 614.2 -409.3
51 627.9 -545.8
52 566.3 -659.1
53 705.1 -585.4
54 794.5 -633.7
55 755.6 -486.1
56 854.2 -668.2
57 -569.5 -253
58 832.6 -571.3
59 -826.5 538.2
60 -763.9 470.6
61 -897.7 586.4
62 -841.4 636.6
63 247.5 10.2
64 207.1 160.3
65 325.7 -20.9
66 221.9 -44.9
67 265.3 -102.1
68 -490.5 -202.5
69 -730.7 301.8
70 -1216 -111.5
71 -1068.2 -161.6
72 -1235.7 -175.8
73 -391.9 -390.5
74 -354.6 -393.5
75 -274.2 -429.8
76 -171.2 -470
77 -81.5 -491.5
78 -150.2 -425.6
79 -1093 -57.9
80 -386 -370.8
81 -586.1 -293.4
82 -1116.4 -124.9
83 -1246.4 -82.5
84 -823.6 -265.2
85 -800.6 -297
86 -800.8 -391.8
87 -740.5 -300.3
88 -736.8 -205.1
89 -792.3 -199.6
90 -1071.1 4.6
91 -809.8 -210.1
92 -769 48.2
93 -775.7 -13.9
94 -793.4 -494.7
95 -882.2 -236.3
96 -805.4 -323.6
97 -810.3 -580.7
98 -797.5 -606.7
99 -801.8 -650.5
100 -806.1 -913.1
101 -1174.9 -29.9
102 -760.1 -737
103 -760.1 -701.8
104 -721.4 -737.9
105 -764.3 -607.6
106 -763.5 -574.8
107 -761.6 -497.6
108 -680.8 -567.9
109 -770.3 -733.7
110 -840.3 -962.4
111 -764.3 -918.2
112 -816.9 545.2
113 -998.5 -20.7
114 -984.4 -201.1
115 -746 -109.9
116 -856.5 -992.9
117 -755.6 -1026.1
118 -849.9 -1018
119 -835.7 -1043
120 -777 -1059.6
121 -762.5 -994.4
122 -926.1 -973.1
123 -580.8 -1023
124 -1044.4 81
125 -703.8 -983.9
126 -550.6 -938.6
127 -673.2 -899.3
128 -733.9 -876.1
129 -919.2 -985.3
130 -886.9 -920.7
131 -1048.6 -736.8
132 -1033 -715.6
133 -865.9 -1129.5
134 -841.6 -1103.5
135 -1020.9 148.2
136 -722.2 -1157.3
137 -767.9 -1279.7
138 -640.3 -1186.1
139 -606.4 -1092.3
140 -573.9 -1208.7
141 -811.2 -1128
142 -758.4 -1515.6
143 -778.5 -1452.9
144 -731.5 -1437.7
145 -815.6 -1341.1
146 -1146.7 117.1
147 -846.3 -1309.7
148 -836.1 -1254.8
149 -817.3 -1147.8
150 -690.5 -1063
151 -540.6 -1120.5
152 -462.1 -1153.9
153 -380.2 -1188.3
154 -413.8 -1269.9
155 -301.7 -1228.2
156 -424.4 -1065.3
157 -931.5 116.7
158 -305.8 -1210.7
159 -264.5 -1244.2
160 -184.1 -1266.2
161 -197.9 -1214.2
162 -181.1 -1157.7
163 -213.3 -1191.4
164 -224.6 -1113.8
165 -258.4 -1133.4
166 -17.8 -1401.4
167 -9.8 -1424.5
168 -990.7 241.3
169 -332.4 -1304
170 -623.8 -1335.6
171 -601.1 -1306
172 -497.1 -1236.2
173 -464 -1390.9
174 -385.1 -1425.2
175 -254.2 -1336.7
176 -285.1 -1408
177 -231.6 -1359.1
178 -123.3 -1296.8
179 -1126 215.8
180 -206.1 -1357.5
181 -6 -1648.7
182 99.2 -1658.3
183 121.7 -1684.2
184 249.1 -1905
185 -197.8 -1542.6
186 -213.3 -1557.5
187 -200.4 -1521
188 -209.6 -1319.3
189 -192.8 -1615.7
190 -932 384.6
191 -76.5 -1652.1
192 -210.5 -1608.5
193 -238 -1566.2
194 -181.9 -1915.9
195 -215.5 -1517.1
196 -581.6 -1438.2
197 -550.2 -1361.3
198 -652.3 -1408
199 -715.2 -1592.4
200 -711.4 -1382.2
201 -1094.2 273.6
202 -710.5 -1535.3
203 -685.3 -1310.2
204 -791.3 -1348.7
205 -336.2 -1532.5
206 -348.3 -1561.4
207 -384.1 -1514.8
208 -330.2 -1451.1
209 -415.4 -1503.3
210 -497.7 -1474.1
211 -581.2 -1682.6
212 -858.9 352.1
213 -163.5 -819.5
214 -139.1 -827.5
215 -512.6 -1046.1
216 -385.2 -970.8
217 -340 -1092.8
218 -194.7 -962.3
219 -184.8 -937.6
220 -118.4 -776.4
221 -216.2 -1040
222 -143.9 -1069.7
223 -409.4 327.9
224 -1003.1 -88.7
225 -103.5 -974
226 -81.8 -1094.3
227 -40.1 -998.5
228 -57.2 -864.1
229 -39.3 -821.3
230 -750.2 -1598.8
231 -1101.8 325.5
232 -1084.3 356.3
233 -1259.6 -13.8
234 -1243.8 29.2
235 -1024 -148.7
236 -708.8 -1640.3
237 -726.4 -1620.7
238 -731.4 -1590.7
239 -537.1 -1332.2
240 -659.3 -1650.7
241 -655.7 -1626
242 -644.9 -1730
243 -700.2 -1736.5
244 -707.7 -1852.3
245 -387.7 -726.9
246 -987.6 -44.2
247 -425 -843.3
248 -297 -760
249 -467.2 -700.2
250 -452.3 -869.4
251 -518.7 -846.1
252 -486.7 -956.6
253 -404.1 -1539
254 -251.3 -1597.8
255 -453.4 -1813.1
256 -498.3 -1919.4
257 -967 -31.6
258 -531.4 -1780.2
259 -281.7 -2051
260 -543.3 -2006.8
261 -501.8 -1708
262 -544.3 -1693.3
263 -442.8 -1576.6
264 -374.1 -1846.5
265 -178.8 -2068.6
266 -253.1 -1891.4
267 -575.9 -1887.2
268 -904.7 -53.4
269 -349.6 -2151.5
270 -604.9 -1956
271 -679.1 -1844.4
272 -60.3 -1908.9
273 -214.7 -2251.4
274 -272 -2209
275 -744 -1918.4
276 -125 -2310.8
277 -161.2 -2100
278 -64 -2216.3
279 -976.6 -12.7
280 -48.8 -2070.1
281 -86.6 -2233.7
282 -62.4 -2333.4
283 -24.5 -2405.7
284 -61.6 -2260.9
285 -91.8 -2438.5
286 -33.9 -2433.4
287 216.4 1732
288 301.7 1718.6
289 189.3 1578.7
290 -955 49.4
291 91.2 1047.3
292 76 961.8
293 -26.7 1071
294 38.2 759.5
295 -80.6 780.4
296 25.5 691.9
297 360 -2439.1
298 375.6 -2480.9
299 249.5 -1957.6
300 74 -550.1
301 -879.3 22.6
302 180.1 -586.5
303 105.7 -512.9
304 18.2 -471.9
305 -1.6 -523.4
306 68.9 -401.9
307 -0.9 -536.3
308 -34.4 -567.7
309 -44 -606.8
310 -69.3 -596.6
311 36.7 -639.5
312 -900.2 217.4
313 -95.4 -727
314 -13.4 -760
315 -59.7 -514.5
316 -47.2 -535.2
317 -120.2 -718.5
318 -139.2 -769.6
319 -124.4 -573.1
320 -175.7 -695.9
321 -204.7 -540.9
322 -112.5 -509.3
323 -828.3 413.4
324 44.6 -394.3
325 -94.4 -344.4
326 117.4 -335.9
327 197.4 -399.7
328 400.4 53.5
329 383 65.2
330 296.2 106.7
331 476.7 231.1
332 491.6 217.6
333 584.6 373
334 -468.8 361
335 -759.2 314.2
336 521.3 310.5
337 439.5 361.8
338 673.4 526.3
339 729.5 490.6
340 686.5 604.2
341 838.5 318.8
342 798.5 239.6
343 607.9 718.2
344 582.7 686.1
345 652.1 656.1
346 -1202.2 50.3
347 -73.3 967.6
348 540.5 748.8
349 551.8 762.4
350 -10.5 967.3
351 -216 -792.4
352 -264 -908.4
353 -345.3 -875.5
354 -303.8 -1004.3
355 -208.2 -935.7
356 -241.1 -1030
357 -1187.3 106.4
358 -256.1 -663.1
359 -119.9 -335.4
360 198.6 -190.3
361 207.8 -75.3
362 925.9 -99.7
363 755.4 -49.1
364 930.8 -129.3
365 417.3 81.7
366 -162.2 -140.4
367 -149.6 -110.1
368 -1174.3 40.6
369 -122.9 514.8
370 -174 514.9
371 -149.1 486.7
372 75.5 422.1
373 45.1 442.9
374 77.8 480.7
375 -450.5 1182.1
376 -532.2 1297.1
377 -481.2 1203.7
378 -443.1 1100.4
379 -1186.2 3.4
380 -350.6 947.6
381 -251.5 1059.1
382 -304.8 985.9
383 -266.7 1107.4
384 -413 930.6
385 -363.7 1093.4
386 -438.5 961.8
387 -433.8 1024.3
388 -699.5 658.2
389 -575.8 782.7
390 -925.8 -115.2
391 -545.8 764.7
392 -449.2 977.1
393 -497.7 900.1
394 -531.8 864.7
395 -598 795.9
396 -661.9 834.1
397 -686.6 702.5
398 -739.7 635.4
399 -754.5 369.3
400 -726.5 351
401 -946.1 -174.8
402 -712.1 448.2
403 -815.5 651
404 -208.8 1012.2
405 -223.2 1109.5
406 -153.2 1213.1
407 -119.3 1090.6
408 -136.4 1008.1
409 -364.6 1132.7
410 -267.2 989.1
411 -595.7 1134.4
412 -848.8 -141.6
413 -579.1 1175.3
414 -439.5 1004.9
415 -317.7 1118.4
416 -579.3 1209.9
417 -546.6 1281.1
418 -528.8 1322.6
419 -469.8 1473.6
420 77.8 1754.7
421 101.3 1750.3
422 65 1689.6
423 -783.6 -156.9
424 -116.9 1786.1
425 -156 1642.8
426 24.6 1763.7
427 -188.4 1797.4
428 -327.1 1819.4
429 -372.1 1767.7
430 -765.6 178.4
431 -767.9 97.9
432 -585 -676.6
433 -427.3 -590.6
434 -858.7 -205.3
435 -491.6 -767.7
436 -576.7 -822.5
437 -655.1 -334.1
438 -612.6 -681.6
439 -760.1 -672.7
440 -941.3 -682
441 -934.9 -534.5
442 -854.9 -379.2
443 -1084.3 -483.5
444 -154.7 889.9
445 -479.3 204.2
446 -1126.1 174.1
447 -63.3 873.5
448 -173.2 797.1
449 55.7 852.6
450 -48.5 953
451 152.5 835.6
452 210.2 820.3
453 132.8 742.7
454 320.5 762.9
455 244.4 887.3
456 389.3 724.4
457 -1175.5 127.3
458 445.4 800.9
459 484.8 668.6
460 473 650.1
461 547.4 632.3
462 587.1 594
463 532.8 509
464 655.5 538.2
465 373.8 846
466 267.7 948.2
467 520.6 724.7
468 -828 -80.1
469 99.5 575.9
470 119.5 459
471 139.2 651.4
472 116.6 665.9
473 172.4 733.9
474 170.8 631.1
475 281 987.9
476 304.6 1053.6
477 362.5 1201.9
478 282.4 1045.8
479 -1145.4 180.7
480 101.5 605.9
481 15 636.1
482 230.2 1226
483 214 1136.3
484 110.6 1156.3
485 194.1 1022.7
486 178.2 964.8
487 164.4 892.6
488 441.3 1424.9
489 464.8 1427.4
490 -802.5 -4.5
491 401.8 1318.8
492 318.4 1125.9
493 257.6 1016.7
494 426.1 576.6
495 345.8 626.2
496 320.8 641.3
497 611.8 459.8
498 566.7 384.5
499 486.1 435
500 486.4 537.7
501 -777.9 -97.5
502 439.4 463
503 712 891.2
504 777.3 846
505 659.8 810.4
506 600.7 851.6
507 394 390.4
508 332.3 429.5
509 391.1 288.4
510 163.8 -170
511 177.7 422
512 -1043.2 380.6
513 225.3 496.7
514 270.5 570.6
515 165.4 534.2
516 297.3 609.9
517 376.6 499
518 761.4 163.2
519 182.5 -460
520 182.8 -438.7
521 230.3 -390.2
522 20 -772.1
523 -1017.4 412.3
524 26 -665.2
525 825.1 917.8
526 877.4 996.8
527 885.1 878.7
528 757.5 962.6
529 419.4 1171.6
530 451 1152.4
531 531.7 1102.1
532 503.3 1241.6
533 494.3 1041.9
534 -996.9 483.3
535 613 1049.5
536 573.5 987
537 694.8 1001
538 746.1 1082.4
539 414.8 1302.5
540 719.3 1214.6
541 667.8 1133
542 797.3 1164.6
543 640.9 1264.7
544 590.4 1182.9
545 -972.1 395.1
546 522.9 907.1
547 651.9 933
548 445.2 962.8
549 468.6 821.4
550 388.7 871.8
551 308.6 922.4
552 365.7 1018.8
553 1058.2 1438.7
554 1036.5 1440.4
555 1132.8 1422
556 82.1 1.5
557 -901.4 506.8
558 1002.6 1352.3
559 1075.8 1300
560 908.4 1201.5
561 893.9 1435.3
562 845.3 1241.7
563 977.6 1149.2
564 860.1 1123.6
565 807.8 1041.7
566 932.2 1079.5
567 -416.7 1337.2
568 -797.4 471.5
569 -431.6 1408.4
570 -399.5 1144.5
571 -339.5 1324.2
572 -247 1308.6
573 -266.4 1236.6
574 -156.6 1293.3
575 -123 1288.5
576 -170.2 1216.5
577 -79.7 1282.4
578 -96.5 1200.9
579 -541.8 228.9
580 9.5 1266.1
581 22.1 1325.9
582 127.9 1244.6
583 -673.2 269.7
584 -735.2 218.3
585 218.1 -498.9
586 345.8 -650.4
587 505.7 -616.2
588 513.1 -736.6
589 644.8 -705.6
590 -618.2 140.6
591 234.3 -607.9
592 115.8 -717.5
593 290.8 -628.6
594 235.9 -690
595 252.8 -704.8
596 461.6 -700.5
597 312.6 -713.3
598 456.2 -815.2
599 380.6 -291.5
600 94.8 -801.4
601 -705.1 162.9
602 52.8 -785
603 91.6 -867
604 25.9 -846.8
605 83.8 -931.1
606 5.5 -893.6
607 22.1 -1006.1
608 -61.6 -1077.1
609 -121.2 -1183.7
610 -47.6 -1125.6
611 -251.7 -1111.1
612 -655.2 31.8
613 -15.9 -1132.7
614 105.8 -1156.5
615 106.2 -1246.7
616 -724.1 -770.7
617 -763.3 -864.9
618 -613.5 -740.9
619 -718.5 -678.6
620 -635.3 -800.6
621 -611.2 -923
622 -550 -746.8
623 -577.8 4.2
624 -772.4 71.6
625 -955.4 560.7
626 -911.7 642.7
627 -906.9 578.1
628 -1127.3 242.6
629 -1031.1 420.5
630 -855.1 682.6
631 -886.4 688.6
632 -778.3 911.3
633 -717.7 984.2
634 -508 289.9
635 -540.9 1340.6
636 -753.6 889
637 -696 854.5
638 -696.4 988.2
639 -838.2 735.5
640 -569.8 413.9
641 -462.3 714.9
642 -498 841.9
643 -446.7 761.4
644 -370.1 658.7
645 -519.6 389.3
646 -495 599.6
647 -354.1 578.2
648 -332.3 649.8
649 -324.1 694.5
650 -349.4 702
651 -104.4 657.3
652 -95.4 710
653 -194 674
654 -429.5 579.1
655 -313.3 822.4
656 -639.2 356.7
657 -695.2 490.8
658 -428.9 802.3
659 -335 746.2
660 -391.5 893.8
661 -583.8 427.7
662 -541.8 401.7
663 1.9 1504.3
664 56.7 1494
665 54.6 1601.3
666 67.1 1544.5
667 35.2 98.3
668 -664.8 302
669 170.5 1472.6
670 271.3 1454.1
671 152 1368.4
672 252.6 1350.4
673 321.6 1444.8
674 -60.8 1406.7
675 35.5 1389.2
676 -42.3 986.4
677 -6.2 1181.4
678 70.6 931.4
679 -608.6 341
680 -140.7 960.2
681 291.8 1121.3
682 1065.8 640.1
683 996.8 541.1
684 1139.1 589.8
685 1063.4 481.3
686 932 459
687 959.8 325.8
688 887.8 182.4
689 662 -2.7
690 -480.4 -30.5
691 819.2 68.4
692 497 -350.4
693 299.9 -740.6
694 331.3 -809.1
695 280.8 -723.3
696 126.5 -1000.6
697 106.1 -1011.7
698 351.4 -1047.7
699 10.7 -1240.7
700 -41.7 -1175.7
701 -734.4 65.7
702 423.9 -865.3
703 383 -850.6
704 459.7 -885
705 415.2 -789.1
706 678.4 -444.8
707 785.7 -243.8
708 685 -187
709 902.5 27
710 980.6 -10.3
711 920.7 59.1
712 -735.9 170.8
713 845.4 109.7
714 962.5 134.2
715 1058.5 76.5
716 1007.9 211.5
717 1039.9 270.3
718 1082 325.1
719 1099.4 229.1
720 1001.4 395.7
721 1137 418.8
722 1209.9 539.5
723 -433.2 -47.4
724 1106.8 372.3
725 1179.9 383.6
726 1007.7 -621.5
727 1082.1 -563.9
728 948.8 -590
729 853.1 -535.9
730 940.3 -384.9
731 -82.5 1345.7
732 -121.3 1417.6
733 -102 1348.3
734 -334.5 285.8
735 -138.9 1355.5
736 32.1 1605.1
737 61.6 -685.9
738 334.1 -959.2
739 313 -936.2
740 373.8 -1016.4
741 323.2 -993.1
742 156.9 -1001
743 -400.9 1671.5
744 -351.4 1700.8
745 -278.2 122.9
746 -505.1 1429.5
747 -426.7 1588.4
748 -440.9 1473.3
749 -329.1 1388.7
750 -410.1 1266.6
751 -350.7 1254.2
752 -63.4 1623
753 -48.9 1711.3
754 929.4 1543.3
755 1044.4 1522.4
756 -433.8 75.6
757 942.4 1625.5
758 847 1558.3
759 688.9 1480.1
760 613.2 1493.2
761 704.9 1583.5
762 747.4 1470
763 716.9 1378.6
764 543.7 1505.2
765 632.4 1595.5
766 596.8 1401.2
767 -230.8 228.9
768 511.1 1418.1
769 494.2 1514.9
770 806.7 1365.3
771 879.9 1354.5
772 828.7 1456
773 766.8 1572.8
774 1346.3 148
775 1439.9 133.2
776 1326.7 108.9
777 1105.6 1509.1
778 -513.8 -115.3
779 -195.5 305.8
780 414.1 1097.3
781 1283.8 37.4
782 1235.9 -36.4
783 1211.2 83.9
784 1141.7 134.1
785 1245.9 142.1
786 1363.1 311.8
787 1304.5 353.9
788 1397.4 285.9
789 558.4 1317.4
790 -76.6 45.9
791 562.3 1607.1
792 1166.8 7.5
793 995.9 11.2
794 1188.7 -110
795 1120.5 -68.9
796 1151.4 -169
797 1045.7 -20.7
798 1383.9 -129.5
799 1340.7 -204.3
800 1429 -52.4
801 -315.3 31.7
802 1309.5 -82
803 1261.9 -155.3
804 1472.5 14.9
805 1356.8 -7.2
806 1334.4 272.1
807 1431.2 202.6
808 1398.6 62.3
809 937.4 957.9
810 992.8 1041.7
811 1024.5 1090.8
812 -359.7 -73.6
813 1071 1159.9
814 1133.9 1260
815 1012.8 1203.2
816 910.3 1465.7
817 1221.8 1402.7
818 1235.8 1420.7
819 1246.8 1443.2
820 1183.5 -467
821 1301.6 -354.6
822 1153.8 -448.6
823 -300.5 -93.6
824 561 1654.3
825 719.4 1671
826 454.7 1273.9
827 1205 1372.3
828 1062.5 -168.3
829 912.7 -194.2
830 881.8 -251.4
831 982.5 -308.8
832 862.6 -287.3
833 1122.8 211.5
834 -743.3 -28.8
835 1206 218.2
836 948.2 -73.7
837 1155.4 268.5
838 842.3 -325
839 1086.6 -124.1
840 1015.7 -69.9
841 1491.9 223.2
842 1261.9 171.4
843 1299.3 226
844 1241.6 398.4
845 -640.7 -148.1
846 1214.8 355.9
847 1269.8 309.8
848 1294.3 159.4
849 1274.6 142.1
850 503.8 1690.1
851 638.9 1675.3
852 519.2 1665.8
853 1098.1 -551.1
854 1507.6 -104.7
855 1548.5 -32.9
856 -663.9 -209.3
857 47.4 1730.1
858 -184.1 1539.6
859 -212.6 1434.6
860 -300.3 1569.3
861 -407.9 1596.6
862 -318.7 1454.4
863 -229.9 1371.5
864 77.2 1593.6
865 178.9 1520.2
866 836.5 805.1
867 -748.2 -174
868 828.1 -725.2
869 522.4 -1057.1
870 542.9 -1070.6
871 488.2 -1003.9
872 453.7 -1046.4
873 489.8 -1054.8
874 424.4 -1088.9
875 306.4 -1062.9
876 404 -1060.3
877 344 -1082.7
878 -683.2 -260.1
879 383.6 -1093.3
880 469.3 -1143.5
881 902.9 -701.1
882 1060 -394.6
883 964.4 -342.2
884 1030.6 -443.9
885 715 -126.6
886 600.2 -142.5
887 1204.5 -355.5
888 1112.1 -303.7
889 -611.8 -78.1
890 -711.9 -243.6
891 1251.4 -269.4
892 1015.5 -251.4
893 1159.4 -218.4
894 1578.3 43.2
895 -748.3 -1853.2
896 723.5 764.6
897 751.3 746.5
898 851.6 664
899 790.9 579.7
900 783 724
901 -24.2 458.2
902 1239.3 266.8
903 1184.2 307.7
904 783.8 1660.7
905 861.5 1640
906 -23.2 -1887.4
907 54.5 -1812
908 53.5 -1738.3
909 -52.9 -1999.4
910 -164.3 -2077.2
911 -19.4 -2067.6
912 -124.4 485.1
913 -275.4 -1119.5
914 1128.2 -495.7
915 678.3 684.4
916 90.1 -491
917 -591.3 -328.2
918 -578.3 -344.9
919 -476.3 -369.5
920 -621.2 -323.6
921 1264.2 1428.7
922 1119.1 291.2
923 -155.5 393.9
924 303.9 1341.4
925 93.1 -1685.8
926 141 -882
927 60.6 -1916.6
928 9.4 -2036.4
929 923.8 604.4
930 1122.4 1535.4
931 -720.1 -1050.8
932 -365.8 930
933 -444.6 1500.5
934 -300.1 357.3
935 -1199.9 -303.6
936 -1109 -494.7
937 61 -2037.9
938 -547.9 -1664.5
939 -877.4 -1213.3
940 -910.2 -1117.9
941 -971.6 -945.5
942 450.8 1451.6
943 307.1 1101.2
944 679.5 637.5
945 -374.1 395.1
946 -1116.9 -471.5
947 -653.7 -305.7
948 -508.8 1238.5
949 451.7 -1126.6
950 892.4 561.9
951 -769 861.6
952 -745.3 936
953 -261.9 440.7
954 -223.4 532.3
955 -287.6 557.4
956 -327.6 482.8

# Edges
0 1
0 112
0 640
0 657
0 661
1 59
1 656
2 57
2 68
2 778
2 845
3 4
3 68
3 812
4 5
4 823
5 75
5 359
5 366
6 7
6 8
6 9
6 946
7 95
7 114
8 96
8 442
9 441
9 443
10 11
10 12
10 14
10 510
11 367
11 790
12 21
12 667
12 790
13 24
13 583
13 668
14 15
14 359
14 366
15 16
15 325
16 17
16 18
16 360
17 318
17 324
18 19
18 20
18 326
19 29
19 31
19 521
20 29
20 328
21 22
21 556
22 23
22 361
22 556
23 63
23 64
24 579
24 590
25 667
25 767
25 790
26 64
26 372
26 511
26 667
27 28
27 30
27 43
27 44
27 328
28 363
28 689
28 886
29 30
30 886
31 45
31 47
31 599
32 33
32 34
32 36
32 338
32 339
33 341
33 686
33 687
34 686
34 899
34 950
35 445
35 734
35 745
35 756
36 37
36 40
36 341
37 333
37 338
38 39
38 40
38 41
38 518
39 332
39 333
39 336
40 333
40 342
41 42
41 43
41 332
42 518
42 689
42 691
43 689
44 328
44 365
45 49
45 520
45 585
46 445
46 590
46 623
46 756
47 48
47 49
47 692
48 50
48 51
48 587
49 586
49 587
50 692
50 706
50 708
51 52
51 53
51 706
52 587
52 588
52 589
53 54
53 55
53 589
54 56
54 58
55 706
55 729
55 838
56 868
56 881
57 81
57 856
58 729
58 881
59 60
59 557
59 627
60 399
60 568
61 112
61 626
62 112
62 403
62 630
63 65
63 66
63 330
64 330
65 67
65 329
66 361
67 360
67 361
68 723
69 400
69 402
69 584
69 668
70 71
70 72
71 73
71 114
72 233
72 935
73 74
73 919
74 75
74 80
74 433
75 76
75 245
76 77
76 78
76 315
76 321
76 322
77 305
77 324
78 325
78 359
79 82
79 90
79 101
79 224
80 81
80 82
81 878
82 83
82 101
82 235
83 233
84 85
84 91
84 95
85 86
85 87
86 94
86 96
86 97
86 442
87 107
87 890
87 947
88 89
88 867
88 890
89 91
89 423
90 113
90 124
90 368
91 434
92 93
92 94
92 624
93 490
93 501
94 98
95 96
97 98
97 99
98 99
99 100
100 110
100 111
101 379
102 103
102 104
102 617
103 109
103 439
104 616
104 618
104 619
105 106
105 109
105 439
106 107
106 108
107 701
108 433
108 437
110 116
110 117
110 121
110 122
110 130
111 121
111 617
112 398
113 246
113 279
114 935
115 834
115 845
115 867
116 117
116 118
116 129
117 120
117 121
117 139
117 931
118 119
118 129
119 120
119 134
120 141
120 931
122 941
123 125
123 126
123 139
123 215
124 135
124 146
124 290
125 127
125 128
126 251
126 252
126 621
127 128
127 620
127 621
128 616
128 617
130 131
130 132
131 935
131 941
132 440
132 936
133 134
133 149
133 939
133 940
134 141
135 157
135 168
135 179
135 446
136 137
136 138
136 141
136 150
137 148
137 203
137 204
138 139
138 140
138 203
139 150
139 151
140 151
140 170
140 171
140 172
141 149
142 143
142 144
142 202
142 230
142 238
143 144
143 145
144 200
145 147
145 148
145 204
146 368
146 446
146 457
147 230
147 939
148 149
150 931
151 152
151 215
152 153
152 156
152 172
153 154
153 155
153 158
153 217
154 169
154 172
154 173
155 159
155 169
156 215
156 216
156 217
157 290
157 301
157 312
157 624
158 160
158 163
158 165
159 160
160 161
160 178
160 188
161 162
161 163
162 222
162 609
163 164
163 165
164 221
164 611
165 611
165 913
166 167
166 178
166 609
167 181
167 182
168 190
168 201
168 312
169 174
169 175
170 171
170 197
170 198
170 203
171 239
172 239
173 174
173 197
173 210
174 208
174 209
175 176
175 177
176 205
176 208
177 188
177 195
178 180
179 201
179 479
180 187
180 188
181 191
181 906
182 183
182 925
183 184
183 925
184 299
185 186
185 187
185 189
185 191
186 192
186 193
186 195
187 218
189 191
189 194
190 212
190 323
190 545
191 272
192 194
192 254
193 205
193 254
194 265
194 266
194 272
194 910
195 355
196 197
196 198
196 210
196 241
197 239
198 199
198 200
198 202
199 236
199 237
200 203
200 204
201 512
202 238
205 206
205 207
206 253
206 254
206 255
207 208
207 209
207 253
209 210
210 211
211 240
211 242
211 262
211 938
212 312
212 323
212 335
213 214
213 318
213 351
213 355
214 219
214 220
214 228
215 247
215 252
216 353
216 354
217 354
217 913
218 219
218 221
219 225
220 308
220 313
221 222
222 225
222 226
223 334
223 445
223 734
223 945
224 235
224 246
224 390
225 227
225 228
226 608
226 609
226 610
227 606
227 608
228 229
228 606
229 314
229 604
230 895
231 232
231 628
231 935
232 629
232 632
233 234
234 357
234 628
235 401
236 237
236 240
236 243
237 238
237 243
240 241
240 242
242 243
242 258
242 271
243 244
243 271
244 275
244 895
245 247
245 248
245 249
245 250
246 257
247 353
248 351
248 353
248 358
249 432
249 433
249 435
250 251
250 252
251 435
251 436
253 263
254 264
255 256
255 258
255 264
256 259
256 260
256 267
257 268
257 279
258 261
258 267
259 266
259 269
260 269
260 270
260 275
261 262
261 263
262 938
263 938
264 266
265 273
267 270
267 271
268 301
268 390
268 468
269 274
270 271
272 906
272 909
273 274
273 276
276 277
277 281
277 284
277 910
278 280
278 281
278 284
279 290
280 909
280 910
280 911
281 284
282 283
282 284
282 285
283 286
285 286
287 288
287 289
287 421
288 850
289 665
289 864
289 865
290 301
291 292
291 293
291 484
291 485
292 486
292 676
292 678
293 407
293 676
293 677
294 295
294 296
294 449
294 453
295 447
295 448
295 652
296 472
296 481
296 652
297 298
297 299
300 302
300 303
300 307
300 311
301 490
302 585
302 591
302 592
303 519
303 916
304 305
304 306
304 308
305 916
306 326
306 520
307 308
307 315
309 310
309 311
309 313
310 316
310 317
310 319
311 524
312 430
313 314
314 522
314 524
315 316
316 322
317 318
317 320
319 320
319 321
319 322
320 351
320 358
321 358
323 568
324 325
325 359
326 327
327 520
327 521
328 329
328 365
329 330
329 331
330 509
331 332
331 336
331 509
332 365
334 634
334 645
335 399
335 430
336 337
336 498
337 499
337 507
337 509
338 339
338 340
338 464
339 899
340 899
340 944
341 342
341 716
342 518
342 688
343 344
343 345
343 348
343 349
343 505
343 915
343 944
344 461
344 467
345 462
345 464
346 357
346 368
346 379
347 348
347 377
347 410
348 458
348 467
349 350
349 506
349 549
350 375
350 404
351 352
352 353
352 354
352 355
354 356
355 356
356 611
357 457
360 510
361 510
362 363
362 364
362 836
363 364
363 689
363 691
363 885
364 828
364 829
366 367
366 823
368 379
369 370
369 651
369 912
370 912
370 954
371 912
371 954
372 373
372 374
373 469
373 901
374 469
374 470
375 376
375 570
376 418
377 378
377 948
378 387
378 393
378 411
380 381
380 382
380 932
381 382
381 383
381 404
381 405
382 410
383 385
383 405
383 409
383 415
383 576
384 386
384 389
384 392
384 642
384 660
384 932
385 386
385 387
385 415
386 414
387 414
388 389
388 400
388 657
389 391
389 395
390 401
390 412
391 641
391 642
391 657
392 393
392 414
393 394
394 395
394 396
395 396
395 397
396 637
397 398
397 399
398 403
400 402
401 434
402 657
403 630
404 405
404 408
405 406
405 407
406 575
406 578
407 408
407 578
408 676
409 415
409 570
409 750
410 680
411 413
411 638
412 423
412 468
413 416
413 948
416 417
416 633
417 418
417 635
418 419
419 746
419 747
420 421
420 422
420 426
421 665
422 736
422 857
423 434
423 501
424 425
424 426
424 427
425 744
425 752
425 858
426 857
427 428
427 744
428 429
429 743
430 431
430 712
431 624
432 438
432 439
435 622
436 620
436 621
436 622
437 920
437 947
438 618
438 619
439 619
440 441
441 442
443 936
443 946
444 447
444 448
444 680
444 932
445 579
446 479
447 449
447 450
448 653
448 655
449 451
449 678
450 676
450 678
450 680
451 452
451 453
451 487
452 454
452 455
452 473
453 472
454 456
454 465
455 465
455 466
456 458
456 459
456 496
457 479
458 465
459 460
459 461
459 467
460 494
460 495
461 462
461 500
462 463
462 464
463 497
463 499
463 500
464 497
466 475
466 551
468 490
468 501
469 471
469 480
469 515
470 511
470 515
471 472
471 473
471 474
472 480
473 496
474 514
474 516
475 476
475 493
476 477
476 478
476 552
477 482
477 491
477 492
477 529
477 539
478 493
478 943
480 481
481 651
481 901
482 483
482 582
482 672
483 484
483 485
483 681
484 582
484 677
485 486
485 493
486 487
487 678
488 489
488 491
488 673
488 942
489 539
489 768
489 769
489 942
490 624
491 539
491 924
492 681
492 943
494 495
494 517
495 496
496 516
497 498
498 499
499 502
500 502
502 507
503 504
503 505
503 528
503 547
504 525
504 866
504 896
505 506
505 896
506 546
506 547
507 508
508 513
508 517
509 511
511 513
512 523
512 628
512 629
513 514
513 515
514 516
514 517
518 713
519 520
520 521
520 916
522 602
522 737
523 534
523 545
523 557
524 737
525 526
525 527
525 528
526 565
526 566
526 809
527 809
527 866
528 537
528 565
529 530
529 826
530 531
530 532
530 780
531 533
531 535
531 544
532 544
532 789
532 826
533 536
533 548
533 780
534 625
534 629
535 536
535 537
535 541
536 546
536 547
537 538
537 547
538 541
538 542
538 565
539 826
540 541
540 542
540 543
540 770
541 544
542 562
542 564
543 544
543 763
543 789
545 568
546 548
546 549
548 550
548 552
549 550
550 551
551 552
552 780
553 554
553 555
553 558
553 777
554 755
554 816
555 559
555 817
555 819
556 667
557 568
558 559
558 560
558 561
559 814
559 815
560 562
560 563
560 564
561 771
561 772
561 816
562 771
563 566
563 811
563 815
564 565
564 566
566 810
567 569
567 570
567 571
567 750
569 748
569 749
571 572
571 749
571 751
572 573
572 574
572 863
573 576
573 751
574 575
574 735
575 576
575 577
575 731
575 733
577 578
577 580
578 677
579 634
580 581
580 582
580 677
581 675
581 731
582 671
583 584
583 601
584 712
585 591
586 593
586 596
586 597
587 596
588 596
588 598
589 868
590 601
590 612
591 593
591 594
592 600
592 737
593 595
594 595
594 696
595 695
596 705
597 693
597 695
598 702
598 705
599 692
600 602
600 603
601 701
601 712
602 604
603 604
603 605
603 926
604 606
605 606
605 607
607 608
607 697
610 613
610 700
611 913
612 623
612 701
613 614
613 615
614 615
614 696
614 698
615 699
616 620
618 620
618 622
623 690
623 889
625 626
625 627
626 631
630 639
631 639
631 952
632 633
632 635
633 952
634 679
635 746
636 637
636 638
636 951
637 638
639 951
640 662
640 679
641 643
641 644
641 646
642 658
643 650
643 658
644 647
644 648
644 650
645 654
645 662
646 654
646 661
647 654
647 956
648 649
648 955
649 653
649 655
649 954
650 659
651 652
651 653
653 954
655 932
656 668
656 679
658 659
658 660
659 660
661 662
663 664
663 665
663 674
664 666
664 669
664 675
665 736
665 864
666 864
666 865
669 670
669 671
669 865
670 672
670 673
671 672
671 675
672 924
673 924
674 675
674 731
674 732
674 733
674 736
681 943
682 683
682 684
683 685
683 686
683 929
684 685
684 722
685 720
685 721
686 720
687 717
687 720
688 713
688 714
690 723
690 756
690 778
691 709
691 713
692 886
693 694
693 695
693 705
694 703
694 739
696 697
696 742
698 740
698 875
699 700
701 712
701 834
702 703
702 704
703 705
703 738
704 740
707 708
707 832
708 885
708 886
709 710
709 711
710 793
710 836
711 713
711 714
711 793
714 715
714 716
715 784
715 792
715 793
716 717
716 784
717 718
717 719
717 720
718 720
718 724
718 837
718 922
719 833
719 922
721 722
721 724
721 725
723 812
724 903
725 846
726 727
726 728
726 881
727 853
728 729
728 884
729 730
730 838
730 883
730 884
732 735
732 752
732 859
733 735
734 767
734 934
735 863
736 752
738 739
738 741
739 742
740 741
741 742
743 744
743 747
745 767
745 790
745 801
747 933
748 862
748 933
749 862
749 863
750 751
752 753
753 857
754 755
754 757
754 758
754 816
755 777
756 801
757 905
758 772
758 773
758 905
759 760
759 761
759 762
760 764
760 765
760 766
761 765
761 773
761 825
762 763
762 772
762 773
763 766
763 770
764 768
764 769
764 791
765 791
765 851
766 768
766 789
767 779
768 826
769 824
770 771
770 772
773 904
774 775
774 776
774 848
774 849
775 807
775 808
776 781
776 808
776 849
777 930
778 889
779 923
779 934
781 782
781 783
781 805
782 792
782 794
782 802
783 784
783 785
783 792
784 785
784 833
785 842
785 849
786 787
786 788
786 806
787 844
787 847
788 841
792 795
793 797
794 795
794 796
794 803
795 797
795 839
796 839
796 893
797 840
798 799
798 800
798 802
799 803
800 804
800 805
800 854
801 812
802 803
802 805
804 808
804 855
805 808
806 807
806 843
807 848
809 810
810 811
811 813
812 823
813 814
813 815
814 827
817 818
817 827
818 819
818 921
819 921
820 821
820 822
820 853
821 891
822 882
822 887
822 914
824 851
824 852
825 851
825 904
828 839
828 892
828 893
829 830
829 892
830 831
830 832
831 883
831 892
832 838
832 883
833 835
834 889
835 837
835 842
835 902
835 922
836 840
837 903
839 840
842 843
842 848
843 902
844 846
845 856
845 889
846 847
846 903
847 902
850 851
850 852
852 942
853 914
854 855
855 894
856 867
856 878
858 859
858 860
859 862
859 863
860 861
860 862
861 933
866 900
868 881
869 870
869 871
869 873
869 949
870 880
871 872
872 873
872 874
874 879
875 877
876 877
876 879
877 879
878 890
880 949
882 883
882 884
882 888
884 914
887 888
887 891
888 892
888 893
891 893
896 897
896 915
897 900
897 915
898 899
898 900
898 929
899 915
901 912
902 903
904 905
906 907
906 909
907 908
907 927
908 925
911 928
912 923
915 944
917 918
917 919
917 920
918 919
918 920
920 947
923 953
928 937
929 950
934 945
934 953
936 946
939 940
940 941
945 956
951 952
953 954
953 956
954 955
955 956
