# Nodes
0 422.9 416.6
1 330.4 379.8
2 481.1 280.6
3 -827.4 111.9
4 -579.6 -393.7
5 -533.5 -376
6 -515.7 -439.9
7 -82.7 322
8 -741.2 148.1
9 -645.1 190.2
10 128.6 -234.3
11 147 -286.9
12 569.8 122.1
13 456.5 338.6
14 -766.8 -56
15 -672.2 -27.1
16 150.7 -337.9
17 460.4 -357.5
18 486.9 -254.5
19 608.3 -347.2
20 324.2 -162.8
21 67.3 -350.7
22 208.8 332.4
23 302.4 478.3
24 376.5 237
25 600.9 -244.5
26 -211.4 -450.1
27 170.7 210.3
28 -614.7 4
29 -697.4 37
30 -483.3 -504.9
31 61.6 -311.7
32 591.5 -141.3
33 686.8 -31.7
34 366.4 -263.6
35 261.7 588.5
36 565.8 175.5
37 -578.3 218.5
38 171.6 425.5
39 365.4 621.6
40 393.7 -139.5
41 133.8 303.4
42 483.4 665.8
43 529.4 666.5
44 702.5 -237.1
45 43 266.5
46 337.3 611.7
47 -378.4 296.1
48 -239.1 -368.3
49 757.1 -490.9
50 694.4 -133.9
51 -426.3 279.5
52 5.4 -169.1
53 -452 -344.8
54 -225.8 53.7
55 360 288.4
56 -495.4 252.8
57 291.6 496.9
58 -536.2 235.7
59 726 -441.9
60 713.9 -389.1
61 -113.9 400.3
62 -51.6 458.5
63 384.6 508.5
64 427.7 108.5
65 441.6 5.7
66 392.5 189.3
67 290.7 -84.9
68 290.8 -64.2
69 -419.7 -433.9
70 -327.9 -401.2
71 -391.5 -508.1
72 524.5 172.3
73 502.3 231.2
74 6.1 357.7
75 -49.2 -298.3
76 43.4 -265.8
77 -17.5 -376.6
78 -110.5 -408.9
79 677.6 76.6
80 622.9 72.2
81 578.6 14.4
82 582.8 -39.1
83 -732 -363.7
84 -639.6 -315
85 97 394.1
86 -763.3 -334.6
87 -11.2 138.1
88 -104.2 100.5
89 92.7 -136.9
90 -296.3 -487.4
91 -608.5 83.9
92 -639.3 67
93 -583.7 16.5
94 549.8 382.8
95 559.3 275
96 -17.7 416
97 357.4 -41.9
98 188.3 -100.7
99 81.5 174.4
100 710.2 -339.2
101 422.1 -378
102 352.4 -357.1
103 -47.5 230.7
104 -139.8 193.8
105 -503.5 -501
106 -690.9 -402.4
107 -606.4 -194.2
108 255.2 244
109 -173.1 285
110 -226.3 159.2
111 460.1 -48.3
112 498.6 -145.1
113 534.5 -42.7
114 535.9 561.5
115 542.8 480.6
116 -140.5 -332.3
117 -177.1 -239.4
118 -519.6 -160.8
119 63.6 483
120 147.2 488
121 50.2 517
122 635.5 -448.3
123 489.9 -400.1
124 190.9 -211
125 230.4 -207.9
126 -361 -310.2
127 -378.5 -264.6
128 -283.1 32.1
129 -569.5 -288.6
130 -315.9 123.6
131 -552.6 -69.4
132 -785.4 -261.7
133 -826.6 -79.3
134 -703.7 -230.5
135 -191.4 67.2
136 -348.3 214.4
137 -439.3 -238.5
138 -484.8 -255.7
139 532 11
140 -641.7 -102.8
141 -86.3 -204.1
142 -737 -139.6
143 -292 329.7
144 -204.4 365.8
145 -262.2 248.1
146 -233.5 -15.4
147 -273 -8.4
148 527.2 118.4
149 -786.4 -1
150 -845.3 -26.8

# Edges
0 1
0 13
0 63
0 115
1 22
1 23
1 55
2 13
2 24
2 73
3 8
3 149
3 150
4 5
4 6
4 84
5 6
5 53
5 129
6 30
6 69
6 105
7 74
7 103
7 109
8 9
8 29
9 37
9 91
10 11
10 76
10 89
10 124
11 16
11 31
12 36
12 80
12 148
13 55
13 94
14 15
14 133
14 142
14 149
15 28
15 29
15 140
16 21
16 102
17 18
17 19
17 101
17 102
17 123
18 25
18 34
18 112
19 25
19 60
19 100
20 34
20 40
20 67
20 125
21 31
21 77
22 38
22 41
22 108
23 38
23 57
23 63
24 55
24 66
25 32
25 44
26 48
26 78
26 90
27 41
27 68
27 99
27 108
28 92
28 93
29 92
29 149
30 71
30 105
31 76
32 50
32 82
32 112
33 50
33 79
33 82
34 125
35 46
35 57
35 121
36 72
36 95
37 58
38 85
38 120
39 42
39 46
40 97
40 112
41 45
41 85
42 43
43 114
44 50
44 100
45 74
45 99
45 103
46 63
47 51
47 136
47 143
48 70
48 116
49 59
49 122
51 56
51 58
52 76
52 88
52 89
52 141
53 69
53 126
53 138
54 128
54 135
54 146
55 108
56 58
59 60
59 122
60 100
61 62
61 144
62 96
62 121
63 114
64 65
64 66
64 148
65 97
65 111
65 139
66 73
67 68
67 125
68 97
68 98
69 70
69 71
70 90
70 126
71 90
72 73
72 148
73 95
74 85
74 96
75 76
75 77
75 116
75 141
77 78
78 116
79 80
80 81
81 82
81 139
82 113
83 84
83 86
83 106
84 129
84 134
85 119
86 132
87 88
87 89
87 99
87 103
88 104
88 135
89 98
91 92
91 93
93 130
93 131
94 95
94 115
96 119
97 108
98 99
98 125
101 102
101 123
103 104
104 109
104 110
105 106
107 118
107 129
107 134
107 140
109 144
109 145
110 130
110 135
110 145
111 112
111 113
112 113
113 139
114 115
116 117
117 126
117 141
118 131
118 138
119 120
119 121
122 123
124 125
126 127
127 137
128 130
128 131
128 147
129 138
130 136
131 140
132 133
132 134
133 150
134 142
135 141
136 145
137 138
140 142
143 144
143 145
146 147
149 150
