# Nodes
0 -118.2 -0.1
1 -117.6 -316
2 -1046.1 1020.1
3 -352.8 -298.5
4 231.5 -278.4
5 318.5 -286
6 293.5 -229.5
7 1620.3 -270
8 1664.7 -329.6
9 1541.6 -260
10 1570.7 -176.2
11 209 -276.8
12 163.7 -238.3
13 153.1 -354.1
14 -443.2 -298.5
15 1498.2 -248.8
16 1497.5 -203.4
17 1056.2 -229.1
18 1059.2 -193.9
19 1135 -244.6
20 966.7 -209.5
21 1216.1 -206.1
22 1296.5 -172.9
23 938 -206.8
24 876.5 -202.5
25 -621.3 -273.6
26 1138.2 -200.2
27 1218.4 -168.1
28 1211.5 -261.5
29 1140.1 -160.6
30 1536.6 -193.9
31 1060.9 -160.5
32 295.5 -208.4
33 441.1 -180
34 969.5 -161.3
35 1495.4 -134.6
36 -621.9 -297.7
37 1522 -133
38 1491.6 -26.1
39 1615.2 -125.2
40 1677.6 -160.4
41 1566 -129.2
42 1562 -87.6
43 1615.8 -150.9
44 1845.9 -10.3
45 1558.5 147.3
46 1489.2 12.1
47 -532 -272.6
48 1403.3 -3.4
49 1305.7 -83.8
50 1233.5 26.8
51 1853.9 88.7
52 1072.2 85.9
53 1070 40.3
54 1136.5 80.3
55 993 92.5
56 1912.1 120.4
57 191.6 145.4
58 -711.6 -274.1
59 185.6 76.8
60 1621.7 127.7
61 1565 189
62 1570.8 227.7
63 1508.8 202.1
64 1450.4 214.8
65 1457.1 253.4
66 1356.2 235.1
67 1327 151.5
68 1577.3 270.7
69 -713.7 -298
70 1521.1 281.1
71 1585.7 326
72 1464 291.7
73 1471.9 346.2
74 1377.8 308.3
75 1866.3 297.8
76 1903.8 295.5
77 1772.3 305.2
78 1866.9 377.9
79 1529 336.1
80 -801.8 -276.1
81 1598.7 430.1
82 1910.7 377
83 1771.6 381.3
84 1867.1 419.8
85 320.3 864.2
86 462.6 855.5
87 322.4 1035.5
88 270 1093.9
89 2070.6 1523.6
90 722.2 -52.7
91 -802.5 -299.2
92 725.2 -2.9
93 1770.5 420.6
94 -400.6 -1555.6
95 -335.4 -1510.7
96 -329.8 -1468.5
97 -348.7 -1565.6
98 -299.2 -1517.2
99 -200.8 -1530.7
100 -144.9 -1290.2
101 -349.2 -1273.3
102 -802.3 -193.8
103 549.2 -1243.6
104 698.7 -1003.1
105 -8.7 -944.3
106 56.6 -951.6
107 607.8 -846.6
108 618 -774.5
109 576.1 -768.3
110 527.8 -792.9
111 972.3 -112.7
112 878.3 -156
113 -1049.2 927.7
114 -892.3 -278.4
115 1559.7 -64.9
116 988.3 47.9
117 1064.4 -70.6
118 1185.5 31.1
119 895 54.9
120 451.2 -392.1
121 531.8 -406.7
122 534.5 -362.5
123 -1222.7 -1231.4
124 -1193.5 -1285.1
125 -892 -195.6
126 -599.6 -1366.4
127 -644.1 -1362
128 -549.1 -1262.2
129 -1053.7 339.5
130 -863.7 -1535.2
131 -881.7 -1497.5
132 -823.2 -1518.6
133 -180.6 840.4
134 -182.5 903.7
135 -105.1 575.2
136 -1165.1 -277.9
137 -48.6 839.2
138 -97.7 467.2
139 -36.9 524.8
140 -700.1 -1355.5
141 -688.4 -1275.8
142 -549.4 -1282.8
143 -1158.5 -1281.7
144 -647.7 -1444.5
145 -680.3 -1358.4
146 -266.3 -1629.4
147 -1162.3 -197.3
148 -316.5 -1619.9
149 -308.9 -1573.2
150 -360.9 -1611.8
151 -553.9 -1540.6
152 -253.6 -1478.2
153 51.2 17.2
154 -15 21.4
155 56.7 85.1
156 61.9 152.2
157 64.8 234.4
158 -1296.6 -270.4
159 68 321
160 -17 239.8
161 -262.9 -1530.2
162 1787.1 -336.4
163 693.8 -325.3
164 703.5 -244.9
165 736.1 -371.1
166 633.7 -320.7
167 635.6 -239.8
168 538.1 -313.2
169 -1296.8 -298.4
170 1616.4 -178.1
171 1673.5 -185.1
172 665.3 -188.2
173 1300.3 -129.8
174 1221.7 -126.8
175 1143 -122.3
176 1062.7 -118
177 881.9 -107.5
178 885.1 -64.2
179 667.6 -145.1
180 -1211.5 -275.9
181 643.6 -144
182 1225.7 -76.7
183 1146.8 -70.5
184 974.7 -70.7
185 407.5 -81.1
186 303.8 -75.6
187 644.9 -100.5
188 1234.5 113.3
189 1189.9 74.5
190 470.7 258.1
191 -1293.5 -196.1
192 530.3 256
193 523.9 291.8
194 518.3 327.7
195 1538.6 409.6
196 1464.2 407.9
197 482 -826.4
198 522.4 -832.5
199 -86.4 -697.1
200 -73 -375.3
201 482.9 1297.6
202 -622.4 -327.1
203 570.7 1347.5
204 1371.4 268.1
205 -13.6 71
206 226.4 -356.9
207 367 -214.7
208 323.6 -210.9
209 1943.9 291.7
210 1950.1 325.5
211 1906.8 328.1
212 -81.7 -593.7
213 -802.7 -329.3
214 320.3 -259.8
215 724.2 -498.1
216 667.8 -492.9
217 683.8 -371.7
218 584.4 -414
219 556.3 -411.7
220 561.9 -542.5
221 529.5 -435.4
222 659.3 -322.7
223 1523.6 -165.3
224 -1060.5 560.1
225 -894.3 -301.5
226 627.3 422.2
227 -52.8 439.2
228 -74 439.3
229 2031.4 1918.5
230 -171.4 481.3
231 -1075.7 -14.6
232 -1079.9 -333.3
233 -1164.7 -300.4
234 -710.5 -105.6
235 -620.4 -193.2
236 -893 -107.5
237 -892.5 -14.8
238 -1078.6 -107.7
239 -1158.9 -107.4
240 -1156.5 -14.6
241 -1063.4 465
242 -1208.3 -107.2
243 -1209.5 -197
244 -1288.5 -106.3
245 -1285.6 -13.2
246 -533 -326.7
247 -532.4 -297.9
248 -443.2 -327.3
249 -534 -372
250 -623.2 -373
251 -547.3 -1195.8
252 -1068.5 253.5
253 -547 -1172.2
254 -594 -1194.7
255 -626 -640.5
256 -714.6 -638.6
257 -627.6 -732.4
258 -625.3 -550.3
259 -714.2 -550.5
260 -624.2 -460.6
261 -534.9 -460.9
262 -713.1 -373.8
263 -1071 164.2
264 -805 -550.8
265 -713.4 -460.6
266 -895.9 -550.5
267 -806 -639.9
268 -444.4 -460.2
269 -894.3 -462.8
270 -894.9 -375.8
271 -804.6 -461.9
272 -803 -374.9
273 -713.9 -328.7
274 -1073.4 78.9
275 -894 -331.6
276 -1080 -379
277 -537.8 -640.8
278 -535.6 -550.6
279 -1368.8 -774.1
280 -1321.1 -157.4
281 -938.4 -1177.3
282 -1112.4 -1176.5
283 470.9 632.7
284 317.9 636.2
285 -1080.2 -196.5
286 464.5 707.2
287 470.6 909.9
288 321 917.3
289 460.1 983.5
290 559.2 901.8
291 848.7 615.5
292 466.7 442.7
293 317.4 565.6
294 214.5 637.9
295 1321.1 487.8
296 -1080.3 -279.2
297 834.5 413.2
298 787.4 885.2
299 727.5 1180
300 937 1426.5
301 550.1 1199.5
302 753.7 1394.6
303 213.6 1042.7
304 215 989.1
305 214.8 1098.1
306 265.5 1039.3
307 -1077.9 -999.4
308 1519.7 1541.9
309 1528.9 1520.7
310 1589.1 1618.4
311 1468.7 1531.4
312 834.9 1413.6
313 211.3 567.8
314 214.5 714.6
315 77.3 639.7
316 318.5 711.5
317 316.5 427.6
318 -125.2 -533.7
319 -1166.1 -1001.5
320 312.7 306.9
321 206.6 410.9
322 208.6 455.5
323 209 517.6
324 71.6 417.3
325 199.5 312.4
326 214.5 925.9
327 214.5 871.4
328 86.3 938.8
329 -975.9 436.1
330 -1083.3 -1062.4
331 832.6 388.8
332 801.6 390.3
333 813.6 104.6
334 588.9 382.6
335 1361.3 435.3
336 739.5 1442
337 -459.7 -1165.7
338 -546 -1077.8
339 -717 -1191.2
340 -717.3 -1253.1
341 -1086.7 -301.8
342 -1074.1 -1185.2
343 -595.7 -1260.1
344 -596.3 -1281.2
345 -688.9 -1254.2
346 -1033.6 1641.9
347 -962.2 1629.2
348 -1034.8 1529.5
349 -1131.4 1650
350 -781.2 1598.4
351 -871.4 1611.8
352 -1107.6 -1434
353 -691.7 1591.5
354 -314.2 1483.5
355 -360.7 1503
356 -282 1461.9
357 428.2 -420
358 431.5 -319.9
359 450.9 28.2
360 459.3 65
361 460.5 509.3
362 461.2 561.9
363 -1159.3 -1346.4
364 317.1 514.3
365 -150.9 -1012.5
366 -176.4 -1011.3
367 -162.7 -1066.8
368 74.5 521.9
369 -521 647.8
370 -520.5 739.2
371 -430.2 646.9
372 -610.8 648.1
373 -1058.6 651.4
374 -97.4 -938.7
375 -1052.3 838.2
376 -1206.8 921.1
377 -1273.4 923.4
378 -1201.1 841.4
379 655.9 -1268.5
380 550.1 -1264.8
381 323.6 -1218.4
382 214.3 -1220.8
383 -688.8 -1191.5
384 51.1 -1217.9
385 -94.2 -873.2
386 -285.6 1385.8
387 -301.5 1442
388 -213.8 1383.8
389 -282.7 1344.1
390 -240 1429
391 -323.4 1455.2
392 -370.4 1464.6
393 -261.4 964.1
394 -184.6 963.7
395 -259.2 917.9
396 -130.4 -939.3
397 -460.7 -1199.9
398 803.5 -10.1
399 732.1 110.4
400 897.9 100.5
401 460.6 129.4
402 572.5 122.2
403 454.5 212.7
404 465.4 394.1
405 471.8 294.2
406 -1407.5 -923.9
407 -50.9 -942
408 -1392.9 -825.3
409 -1341.3 -932.1
410 -1320.2 -933.7
411 -1292.8 -933.8
412 -1322.7 -1006.8
413 -1269.8 -1009.4
414 -1166.2 -927
415 -1166 -881.5
416 -1078.2 -921.9
417 -543.4 -926.5
418 -66.9 -1191.3
419 -452.7 -930.6
420 -541.8 -824.6
421 -278.1 -936.7
422 -177 -939.1
423 -280.5 -1005
424 -284.7 -1386.8
425 -392.9 -1381.4
426 -292.8 -1473.2
427 -276.7 -1208
428 -276.3 -1181.7
429 -143.2 -914.6
430 -31.6 -1191.4
431 -278.9 -1280.2
432 -346.8 -1206.7
433 -247 645
434 -251.2 552
435 -175.5 644.8
436 -341.1 646
437 -514 1493.4
438 -512.8 1566.1
439 -602.3 1509.1
440 -410.4 1472.1
441 -68.5 -1213.8
442 -423.9 1400.5
443 -280.6 1297.7
444 -277 1237.7
445 -211.6 1286.8
446 -336.6 1304.4
447 -190.7 1283.1
448 -190.3 1324.9
449 -267.8 1095.8
450 -263.9 1009.9
451 -187.8 1086.7
452 -136.9 -1211.4
453 -53.1 1070.2
454 -189 1145.9
455 -186.2 1022.7
456 -170.9 -833.5
457 163.8 -189.7
458 297.7 -182.4
459 -24.7 -265.2
460 165.6 -216.4
461 445.4 -420.6
462 419.1 -657.2
463 -69.9 -1241.4
464 451.5 -658.6
465 386.3 -900
466 -185.6 -1187.8
467 -183.9 -1162
468 -186.8 -1209.8
469 -133 -1180.1
470 347 -1223
471 335.2 -1151.1
472 417.2 -1224.5
473 -363.4 -1000.3
474 -523 432.3
475 -1076.9 -1334
476 466.5 29.3
477 469.6 -75.9
478 -82.2 -459.3
479 -31.1 -459.7
480 -75.3 -433.7
481 -146.4 -458.6
482 -155.2 -554.4
483 -148.6 -369.5
484 43.9 -111.3
485 -522.7 489.7
486 48 -44.4
487 -19.3 -106.8
488 442.1 -133.2
489 302.1 -127.9
490 442.5 -84
491 35.9 -263.4
492 160.6 -273.3
493 39 -194.2
494 1358.7 413.3
495 1187.8 404.9
496 -613.5 432.7
497 1760.9 434.4
498 1563.9 439.1
499 466.9 -134
500 558.3 -56.5
501 172.5 -119.4
502 175.8 -44.7
503 564.1 22.8
504 726.8 22.4
505 -611.8 -1510.2
506 -618.1 -1553.4
507 -524.5 336.4
508 -735.1 -1506
509 -553.2 -1512.9
510 -731.4 -1547.1
511 -186.8 -1420.7
512 -198.2 -1485.2
513 -739.8 -1450.4
514 -700.1 -1443
515 -553.4 -1457.4
516 -283.6 -1355.8
517 -154.1 -1429.4
518 -433.7 335.7
519 -604.7 -1455.2
520 -1161.8 -1161.5
521 -1164.4 -1097.9
522 -1074 -1162.9
523 1317.5 59.1
524 1322 110.3
525 1415 34
526 1230 70.4
527 1314.4 17.6
528 -1035.2 1441.3
529 -525.7 249.3
530 -1234.7 1642
531 -1313.8 1440.7
532 -1234.4 1443.8
533 -1327.3 1529.7
534 -1233.8 1400.4
535 -1144.7 1444.5
536 -1035.8 1397.8
537 -1234.5 1531.1
538 -1333.6 1630.8
539 -1231.7 1187.5
540 -437.7 -1187.6
541 -617.3 249.9
542 -1287.5 1182
543 -1221.3 1111.3
544 -1055.4 743
545 2097 1635.3
546 2099.2 1657.8
547 1877.2 1629
548 1810.7 1630.6
549 1822.5 1433.6
550 195.8 226.8
551 214.3 772.4
552 -526.4 162.8
553 214.6 818.7
554 319.1 766.8
555 81.4 779.2
556 460.9 -1231.2
557 500.7 -1237
558 468.2 -909.6
559 375.3 -1019.6
560 548.1 -660.2
561 589.4 -662.1
562 557.9 -609.6
563 -436.6 161.7
564 532 -762.5
565 495.6 -659.7
566 565.2 -478.4
567 464.8 -179.3
568 552.2 -137.9
569 548.9 -181.3
570 -152.7 -1376
571 -84.6 -1435.9
572 -504.6 -1450.6
573 -395.7 -1459.5
574 -527.7 73.9
575 -506.7 -1542.6
576 -809.7 -917.8
577 -716.2 -918.7
578 -715.4 -820.3
579 -629.7 -922.8
580 -896 -1164.7
581 -631.2 -1169.5
582 -591.9 -1170.5
583 -378.8 -1205.3
584 -380.7 -1270.6
585 -618.1 74.5
586 -1086 -553.5
587 -1164.4 -331.6
588 -1079.5 -465.1
589 -1078.7 -816
590 -1082.7 -871.8
591 -801.4 -106.1
592 -710.7 -193.9
593 -892 76
594 -800.3 -14.7
595 -799.1 76.3
596 -529.1 -14.9
597 -709.1 -14.6
598 -618.5 -15
599 -890.4 163.8
600 -797.9 163.5
601 -708.6 75.6
602 -889 252.2
603 -795.9 251.5
604 -707.9 163.1
605 -617.7 163.2
606 -793.9 338.1
607 -440.3 -14.5
608 -791.8 433.9
609 -705.7 337.3
610 -1164.9 -643.3
611 -1164.9 -554
612 -1270 -639.2
613 -1164.2 -467
614 -1164.2 -379.8
615 -1322.9 -735.2
616 -1279.4 -735.3
617 -1331.7 -820.7
618 -530.5 -103.5
619 -1262.8 -555.1
620 -1308.9 -594.7
621 -1148.2 80
622 -1206.3 -14.3
623 -1191.2 438.5
624 -1197.2 254.2
625 -1265.1 438.8
626 -1329.7 165.6
627 -1282.6 164.7
628 -1332.2 63.3
629 -619.3 -105
630 -1344.2 -267.7
631 -975.1 493.4
632 -884.3 492.3
633 -790.5 492.1
634 -884.3 558.3
635 -703.2 491.4
636 -790.1 557.5
637 -612.9 490.4
638 -703.8 433.3
639 -970.1 741
640 -530.9 -192
641 -973.9 650.3
642 -880.7 739.8
643 -877.4 835.2
644 -789 738.5
645 -786.3 835
646 -786.6 925.5
647 -698.2 834
648 -877.7 924.4
649 -965.2 926.3
650 -876 1017.7
651 -185.4 -1571.4
652 -442.9 -191.6
653 -788 1015.3
654 -697.5 923.6
655 -608.1 923.6
656 -609.4 832
657 -785.9 1107.6
658 -697.3 1014.5
659 -607.6 1013.8
660 -519 1013.2
661 -962.9 1110
662 -962.9 1019.8
663 -432.9 432.1
664 -875.1 1108.8
665 -874.5 1198
666 -696.5 1106
667 -607.1 1104.9
668 -518.2 1104.6
669 -964 1527.8
670 -964 1438.2
671 -963.6 1196.8
672 -874.1 1271.8
673 -873.6 1348.4
674 -435.2 248.6
675 -785.3 1269.7
676 -872.7 1434.7
677 -873.1 1523.2
678 -784.3 1430.9
679 -786.4 1197
680 -782.7 1518.9
681 -693.1 1425.1
682 -699.5 1195.5
683 -693.1 1381.5
684 -604 1418.4
685 -343.6 334.8
686 -692.3 1513.8
687 -606.6 1197.2
688 -607.4 1263.3
689 -517.6 1250.2
690 -606.6 1325.6
691 -694.4 1335.1
692 -1296.4 1267.6
693 -1269.8 745.8
694 -1273.8 840.7
695 -1197.3 744.5
696 -345.8 161
697 -1268 656.5
698 -1193.9 652.1
699 -1211.6 1010.2
700 -1144.1 1011.7
701 -1192.1 560.1
702 -1152.6 651.7
703 -352.9 -370.8
704 -443.1 -369.7
705 -353.2 -325.6
706 -359.4 -733.6
707 -438.8 73
708 -270.6 -736.1
709 -357 -642
710 -360.4 -827
711 -450.8 -825.7
712 -446.5 -641.3
713 -448 -732.6
714 -160.5 -643.2
715 -265 -552.1
716 -446.3 -550.3
717 -354.1 -459.5
718 -442 -103.4
719 -266.2 -458.9
720 -165.9 -739.2
721 -273.7 -829.8
722 -381.2 -1171.8
723 -345.8 -1178.8
724 -374.7 -1063.7
725 -331.8 1390.8
726 -331.8 1348.6
727 -426.3 1312.2
728 -428.1 1241.6
729 -351.2 -14.6
730 -517.2 1321.6
731 -341.1 1239.4
732 -428.6 1193.5
733 -429.4 1103.3
734 -518.3 1197.6
735 -341.3 1191.9
736 -430.1 1011.5
737 -338.8 1100.8
738 -430.1 921
739 -431.1 829.3
740 -444.2 -271.7
741 -519.4 922.3
742 -340 920.1
743 -339.9 1010.6
744 -432.3 488.5
745 -342.4 552
746 -252.9 486.2
747 -340 827.7
748 -254.5 826.5
749 -1161.3 -1183.2
750 -1159.7 -1230.9
751 -353.4 -190.5
752 335.4 1224.1
753 280.2 1228.5
754 330 1146.4
755 338.5 1273.8
756 464.2 760.1
757 325.6 1089.6
758 456.7 1136
759 319.9 812.4
760 463.5 804.4
761 101.8 1385.3
762 -1036.2 1354.8
763 -352.6 -270.4
764 97.2 1342.2
765 -48.2 1390.4
766 229.3 1367.9
767 307 138.3
768 305.3 69.4
769 -27.6 440.9
770 303.4 2.1
771 301.8 -44.8
772 179.7 9.5
773 414.1 64.7
774 -264.3 -269.5
775 309.4 220.2
776 455.4 297.2
777 362.7 -289.8
778 223.7 -1202.6
779 99.7 -1196.3
780 104.9 -1133.6
781 21 -1193.4
782 -28.5 -1123.8
783 747.7 -668.5
784 635 -665.4
785 -352.5 -103.5
786 738 -746.7
787 756 -573.2
788 792 -151
789 788.5 -198.1
790 799.7 -56
791 838.3 -153.7
792 716.8 -147.4
793 1862.5 -162
794 1841.9 -214.4
795 438.9 -221.1
796 -263.7 -190.6
797 1710.1 -273.4
798 1666.3 -271.8
799 1723.3 -224.7
800 1805.6 -280.1
801 1620.5 -44.3
802 1624.3 -21.4
803 1615.3 -75.4
804 1558.1 -43.6
805 1690.2 -62.5
806 1694.2 -28.2
807 -349.1 73.2
808 1685.7 -99.4
809 1757.2 -76.7
810 1763.1 -43.2
811 1749.7 -112.1
812 1803.8 -87
813 1711 145.3
814 1776.1 137.7
815 1706.6 100.6
816 1713.8 172
817 1634.3 197.5
818 -262.3 -14.7
819 1718.2 213.2
820 1782.3 220.8
821 1865.5 212.1
822 1777.8 262.7
823 1866 254.1
824 1858.4 127.2
825 1932.5 206.6
826 1777 -232.1
827 1670 -218.1
828 1742.8 -144.7
829 -254.6 160.6
830 1791.4 -151.1
831 1681.8 -135.1
832 -1274.4 -1068.8
833 -1164.8 -1064.6
834 224.5 438.2
835 312 432.9
836 -50.6 951.8
837 -49.4 891
838 -47 781
839 -45.8 720.9
840 -342.8 246.9
841 -231.1 759.2
842 -250 739.8
843 -178.5 747
844 457.6 1269.3
845 472.1 1340.9
846 475.8 996.1
847 556.2 997.6
848 465.8 1205.5
849 191.8 428.1
850 -120.3 112.3
851 -252.7 334.5
852 -461.6 454.2
853 -1291.7 -889.4
854 -1287.2 -820.7
855 -1337.1 -889
856 -1376.2 -665.8
857 -1370.2 -583.8
858 -1357 -468
859 -1303.1 -468.9
860 -1338.6 -107.2
861 -1334.8 -12.7
862 -343.3 430.9
863 -1325.2 316.2
864 -1327 254.3
865 -1327.8 230
866 -1382.6 -738.7
867 -1350 -327.7
868 -1209.4 -330.9
869 -1296.5 -328.6
870 -1298.9 -381.9
871 -1305.8 239.2
872 -1299.2 679.4
873 -1036.8 1272.1
874 -342.9 487.6
875 -1394.6 -938.9
876 -1165 -734.1
877 -1078.9 -733
878 -1313.8 33.2
879 -1310.1 114.5
880 -1036.5 471.1
881 -1272.7 1010.3
882 -1233.7 1269.7
883 -1305.8 1351.8
884 -1310.1 1399.7
885 -166.8 334.4
886 -1140 1532
887 -1141.5 1111.5
888 -1142.5 1189.7
889 -1143.4 1271
890 1978.9 203.6
891 1978.5 226.6
892 2014.5 109.1
893 2013.5 80.6
894 2004.1 226.5
895 1825.9 -236.9
896 -250 245.5
897 1842.3 -55.6
898 1838.1 -93.7
899 1878.6 -62
900 1699.4 14.6
901 1935.7 247.9
902 1770 3.5
903 1870.9 -100.6
904 1829.6 -156.6
905 804.4 1471
906 1186.8 316.7
907 -259.1 72.7
908 1170.5 115
909 1353 363.5
910 1347.3 314.3
911 -1129.6 840.5
912 -1137 927.8
913 -1140.8 164.6
914 -1137.9 253.7
915 -1199.6 164.7
916 -1202.6 80.9
917 -1210.1 -380.3
918 -153.4 161.8
919 -1144.3 1356.1
920 -1144.3 1400.1
921 -1233.3 1355.5
922 -1279.9 1109.6
923 359.8 -1017.2
924 447.2 -1029.8
925 359.1 -1154.5
926 265.1 -889.3
927 501.3 -1257.6
928 459.3 -1251.3
929 -263.5 -104
930 406.1 -1242.9
931 -341.3 691.3
932 -340.6 737.1
933 -430.9 692.6
934 184.3 -1219.9
935 120.5 -1220.3
936 -1033.3 459
937 -457.6 466
938 -213.8 896.5
939 -206.6 613.7
940 -148.6 -14.4
941 -214.6 939
942 -219.2 1100.2
943 -230 1472.3
944 1945.9 -222
945 1818.5 -278.6
946 1902.6 45.8
947 1887.1 -63.5
948 2010.7 37.4
949 1905.5 90.4
950 1851.9 50.5
951 -147 -190
952 1958.9 326.6
953 1916.6 94.3
954 1411.8 415.5
955 1760.5 425.9
956 311.1 421.8
957 1434.5 413.1
958 -362.6 -933.8
959 -629.4 -822.6
960 -539.7 -733.5
961 -266.7 -642.4
962 -146.8 -265.3
963 -355.6 -550.9
964 -265.4 -369.5
965 -147.1 -325.3
966 -265.6 -326.1
967 -265.7 -298.2
968 -1078.3 -1229.5
969 -1077.1 -1275.4
970 -725.1 -1353.1
971 -162.5 -1557.5
972 -202.6 -1555.2
973 -147.7 -102.8
974 375.4 -655.7
975 418.3 -553
976 -30.4 -434.1
977 30.9 -378.3
978 1918.6 -340.3
979 1882.8 -341.8
980 1399 -300.2
981 1452.3 -311.2
982 1288.2 -277.3
983 1408 -226.7
984 -1039.9 1194.7
985 -150.8 72.6
986 1477.7 -317.3
987 1499.8 -321.2
988 -81 -1383.6
989 -74.1 -1295.8
990 -44 642.3
991 -107.2 643.5
992 -40.3 574.8
993 -551.5 -1367.8
994 -544.1 -991.8
995 -471.8 -1588.5
996 -161.2 244.8
997 -396.8 1518.1
998 -600.6 1582
999 -187 1388.9
1000 -49.1 1310
1001 681.6 1405.5
1002 223.1 1282.6
1003 472.3 1418.7
1004 1867.4 1639.7
1005 1798.5 1832.3
1006 189 -683.6
1007 -104.2 161.9
1008 148.6 -682.8
1009 189.2 -712.7
1010 190 -650.2
1011 37.1 -748
1012 40.9 -681.5
1013 -42.7 -744.6
1014 114.1 -682.4
1015 108.1 -798.8
1016 -39.7 -677.2
1017 43.2 -647.5
1018 -169.8 427
1019 291.4 -713.7
1020 189.9 -803.5
1021 190.3 -889
1022 231.2 -1140
1023 137.2 -893
1024 102.4 -889.5
1025 143.5 -801.3
1026 127.5 -960.8
1027 557 -919.1
1028 598 -922.5
1029 -254.1 430.3
1030 511.3 -914.3
1031 567 -839.8
1032 541.8 -1044
1033 277.4 -809.3
1034 301.3 -653.9
1035 310.2 -548
1036 46.4 -601.5
1037 51.4 -526.8
1038 118 -607.3
1039 -36.7 -595.5
1040 -93.3 423.7
1041 31.9 -882.4
1042 63.6 -885.5
1043 -1.8 -879.3
1044 34.6 -797.1
1045 -88.4 -742.1
1046 -40.5 -699
1047 115.8 -649
1048 -38.8 -647
1049 -47.9 -875.4
1050 -84.5 -645.4
1051 -118.8 424.9
1052 -43.9 -794.6
1053 1778.3 54.3
1054 1781.1 90.3
1055 1554.7 -4.6
1056 856.3 -201.6
1057 707 -191.4
1058 780.6 -278.9
1059 -28.8 -376.6
1060 543.9 -233.2
1061 639.9 -186.7
1062 -70 -190.2
1063 1526.8 -323.2
1064 1600 -326.9
1065 1586.4 -267.3
1066 669 -1192.2
1067 -896.7 -917.2
1068 -897 -816.7
1069 -896.1 -732.6
1070 -807 -732.6
1071 -895.5 -640.9
1072 -1078.7 -641.1
1073 -70.4 -103.9
1074 -714.7 -732.7
1075 -1165.9 -817.9
1076 -1083.3 -1096.1
1077 -1279.7 260
1078 -1283.2 82.5
1079 -1265.4 491.8
1080 -1259.8 -468.6
1081 -1307.1 -554.2
1082 -589.8 -1077.2
1083 -630 -1112.3
1084 -21.9 -191.7
1085 -589.6 -1112.9
1086 -344.2 -1065.5
1087 -344.7 -1092.8
1088 -285.5 -1068.4
1089 -276.2 -1147.7
1090 -454.6 -995.7
1091 113.6 -1040.4
1092 42.5 -1034
1093 108.4 -1090.3
1094 -122 -1116.4
1095 -1042.7 1109.8
1096 -71.4 -15.5
1097 -54.7 -1023.9
1098 -102.5 -1017.7
1099 -61.5 -1121.7
1100 -281.1 -1099.2
1101 -175.2 -1110.8
1102 -456.1 -1058.7
1103 32.2 -1080.9
1104 26.6 -1128.4
1105 -18.3 -1027.7
1106 -23.3 -1074.6
1107 -72.7 72.4
1108 -808.4 -818.5
1109 -706.8 250.7
1110 21.7 464.2
1111 -615.4 336.3
1112 -884.8 434.6
1113 1965.1 429
1114 1913.5 419.7
1115 2047.9 1396
1116 -887 338.3
1117 -252 516.2
1118 -16.2 -16.4
1119 -1152.4 491.3
1120 -1152.9 559.7
1121 -522.2 555.5
1122 -612.5 555.1
1123 -1266 560.2
1124 -432.1 554.1
1125 -431 738.3
1126 -700.1 740.3
1127 -702.3 648.5
1128 -610.1 739.9
1129 -75 161.3
1130 -519.6 830.6
1131 -967.2 836.3
1132 -1192.3 492.2
1133 -273.1 1190.2
1134 -786.1 1343.7
1135 -697.1 1265.3
1136 -516.1 1366.2
1137 -515.3 1410
1138 -606.1 1374.3
1139 -425.2 1356.6
1140 -78.8 243.6
1141 -703.3 556.7
1142 -790.3 648.9
1143 -883.2 648.9
1144 -784.8 1388.4
1145 -963.9 1353.3
1146 -873.2 1392.3
1147 -974.4 558.3
1148 -964 1396.1
1149 -963.7 1272.3
1150 -50.2 1263.2
1151 -11.2 156.8
1152 -51.7 1189.8
1153 167 1286.7
1154 219.9 1234.8
1155 90.5 1293.1
1156 214.2 1155.4
1157 84.4 1247.2
1158 82.2 1173.7
1159 83.5 1112.6
1160 79.5 718.7
1161 76 570.8
1162 -84.7 331.5
1163 72.9 462.1
1164 85.7 993.1
1165 84.7 881.6
1166 -52.1 1128.7
1167 273.8 1150.6
1168 467 1026.2
1169 -190.6 1205.1
1170 84.6 1053.9
1171 457.7 1077.5
1172 -51.7 1007.6
1173 -23 327.3
1174 322.3 986.9
1175 602.2 -1184.1
1176 683.3 -1102.8
1177 559.3 -1179.3
1178 591.9 -1250.9
1179 622.4 -1057.6
1180 579.8 -1050.4
1181 513.3 -1173.7
1182 472.7 -1167.3
1183 425.7 -1162.5
1184 -70 -267.3
1185 688.6 -1065.7
1186 496.7 -1036.5
1187 707.7 -940
1188 149.6 -649.7
1189 560.8 -584.8
1190 376.6 -551.9
1191 194.8 -530
1192 121.5 -530.1
1193 150.9 -378.3
1194 -33.1 -523.5
1195 -146.9 -287.9
1196 -78.8 -522.2
1197 761.9 -501.5
1198 773.3 -366.6
1199 282 -361.6
1200 329.7 -366.1
1201 1925.8 -293.2
1202 1888.2 -287.5
1203 1236.6 -266.9
1204 1293.7 -212.6
1205 288.5 -283.2

# Edges
0 1
0 850
0 937
1 318
1 1007
2 113
2 662
2 700
2 1095
3 14
3 705
3 763
3 967
4 11
4 206
4 1205
5 214
5 777
5 1205
6 32
6 460
6 1205
7 170
7 798
7 1065
8 162
8 798
8 1064
9 15
9 1065
10 30
10 41
10 170
10 223
10 1065
11 12
11 492
12 460
12 492
13 206
13 492
13 1193
14 247
14 248
15 16
15 983
16 30
16 35
17 18
17 19
17 20
18 26
18 31
19 26
19 28
20 23
20 34
21 26
21 27
21 28
21 1204
22 27
22 173
22 1204
23 24
24 112
24 1056
25 36
25 47
25 58
25 235
26 29
27 29
27 174
28 1203
29 31
29 175
30 223
31 34
31 176
32 208
32 458
33 458
33 488
33 567
33 795
34 111
34 112
35 37
35 38
36 69
36 202
36 247
37 41
37 223
38 46
38 48
38 804
39 41
39 43
39 803
39 831
40 43
40 171
40 831
41 42
42 115
42 803
43 170
44 897
44 902
44 950
45 60
45 61
45 1055
46 525
46 1055
47 247
47 640
47 740
48 525
48 527
49 173
49 182
49 527
50 118
50 182
50 527
51 824
51 949
51 950
51 1054
52 53
52 54
52 55
53 116
53 117
53 118
54 189
54 908
55 116
55 400
56 824
56 825
56 949
57 59
57 156
57 550
57 767
58 69
58 80
58 592
59 155
59 768
59 772
60 815
60 817
61 62
61 63
61 817
62 68
62 817
63 64
63 70
64 65
64 66
64 525
65 72
65 204
66 67
66 204
66 910
67 524
68 70
68 71
69 91
69 273
70 72
70 79
71 79
71 81
72 73
72 74
73 79
73 196
74 204
74 910
75 76
75 77
75 78
75 823
76 209
76 211
77 83
77 822
78 82
78 83
78 84
79 195
80 91
80 102
80 114
81 93
81 195
81 498
81 954
81 1113
82 211
82 1114
83 93
84 93
84 1114
85 86
85 288
85 327
85 759
86 287
86 760
87 306
87 757
87 1168
87 1174
88 305
88 306
88 757
88 1167
89 545
89 1115
90 92
90 500
90 790
90 792
91 213
91 225
92 398
92 504
94 97
94 573
94 575
94 995
95 96
95 97
95 98
96 426
96 573
97 149
97 150
98 149
98 161
99 161
99 512
99 972
100 431
100 452
100 570
100 989
101 431
101 432
101 516
101 584
102 125
102 591
102 592
103 557
103 1177
103 1178
104 1185
104 1187
105 106
105 407
105 1043
105 1105
106 1026
106 1042
106 1092
107 108
107 1028
107 1031
108 109
108 784
109 561
109 564
109 1031
110 197
110 198
110 564
111 176
111 177
111 184
112 177
112 791
113 375
113 649
113 912
114 125
114 296
115 803
115 804
116 119
117 176
117 183
117 184
118 189
119 178
119 400
120 121
120 461
120 567
121 122
121 219
121 221
122 168
122 219
123 124
123 750
124 143
124 363
125 236
125 285
126 127
126 344
126 519
126 993
127 144
127 145
128 142
128 251
128 343
129 241
129 252
129 1116
130 131
130 132
132 513
133 134
133 137
133 843
134 394
134 837
135 138
135 435
135 991
136 147
136 180
136 233
136 296
137 837
137 838
138 230
138 769
139 368
139 769
139 992
140 141
140 145
140 514
140 970
141 344
141 345
142 344
142 993
143 750
143 969
144 514
144 519
145 514
146 148
146 149
147 239
147 243
147 285
148 149
148 150
151 509
151 575
152 161
152 426
152 512
153 154
153 155
153 486
153 772
154 205
154 1118
155 156
156 157
156 1151
157 159
157 160
157 550
158 169
158 180
158 191
158 630
159 324
159 325
159 1173
160 1140
160 1151
160 1173
162 800
162 945
162 979
163 164
163 165
163 217
163 222
164 167
164 1057
165 215
165 217
165 1198
166 167
166 168
166 217
166 222
167 1060
167 1061
168 1060
169 233
169 869
170 171
171 827
172 179
172 1057
172 1061
173 174
174 175
174 182
175 176
175 183
177 178
178 184
178 791
179 181
179 792
180 243
181 568
182 183
185 186
185 490
185 773
186 489
186 771
187 500
188 524
188 526
188 908
189 526
190 192
190 401
190 405
191 243
191 244
192 193
193 194
193 405
194 334
195 196
196 957
197 198
197 558
198 1030
198 1031
199 1045
199 1046
199 1050
200 480
200 1059
200 1184
201 203
201 845
201 848
202 246
202 250
202 273
203 845
203 1001
205 1107
205 1151
206 1199
207 208
207 777
207 795
208 214
209 210
209 901
210 211
210 1113
212 1039
212 1050
212 1196
213 272
213 273
213 275
215 216
215 1197
216 217
216 566
218 219
218 566
219 566
220 566
220 1189
221 566
224 241
224 373
224 1120
224 1147
225 275
225 341
226 297
226 769
226 835
227 228
227 769
228 1051
229 546
229 1005
230 746
230 1117
231 237
231 238
231 240
231 274
232 275
232 276
232 341
232 587
233 341
233 587
234 591
234 592
234 597
234 629
235 592
235 629
235 640
236 237
236 238
236 591
237 593
237 594
238 239
238 285
239 240
239 242
240 621
240 622
241 252
241 329
241 623
241 631
241 1119
242 243
242 244
242 622
244 245
245 622
245 861
245 1078
246 247
246 248
246 249
248 704
248 705
249 250
249 261
249 704
250 260
250 262
251 253
251 254
251 397
252 263
252 602
252 914
253 337
253 338
253 582
254 343
254 383
255 256
255 257
255 258
255 277
256 259
256 267
256 1074
257 959
257 960
257 1074
258 259
258 260
258 278
259 264
259 265
260 261
260 265
261 268
261 278
262 265
262 272
262 273
263 274
263 599
263 913
264 266
264 267
264 271
265 271
266 269
266 586
266 1071
267 1070
267 1071
268 704
268 716
268 717
269 270
269 271
269 588
270 272
270 275
270 276
271 272
274 593
274 621
276 588
276 614
277 278
277 712
277 960
278 716
279 280
279 875
280 858
280 878
281 282
281 540
283 284
283 286
283 287
283 291
283 292
283 362
284 293
284 294
284 316
285 296
286 316
286 756
287 288
287 289
287 290
287 846
288 326
288 1174
289 1168
289 1174
290 298
290 847
291 295
291 297
291 298
292 297
292 317
292 361
292 404
293 313
293 362
293 364
294 313
294 314
294 315
295 335
295 498
296 341
297 331
297 335
298 299
299 300
299 301
299 302
300 312
301 847
301 848
302 312
302 336
302 1001
303 304
303 305
303 306
303 1170
304 326
304 1164
304 1174
305 1156
305 1159
307 319
307 330
307 416
308 309
308 310
308 311
309 311
309 549
310 548
311 1005
312 905
313 323
313 1161
314 316
314 551
314 1160
315 990
315 1160
315 1161
316 554
317 320
317 321
317 322
317 364
317 404
318 396
318 429
319 413
319 414
319 833
320 325
320 775
320 776
321 322
321 324
321 325
322 323
322 1163
323 364
323 368
324 769
325 550
326 327
326 328
327 553
327 1165
328 836
328 1164
328 1165
329 631
329 1112
330 833
330 1076
331 332
331 333
331 334
331 495
332 769
332 956
333 398
333 399
333 400
334 402
334 404
335 494
335 497
335 498
336 845
336 905
336 1001
337 722
337 1102
338 994
338 1082
339 340
339 342
339 383
340 345
340 970
342 522
342 749
342 968
343 344
343 345
345 383
346 347
346 348
346 349
347 351
347 669
348 528
348 669
348 886
349 530
349 886
350 351
350 353
350 680
351 677
352 363
352 475
353 686
353 998
354 355
354 356
354 391
355 392
355 997
356 387
356 390
357 358
357 359
357 975
358 795
359 360
359 490
360 401
360 476
360 773
361 362
361 364
363 475
365 366
365 367
365 396
365 1098
366 367
366 423
367 1101
368 1161
368 1163
369 370
369 371
369 372
369 1121
370 1125
370 1128
370 1130
371 436
371 933
371 1124
372 1122
372 1127
372 1128
373 544
373 641
373 702
374 385
374 396
374 407
374 1098
375 544
375 911
375 1131
376 377
376 378
376 699
376 912
377 694
377 881
378 694
378 695
378 911
379 380
379 1066
379 1178
380 927
381 382
381 470
381 471
381 778
382 934
384 441
384 935
385 1045
385 1049
386 387
386 388
386 389
386 390
386 725
387 391
388 445
388 999
389 443
389 726
390 999
391 392
391 725
392 440
393 394
393 395
393 450
394 455
394 836
395 742
395 748
396 422
397 583
398 790
399 402
399 504
401 402
401 403
401 767
402 503
403 775
403 776
404 405
404 776
406 408
406 409
407 1049
407 1097
408 617
408 866
409 410
409 855
410 411
410 412
411 414
411 853
412 413
413 832
414 415
414 416
415 590
415 853
415 1075
416 590
416 1067
417 419
417 420
417 579
417 994
418 430
418 441
418 469
418 1099
419 711
419 958
420 711
420 959
420 960
421 422
421 423
421 721
421 958
422 456
423 473
423 1088
424 425
424 426
424 511
424 516
424 584
425 573
425 584
427 428
427 431
427 432
427 468
428 466
428 723
428 1089
429 540
429 651
430 781
430 782
431 516
432 583
433 434
433 435
433 436
433 842
434 745
434 1117
435 843
435 991
436 745
436 931
437 438
437 439
437 440
437 1137
438 997
438 998
439 684
439 686
439 998
440 442
440 997
441 452
441 463
442 725
442 1137
442 1139
443 444
443 445
443 446
444 731
444 1133
445 447
445 941
446 726
446 727
446 731
447 448
447 1150
447 1169
448 999
448 1000
449 450
449 451
449 737
449 1133
450 743
451 453
451 454
451 455
452 468
453 1166
453 1170
453 1172
454 1166
454 1169
455 1172
456 720
456 721
457 458
457 459
457 460
458 489
459 1059
459 1084
459 1184
461 462
461 476
462 464
462 465
462 974
462 975
463 989
464 565
465 558
465 559
465 923
465 926
466 467
466 468
466 469
467 469
467 1089
467 1101
469 1094
470 472
470 925
470 930
471 923
471 1022
472 556
472 1183
473 724
473 1090
474 485
474 496
474 507
474 663
475 969
476 477
477 499
477 500
478 479
478 480
478 481
478 1196
479 976
479 1194
480 976
481 482
481 483
481 719
482 714
482 715
483 964
483 965
484 486
484 487
484 493
484 501
485 637
485 744
485 1121
486 502
487 1073
487 1084
487 1118
488 489
488 490
488 499
489 501
491 492
491 493
491 977
493 1084
494 495
494 909
494 954
495 906
496 637
496 638
496 1111
497 835
499 567
499 568
500 503
500 568
501 502
502 771
502 772
503 504
505 506
505 508
505 509
505 519
506 510
507 518
507 529
507 1111
508 510
508 513
509 515
511 512
511 517
513 514
513 970
515 519
515 572
515 993
516 570
517 570
517 571
517 971
518 663
518 674
518 685
520 521
520 522
521 833
521 1076
522 580
522 1076
523 524
523 525
523 526
523 527
528 535
528 536
528 670
529 541
529 552
529 674
530 537
530 538
531 532
531 533
531 884
532 534
532 535
532 537
533 537
533 538
534 884
534 920
534 921
535 886
535 920
536 762
536 920
536 1148
537 886
539 542
539 543
539 882
539 888
540 934
541 605
541 1109
541 1111
542 692
542 922
543 699
543 887
543 922
544 639
545 546
545 547
545 1115
546 1004
547 548
548 549
548 1004
548 1005
549 1115
550 775
551 553
551 554
551 555
552 563
552 574
552 605
553 759
554 756
554 759
555 838
555 1160
555 1165
556 557
556 1182
557 1181
558 924
558 1030
559 924
559 925
560 561
560 562
560 564
560 565
561 784
562 1189
563 674
563 696
563 707
567 569
568 569
569 1060
569 1061
570 988
571 988
572 573
572 575
574 585
574 596
574 707
576 577
576 1067
576 1108
577 578
577 579
578 959
578 1074
578 1108
579 959
580 581
581 582
581 1083
582 1085
583 584
585 598
585 601
585 605
586 588
586 611
586 1072
587 614
587 868
588 613
589 590
589 877
589 1068
589 1075
591 594
593 595
593 599
594 595
594 597
595 600
595 601
596 598
596 607
596 618
597 598
597 601
598 629
599 600
599 602
600 603
600 604
601 604
602 603
602 1116
603 606
603 1109
604 605
604 1109
606 608
606 609
606 1116
607 707
607 718
607 729
608 633
608 638
608 1112
609 638
609 1109
609 1111
610 611
610 612
610 876
610 1072
611 613
611 619
612 616
612 619
612 620
613 614
613 1080
614 917
615 616
615 617
615 620
615 866
616 854
616 876
617 854
617 855
618 629
618 640
618 718
619 1080
619 1081
620 857
620 1081
621 913
621 916
622 916
623 624
623 625
623 1132
624 914
624 915
624 1077
625 1077
625 1079
626 627
626 628
626 865
627 915
627 1077
627 1078
628 861
630 860
631 632
632 633
632 634
632 1112
633 635
633 636
634 636
634 1143
634 1147
635 637
635 638
635 1141
636 1141
636 1142
637 1122
639 641
639 642
639 1131
640 652
641 1143
641 1147
642 643
642 644
642 1143
643 645
643 648
643 1131
644 645
644 1126
644 1142
645 646
645 647
646 648
646 653
646 654
647 654
647 656
647 1126
648 649
648 650
649 662
649 1131
650 653
650 662
650 664
652 718
652 740
652 751
653 657
653 658
654 655
654 658
655 656
655 659
655 741
656 1128
656 1130
657 664
657 666
657 679
658 659
658 666
659 660
659 667
660 668
660 736
660 741
661 662
661 664
661 671
661 1095
663 744
663 862
664 665
665 671
665 672
665 679
666 667
666 682
667 668
667 687
668 733
668 734
669 670
669 677
670 676
670 1148
671 984
671 1149
672 673
672 675
672 1149
673 1134
673 1145
673 1146
674 840
675 679
675 1134
675 1135
676 677
676 678
676 1146
677 680
678 680
678 681
678 1144
679 682
680 686
681 683
681 684
681 686
682 687
682 1135
683 691
683 1138
683 1144
684 1137
684 1138
685 840
685 851
685 862
687 688
687 734
688 689
688 690
688 1135
689 728
689 730
689 734
690 691
690 730
690 1138
691 1134
691 1135
692 882
692 883
693 694
693 695
693 697
695 698
696 807
696 829
696 840
697 698
697 1123
698 701
698 702
699 700
699 881
700 887
700 912
701 1120
701 1123
701 1132
702 1120
703 704
703 705
703 717
703 964
705 966
706 708
706 709
706 710
706 713
707 807
708 720
708 721
708 961
709 712
709 961
709 963
710 711
710 721
710 958
711 713
712 713
712 716
713 960
714 720
714 961
714 1050
715 719
715 961
715 963
716 963
717 719
717 963
718 785
719 964
720 1045
722 723
722 724
723 1087
724 1086
724 1102
725 726
726 1139
727 728
727 730
727 1139
728 731
728 732
729 785
729 807
729 818
730 1136
731 735
732 733
732 734
732 735
733 736
733 737
735 737
735 1133
736 738
736 743
737 743
738 739
738 741
738 742
739 747
739 1125
739 1130
740 763
741 1130
742 743
742 747
744 874
744 1124
745 874
745 1124
746 874
746 1029
746 1117
747 748
747 932
748 842
749 750
750 968
751 763
751 785
751 796
752 753
752 754
752 755
752 848
753 1154
753 1167
754 757
754 758
754 1167
755 844
756 760
757 1171
758 848
758 1171
759 760
761 764
761 765
761 766
762 873
762 919
762 1145
763 774
764 1153
764 1155
765 999
765 1000
766 845
766 1002
766 1003
767 768
767 775
768 770
768 773
769 1040
769 1110
769 1173
770 771
770 772
774 796
774 962
778 779
778 1022
779 780
779 781
780 1022
780 1093
780 1104
781 1104
782 1099
782 1104
782 1106
783 784
783 786
783 787
785 929
786 1187
787 1197
788 789
788 790
788 791
788 792
789 1056
789 1057
789 1058
793 794
793 903
793 904
793 947
794 895
794 904
794 944
794 945
796 929
796 951
797 798
797 799
797 800
798 827
799 826
799 827
799 828
800 895
801 802
801 803
801 804
801 805
802 900
802 1055
803 808
804 1055
805 806
805 808
805 809
806 810
806 900
807 907
808 811
808 831
809 810
809 811
809 812
810 897
810 902
811 828
812 830
812 898
813 814
813 815
813 816
813 817
814 820
814 824
814 1054
815 900
815 1054
816 817
816 819
817 819
818 907
818 929
818 940
819 820
820 821
820 822
821 823
821 824
821 825
822 823
823 901
825 890
825 901
825 952
825 953
826 830
826 895
828 830
828 831
829 896
829 907
829 918
830 904
832 833
834 835
834 937
834 939
836 837
836 1172
837 1165
838 839
839 990
839 1160
840 896
841 842
841 843
841 942
842 932
844 845
844 848
845 1003
846 847
846 1168
848 1168
849 850
849 852
849 956
850 939
851 885
851 896
851 1029
852 936
852 938
853 854
853 855
854 1075
856 857
856 866
857 858
858 859
858 867
859 870
859 1080
859 1081
860 861
862 874
862 1029
863 864
864 865
867 869
868 869
868 917
869 870
870 917
871 872
871 879
873 889
873 984
873 1149
876 877
876 1075
877 1069
877 1072
878 879
879 880
880 937
881 922
882 889
882 921
883 884
883 921
885 996
885 1018
887 888
887 1095
888 889
888 984
889 919
890 891
890 892
891 894
891 952
892 893
892 894
893 948
893 953
896 996
897 898
897 899
898 903
898 904
899 903
899 946
900 1053
902 1053
906 908
906 909
907 985
909 910
911 912
913 914
913 915
915 916
916 1078
918 985
918 996
918 1007
919 920
919 921
924 1183
924 1186
925 1183
926 1021
926 1022
926 1033
927 928
928 930
929 973
931 932
931 933
932 1125
933 1125
934 935
938 939
938 941
940 973
940 985
941 942
942 943
944 1201
945 1202
946 947
946 948
946 949
946 950
946 953
950 1053
951 962
951 973
952 1113
954 957
955 956
955 957
962 1184
962 1195
964 966
965 966
965 1195
966 967
967 1195
968 969
971 972
973 1073
974 1034
974 1190
975 1190
976 977
976 1059
977 1059
978 979
978 1201
979 1202
980 981
980 982
980 983
981 986
982 1203
982 1204
983 1204
984 1095
986 987
987 1063
988 989
990 991
990 992
992 1161
994 1090
1000 1150
1000 1155
1002 1153
1002 1154
1006 1008
1006 1009
1006 1010
1007 1129
1008 1014
1008 1025
1008 1188
1009 1019
1009 1020
1010 1034
1010 1188
1010 1191
1011 1012
1011 1013
1011 1044
1012 1014
1012 1016
1012 1017
1013 1045
1013 1046
1013 1052
1014 1015
1014 1047
1015 1024
1015 1025
1015 1044
1016 1046
1016 1048
1017 1036
1017 1047
1017 1048
1018 1029
1018 1051
1019 1033
1019 1034
1020 1021
1020 1025
1020 1033
1021 1023
1023 1024
1023 1025
1023 1026
1024 1042
1026 1091
1027 1028
1027 1030
1027 1031
1027 1032
1028 1180
1028 1187
1030 1186
1032 1180
1032 1181
1032 1186
1034 1035
1035 1190
1035 1191
1036 1037
1036 1038
1036 1039
1037 1192
1037 1194
1038 1047
1038 1192
1039 1048
1039 1194
1040 1051
1040 1162
1041 1042
1041 1043
1041 1044
1043 1049
1044 1052
1047 1188
1048 1050
1049 1052
1053 1054
1058 1198
1062 1073
1062 1084
1062 1184
1063 1064
1064 1065
1066 1175
1066 1176
1067 1068
1068 1069
1068 1108
1069 1070
1069 1071
1070 1074
1070 1108
1071 1072
1073 1096
1079 1123
1079 1132
1082 1083
1082 1085
1083 1085
1086 1087
1086 1088
1087 1100
1088 1100
1089 1100
1090 1102
1091 1092
1091 1093
1092 1103
1092 1105
1093 1103
1094 1098
1094 1099
1094 1101
1096 1107
1096 1118
1097 1098
1097 1099
1097 1105
1100 1101
1103 1104
1103 1106
1105 1106
1107 1129
1110 1163
1112 1116
1113 1114
1113 1115
1119 1120
1119 1132
1121 1122
1121 1124
1122 1141
1126 1127
1126 1128
1127 1141
1127 1142
1129 1140
1129 1151
1134 1144
1136 1137
1136 1138
1136 1139
1140 1162
1142 1143
1144 1146
1145 1148
1145 1149
1146 1148
1150 1152
1150 1157
1152 1158
1152 1166
1152 1169
1153 1155
1154 1156
1154 1157
1155 1157
1156 1158
1156 1167
1157 1158
1158 1159
1159 1166
1159 1170
1162 1173
1164 1170
1164 1172
1168 1171
1175 1177
1175 1178
1175 1179
1176 1185
1177 1180
1177 1181
1179 1180
1179 1185
1181 1182
1182 1183
1182 1186
1184 1195
1191 1192
1192 1193
1194 1196
1197 1198
1199 1200
1199 1205
1201 1202
