# Nodes
0 -1318.8 -1457.9
1 -1527.5 -1522.7
2 123.6 -811.8
3 792 -72.6
4 798.7 -101.5
5 -943.7 -822.5
6 -886.2 -866.9
7 -543.4 -978.7
8 -552 -111.7
9 -697.6 -509.5
10 -585.9 -544.4
11 -81.2 1086.2
12 -55.3 1136.4
13 170 -685.1
14 -33 1060.1
15 285.4 894.7
16 335.9 990.7
17 356.6 856.4
18 608.3 724.4
19 697.1 903.1
20 857.3 591.7
21 890.4 576
22 374.2 281.1
23 191.5 583.8
24 30.4 -493.2
25 155.6 514.6
26 246.4 687.6
27 188.4 718.6
28 316.8 650.6
29 263.4 725.9
30 264.8 797.8
31 265.1 841.2
32 51.1 904
33 71.3 942.4
34 377.9 1073.7
35 217.1 -563.7
36 479.7 1267.2
37 455 1032.7
38 522.1 1349.3
39 515 548
40 581.1 670.5
41 424.8 593.4
42 3.5 812.3
43 -85.8 860.5
44 -35.2 737.5
45 29.4 862.2
46 84.2 -358.2
47 -174.9 900.5
48 -933.9 75.5
49 -952.4 31.8
50 -919.1 27.2
51 538.4 320.6
52 578.4 398.6
53 665 557.3
54 723.5 665.2
55 -1089.7 -332.2
56 -1087.1 -377.2
57 -281.9 -377.8
58 -1058.8 -370.5
59 -1046.1 -176.4
60 421 370.8
61 479.1 480.4
62 340.1 413.6
63 231.1 218.7
64 250.6 256.2
65 370.9 491
66 388.1 522.5
67 409.1 562.3
68 -226.9 -239.5
69 494.3 517.3
70 247.6 465
71 160 303.6
72 140 266.1
73 107.9 423.9
74 98 992.6
75 122.1 1039.2
76 218.2 929.6
77 -186.8 447.1
78 -43.8 365.2
79 -404.4 -331.8
80 853.8 31.6
81 885.4 18.8
82 923.4 115.6
83 966.5 195.4
84 818.6 572.4
85 539.9 53.5
86 484.3 -50.2
87 624.9 184.2
88 679.6 247.5
89 606.4 156.3
90 -328.7 -500.7
91 746.5 212.7
92 721.9 325.2
93 655.2 359.4
94 787 289.9
95 817.6 521.5
96 369.7 -252.3
97 306.2 -218
98 591.7 -107.1
99 -49.7 710.2
100 -98.6 616.6
101 293.9 -730.3
102 18.5 675.6
103 -185.8 666
104 -53.4 547.5
105 -275.7 712
106 -483.9 830.9
107 -368.4 535.3
108 -1.5 483.9
109 32.7 466
110 -22.2 496.7
111 52 311.5
112 -1345.2 -1424.4
113 284.6 -431
114 114.8 624.8
115 134.1 614.8
116 79.7 643
117 152.1 649.7
118 7.8 1039.1
119 -134.8 1228.2
120 -265.7 1295.7
121 -35.9 1175.3
122 268.6 1025.8
123 146.7 1088
124 345.6 -611.3
125 242.7 976.5
126 310.2 767.8
127 409.7 828.5
128 435.2 815.3
129 504 774.1
130 404.7 266.3
131 535.8 1391.8
132 535.9 990
133 871.4 616.9
134 1000.5 518.9
135 503.9 -680.8
136 1077.7 478.1
137 -111.4 1028.5
138 -470.5 905.3
139 -331.7 1175.3
140 771 139.6
141 884.1 80.7
142 796.1 187
143 736.8 93.5
144 1010.6 72.6
145 1080.8 207.3
146 547.1 -744.9
147 1200.9 141.7
148 1043.2 309.9
149 1114 270.4
150 1205.8 221.9
151 1211.6 323.6
152 756.7 566.8
153 702.5 560.3
154 937.2 -97.4
155 826.8 41
156 825.5 -1.4
157 516 -814.3
158 -436.9 571.1
159 -523.9 617.4
160 488.5 222.1
161 475.4 93.3
162 257.2 -226.1
163 236.2 -241.9
164 691 602.6
165 627.2 556.3
166 897.3 80.5
167 704.9 45.9
168 780.8 -910.8
169 610.3 19.4
170 674.6 -15.6
171 948.8 763
172 68 346.2
173 395.1 -1134.6
174 -174.8 -705.2
175 -932.9 -427.6
176 -943.3 -464.2
177 -761.7 -116.5
178 -738.1 -130.4
179 -1163.5 -1219.1
180 -767.7 -152.3
181 -699 -92
182 -699.2 -68.1
183 1137.2 16
184 825.2 -52.3
185 -368.2 -896
186 -431.1 -783
187 -354.3 -199.2
188 874.7 -657.6
189 542.4 58
190 -1209 -1352.6
191 578.6 115.7
192 506.1 151.4
193 531 199.5
194 -1352.4 -1188.3
195 -1337.1 -957
196 -279.5 -665.7
197 453.8 240.8
198 -591.9 654.4
199 -482.2 882.4
200 -771.2 -1050.1
201 -539.2 -422.1
202 -117.5 1105.8
203 -285.7 1194.1
204 -427.7 -169.9
205 -688.3 43.3
206 -495.1 -770.3
207 -456.6 -861.9
208 -483.3 -924.1
209 -494.9 -966.2
210 -797.8 -1042.7
211 -640.1 -1052.3
212 -376.1 -626.3
213 -803.7 -1075.5
214 -511.5 -992.9
215 -501.9 -963.5
216 32.7 279.3
217 -138.3 -1078.6
218 -508.6 822.4
219 -497.2 845.1
220 -265.6 -935.6
221 -161.6 -975.8
222 -219.7 1389.5
223 -1427 -1465.4
224 -836.7 -311.2
225 -311.4 1207.2
226 -1039.2 -702.2
227 -1218.7 -1231.4
228 -521 -761
229 56.2 -1145.3
230 694.4 -461.4
231 775.9 -110.7
232 654.4 -423.6
233 -961.5 -517.8
234 -911.7 -632.6
235 -494.8 -298.1
236 704.4 900.4
237 -338.4 -188.3
238 88.4 -1157.3
239 82.4 -1133.8
240 351.8 -1118.5
241 443.7 -1152.9
242 -165.2 -99.3
243 -113.1 2.3
244 -2.3 -193.7
245 -792.6 -188.3
246 -1049.3 -234.3
247 -455.6 -155.5
248 -432.4 -33.9
249 -370.9 -176.4
250 -1336.4 -1345.2
251 111.3 -255.2
252 334.2 -641.4
253 243.7 -856.3
254 -58.2 107.8
255 91.4 32.4
256 -6.6 206.2
257 178.1 -14.1
258 139 130.5
259 209.8 -32.2
260 261.6 65.3
261 -1378.5 -1215.1
262 318.2 172.3
263 373.8 7.9
264 267 -197
265 152.5 -142.3
266 429.7 114.1
267 178.6 108.7
268 -374.7 1092
269 -352.5 1135.3
270 -141.8 970.9
271 -443.4 959.3
272 -1330.5 -936.2
273 -911 -682
274 -757.5 -677.5
275 -949.9 -725.1
276 -966.7 -696.6
277 -1298.8 -948.6
278 -1310.8 -971.5
279 -1301.3 -1422
280 -984.5 -976
281 -1127.8 -1425.9
282 -1082.4 -729.5
283 -1171.8 -758.2
284 -1085.7 -680.4
285 -1130 -350.4
286 -1079.1 -577.7
287 690.1 -425.2
288 685.7 -384.5
289 350.4 -1265.1
290 -1210.8 -1475.9
291 -1185.9 -1113.4
292 -1149.8 -899.2
293 -1180.7 -790.5
294 -65.8 -741.4
295 -1238.6 -849.1
296 -331.1 -801.7
297 -228.5 -841.1
298 -123.3 -879.5
299 -1006.2 -114.3
300 -950.1 -129
301 -738.8 -46.2
302 875.7 -43.2
303 1218.4 121.3
304 464.6 -945.6
305 -16.6 -615.3
306 625.3 -713.9
307 636.1 -685
308 675.6 -583.8
309 -975.9 -483.3
310 -886.7 -438.9
311 781.3 -771.8
312 826.5 -788.3
313 1129.3 450.9
314 1084.7 374.6
315 1216.5 447.2

# Edges
0 1
0 112
0 279
0 290
1 290
2 13
2 253
2 294
3 4
3 80
3 154
3 156
3 170
3 231
4 154
5 6
5 7
5 286
6 226
6 275
7 214
7 215
8 205
8 247
8 301
9 10
9 212
9 274
9 310
10 201
10 212
11 12
11 14
11 137
11 202
12 75
12 121
13 35
13 101
13 305
14 118
15 16
15 17
15 31
15 76
16 34
16 122
17 37
17 126
17 127
18 19
18 40
18 54
18 129
18 236
20 21
20 54
20 84
20 133
21 134
22 60
22 130
22 262
23 25
23 26
23 65
23 115
24 35
24 46
24 305
25 70
25 73
26 27
26 28
26 29
27 42
27 117
28 41
28 127
29 30
30 31
30 32
30 126
31 33
32 33
32 45
33 74
34 36
34 37
35 113
35 124
36 38
37 132
38 131
39 40
39 41
39 61
39 69
40 164
41 67
42 43
42 44
42 45
43 47
43 118
44 99
44 103
44 117
46 68
46 113
46 251
47 105
47 270
48 49
48 50
49 50
49 299
49 301
50 301
51 52
51 88
51 160
52 53
52 93
53 153
53 164
53 165
54 164
55 56
55 58
55 246
56 58
56 175
57 68
57 79
57 90
58 310
59 285
59 299
60 61
60 62
61 66
61 69
62 64
62 65
62 70
63 64
63 72
63 262
64 71
65 66
66 67
67 69
68 187
68 237
68 242
70 71
71 72
71 172
72 111
73 109
73 172
74 75
74 76
74 118
75 123
75 125
76 125
77 78
77 100
77 107
78 110
78 111
79 187
79 235
80 81
80 141
80 143
80 155
80 156
80 166
81 166
81 303
82 83
82 141
82 142
82 144
82 166
83 94
83 148
84 95
84 152
85 86
85 169
85 266
86 96
86 98
86 263
87 88
87 89
88 91
88 92
89 143
89 191
89 193
90 201
90 212
91 94
91 142
92 93
92 94
92 95
93 152
96 97
97 264
99 100
99 102
100 103
100 104
101 157
101 252
101 253
102 104
102 116
103 105
104 110
105 106
105 107
106 218
107 158
108 109
108 110
108 116
109 114
111 172
111 216
112 223
112 250
112 279
113 308
114 115
114 116
115 117
119 120
119 121
120 222
120 225
121 123
122 123
122 125
124 135
124 252
127 128
128 129
128 132
130 197
133 171
134 136
135 146
135 307
136 313
137 270
138 199
138 271
139 225
139 269
140 141
140 142
140 143
143 155
143 167
144 145
144 147
145 147
145 149
146 157
146 306
147 150
148 149
148 314
149 150
150 151
151 314
151 315
152 153
154 183
155 156
157 168
157 304
158 159
159 198
160 193
160 197
160 266
161 189
161 192
161 266
162 163
162 251
162 264
163 251
163 264
167 169
167 170
168 312
169 170
169 189
173 240
173 241
173 289
173 304
174 196
174 294
174 297
175 176
175 310
176 309
176 310
177 178
177 180
177 301
178 180
178 181
179 190
179 210
179 226
180 245
181 182
182 247
182 301
183 184
185 207
185 220
185 296
186 206
186 207
186 212
186 296
187 204
187 249
188 308
188 312
189 191
190 281
191 192
192 193
194 261
194 278
194 279
195 261
195 272
195 278
196 212
196 296
198 218
199 219
200 210
200 211
200 213
200 214
200 281
201 224
201 235
202 203
203 225
204 247
205 301
206 228
207 208
208 209
208 215
209 214
211 213
211 214
212 294
213 290
214 215
214 280
216 256
217 221
217 229
217 289
217 298
218 219
220 221
220 297
221 298
223 250
224 245
224 246
224 310
226 286
227 291
228 274
229 238
229 239
230 287
231 288
232 287
232 288
233 234
233 309
234 273
235 245
235 247
237 249
238 239
238 289
239 240
242 243
242 244
243 254
244 251
245 300
245 301
246 299
247 248
247 249
250 261
251 265
253 304
254 255
254 256
255 257
255 258
256 258
257 259
258 267
259 260
259 265
260 262
260 263
260 267
262 266
263 264
263 266
264 265
268 269
268 270
268 271
272 277
272 283
273 274
273 275
273 276
273 280
273 283
275 276
276 293
277 278
277 295
279 281
280 282
282 284
282 291
283 293
285 286
287 288
291 292
292 293
292 295
293 295
294 298
294 305
296 297
297 298
299 300
302 303
306 307
306 311
307 308
309 310
311 312
313 314
313 315
