# Nodes
0 1176.6 -2484.3
1 1160.5 -2289.9
2 224.8 864.3
3 810.2 -2090.7
4 -308.3 -216.5
5 -248.6 -29.3
6 -576.3 -542.7
7 -595.1 -609.4
8 -617.4 -600.2
9 -269.3 -202.4
10 -608.7 -631.9
11 -703.5 -913.3
12 -762.1 -1090.1
13 -783.1 -1154.4
14 580.6 -699.9
15 -634.3 -921.6
16 -730.8 -906.8
17 48.5 1056.3
18 -56.9 1279.9
19 346.3 -508.2
20 253.2 -489.7
21 -7.3 -15.4
22 150.9 2076.2
23 0.8 1686.9
24 57.8 1621.3
25 -315.7 -1689.2
26 75.6 1698.6
27 322.1 1145.6
28 153.9 78.1
29 1956.4 176.1
30 80.6 83.4
31 40.2 240.7
32 225.9 22.3
33 331.2 -149.2
34 238.3 -178
35 354.7 -156.7
36 -319.9 -1621.5
37 357.6 -269
38 323.4 -258.2
39 109.2 1830.7
40 -1357.8 -223.2
41 -1319.5 -272.7
42 -961.8 -465.5
43 -1089.9 -558
44 -1137.8 -649.9
45 -932.1 -567.4
46 -1376.3 -799.5
47 -613.8 -1476.4
48 -1323.9 -721.7
49 -1295.7 -839.7
50 -1320.5 -682.3
51 -762.2 -589
52 -686.9 -663.9
53 -675.7 -722.2
54 -658.6 -664.9
55 -741.4 -936.7
56 -807.6 -1136.4
57 -877.4 -1179.2
58 105.6 -852.8
59 -847 -1199.2
60 -890.3 -1222.5
61 -871.9 -1241.5
62 -915.8 -1493.4
63 -1075.9 -1637.6
64 -1080.9 -1432.4
65 -1050.5 -1539.3
66 -1034.4 -1693.9
67 -1332 -2967.1
68 -1415.7 -3191.2
69 72.5 -839.1
70 -406.2 -3936
71 -342.1 -4009.9
72 1040.2 -2581.8
73 1727.5 -4598
74 1091.4 -2872.1
75 1268.1 -2846.7
76 626.7 -2135.5
77 571.7 -1402.1
78 646.3 -1470.7
79 481.5 -1521.1
80 300.1 -887.1
81 -1442.2 -4402.7
82 -1424 -4296.5
83 -1092.1 -4412
84 -1171.3 -4483.4
85 -1133.3 -3941.7
86 -577.8 -4635.9
87 -616.9 -4786.2
88 -710.2 -4648.5
89 -570.9 -4746.9
90 -827 -4676.8
91 135.6 -743.5
92 -893.4 -4679.2
93 -1120.7 -4732.8
94 -1039.6 -5129.9
95 -1153.4 -4820.2
96 -569.5 -4772.6
97 -517.5 -4741.1
98 -581.4 -4854.8
99 -1203.4 -4694.2
100 -894.1 -5354.5
101 -880.4 -5369.8
102 -487.3 -1951
103 -1050.8 -1622.5
104 -1060 -1698.4
105 4894.8 647.3
106 -1054.4 4114.6
107 -1044.2 4138
108 -1643.9 4570.1
109 -1063.2 4077.5
110 -802.6 4148.7
111 -1328.4 3998.8
112 -1189.1 3918.7
113 227.7 735.8
114 -504.4 -1703.1
115 -1144.2 3924.5
116 -1398.4 3884.6
117 -1349.8 3842
118 -1552.1 3861.9
119 -1677.1 3806.5
120 -1626.2 3709.2
121 -1699.1 3601.8
122 -1632.1 3646.5
123 -3687.1 2645.1
124 2761.8 -159.4
125 -379 -2058.3
126 2670.6 -363.5
127 -3946.4 2375.1
128 -3900.3 2463.3
129 -4175.2 2444.2
130 -2960 1279.9
131 -2692.3 1135
132 -2626.8 1082.6
133 -2452.5 615.7
134 -911.8 -1533.2
135 -907.1 -1580.6
136 208.8 -569.1
137 -795.1 -1582.1
138 -820.2 -1584.1
139 -810.9 -1832.7
140 -773.5 -1886.3
141 4004 -2172
142 -4944.3 -4637
143 -582.5 -1928.2
144 -163.8 -939.5
145 -125.3 -1836.8
146 -117.4 -1872.6
147 347.8 -551
148 -243.8 -1944.4
149 -118.7 -1917.6
150 -55.4 -1979.8
151 -112.9 -1960.2
152 -116.4 -1939.9
153 -4511.8 -3706.8
154 -4532.2 -5208.3
155 -3036.9 -4183.6
156 -2822.1 -4922.7
157 -2424.1 -4808.3
158 165.5 -652.5
159 -2383.7 -4951.7
160 -2552.8 -4742.3
161 -2151.6 -4879.3
162 -3607 -5408
163 -3702.4 -5401
164 -3901.1 -5229.9
165 -4501.1 -5346.7
166 -3969.5 -430.5
167 -4383.5 120.1
168 -2478.8 -5783.8
169 -757.2 -1144.4
170 -2808.2 -6005.7
171 -2350.6 -3682.7
172 -2450.6 -3710.5
173 -2286.9 -3436
174 -2502.5 -3487.4
175 -2502.3 -3534.3
176 -2692.4 -3442.1
177 -2664.5 -3411.8
178 -2629.7 -3341.3
179 -3238.3 -3360.8
180 -735.7 -1100.5
181 -2878.7 -3301.3
182 -1801.5 -2696.6
183 -1784.8 -2739.9
184 168 2106.8
185 216.6 2195.2
186 253.1 734.7
187 332.2 827.1
188 -11.9 249.5
189 -70.5 455
190 -200.1 -1118.3
191 -517.5 -1535.1
192 -951 -2360.1
193 4624.4 -710.3
194 4725.5 -663.6
195 4592 -658.7
196 4712.6 -785.3
197 4543.4 -576
198 4520 -515.2
199 4620.7 -474.7
200 4491.9 -442.9
201 4380.3 -491.3
202 -522.2 -1453.6
203 4581.4 -405.5
204 4350.2 -268.5
205 3670 116.3
206 3630.5 115.2
207 3838.6 -75.8
208 3651.9 170.4
209 3819.9 428.9
210 3932.7 558.8
211 3182 429.8
212 3193.6 542.6
213 -590.9 -1817.8
214 3112.4 429.5
215 3380.9 793.9
216 3478.1 893.3
217 3278.2 704.5
218 3415 866.6
219 3634.2 941.6
220 3700.4 1077.4
221 3624.9 1050.5
222 3574.5 1001.7
223 3386.4 899.7
224 110.7 942.2
225 204.5 -267.4
226 3213.5 966.2
227 3237.3 1180.3
228 3147.9 1104.2
229 3337.5 1116.7
230 3124.3 1212.4
231 2132.4 692
232 306.1 2236.9
233 850.5 2964
234 1057.7 3319.9
235 1279.7 3388.6
236 169.8 -391
237 1358 3408.1
238 1472.6 3475.5
239 1324.6 3462
240 1298.6 3519.2
241 1286.4 3415.4
242 1188.5 3447.9
243 1058.6 3353.6
244 974.8 3386.2
245 -908.3 176.4
246 -2561.9 5281.9
247 155.4 -71.6
248 -2185 -4469.8
249 -2188.1 -4388
250 -2268.5 -4394.7
251 -2358.1 -4336.9
252 -2616.3 -4508.4
253 -1801.8 -3892.1
254 -1725 -3775.9
255 -1334.1 -4148
256 -1317.9 -4191.3
257 -1406.4 -4255.3
258 -66.6 100.3
259 -1224.7 -4105.4
260 -1261.6 -4078
261 -1194.1 -3922.8
262 -1045.3 -4393.1
263 -782.5 -4571.1
264 -1275.2 -3655.7
265 -1381.5 -3829.3
266 -1513.7 -3626.2
267 -2062 -391.6
268 -1987.7 -409.7
269 -93.9 90.8
270 -1967 -505.5
271 -1955.1 -417.2
272 -1513.8 3730.4
273 -1406.5 3696.4
274 -1296.1 3731.9
275 -1258 3710.1
276 -1081.4 3724.2
277 -1156.3 3812.6
278 -1028.6 3945
279 -833.8 -2284.9
280 -42.2 237.4
281 -889 -2235.2
282 -929.8 -2314.2
283 -890.6 -2350.7
284 -814.6 -1654.7
285 838.8 -718.4
286 188.5 288
287 -274 -14
288 -61.7 362.5
289 -58 324.3
290 541.9 2748.6
291 -13.6 229.5
292 330.2 2444.7
293 507.9 2715.3
294 202.3 1774.1
295 255.1 1832.6
296 128.9 1774.9
297 -1495.7 -3533
298 -1480.1 -3466.5
299 -2208.8 -5203.8
300 -2157.6 -5249.8
301 -2283 -5260.8
302 -96.1 28.2
303 -2257 -5339.6
304 -2159.4 -5393.8
305 -2247.7 -5466.1
306 -1838.9 -4534.4
307 1495.6 -2997.6
308 1609.5 -3154.8
309 1550.4 -2923.7
310 1856.5 -3596.1
311 976.1 799.5
312 1096.6 791.3
313 -62.9 17
314 3193.1 612.7
315 3080 557.2
316 1385 -2216.5
317 1330.7 -1974.6
318 1479.6 -2188.5
319 1423.8 -2096.5
320 1413.3 -1912.7
321 1349.9 -1941.6
322 1249.1 -1930.4
323 1309.5 -1946.9
324 -26.5 49.5
325 2239.6 -1203.4
326 2125.8 -1292.6
327 2265.6 -945.9
328 2231.8 -971.5
329 2132.3 -1105
330 2705.6 -457.1
331 2396.7 -685.5
332 2091 -1104.3
333 2016.8 -1125
334 2365.5 -2015.4
335 -4903.3 1243.6
336 275 3045.4
337 2902.5 -184.3
338 3023.1 -325.3
339 2986.2 -325.6
340 3209.3 -621.3
341 3107.7 -635.2
342 2724.9 -520.5
343 2666.1 -468.1
344 2623.9 -467.8
345 3497.4 -847.1
346 3629.5 -787.7
347 229.9 3164.4
348 3544.5 -595.5
349 3469.1 -590.7
350 3523 -877.6
351 3688.3 -1005.8
352 3619 -999.9
353 3650.2 -1300.4
354 3821.5 -1292.8
355 3182 -495.2
356 3125 -487.8
357 3220 79.3
358 156.7 3175.5
359 3100.7 26.9
360 3139.1 41.1
361 4007.8 267.5
362 3915.2 92
363 3799.8 -103.2
364 3729.5 -115.5
365 3651.9 195.4
366 4324.3 111.3
367 4389.6 -20.5
368 4345.4 -220.6
369 239.2 3206.7
370 4581.8 -382.8
371 4707.3 -436.6
372 4773.7 -887
373 4890.5 -854.5
374 4838.3 -863.3
375 4544.4 -880.5
376 4640.8 -838
377 4863.4 -699.7
378 4771.2 -747.7
379 4816 -605.3
380 215.6 3099.8
381 -1885.4 -3699.1
382 -1710.4 -3463
383 -1942.8 -3807.3
384 -2005.2 -3681.9
385 -1731.5 -3458
386 -1853.4 -3400.8
387 -1817.1 -3437.3
388 -1779.2 -3394
389 -2176 -3498.9
390 -2901 -3343.8
391 392 3637.5
392 -1769.2 -4313.5
393 -1104.9 -4017.9
394 -1002.9 -4460.1
395 -463.2 -4001.8
396 -489.8 -3834.7
397 -322.5 -3753.1
398 1162.7 -1087.3
399 814.6 -242.5
400 3398.4 682.4
401 3476.6 1300.9
402 505.5 3487.1
403 3030.1 1054.8
404 2612.4 1142.7
405 4252.9 1148.9
406 4085.7 1425
407 4251.1 1472.6
408 4051.3 1459.2
409 3555.2 1303.1
410 3454.2 1496.9
411 3192.7 1810.3
412 3065.4 1918.4
413 -3.5 1261.5
414 3560.8 2388.5
415 3540.2 2412.1
416 3594.4 2408.6
417 3137.6 2108.2
418 3086.9 2132.9
419 3200.2 2166.1
420 3185.6 2184.5
421 3116.6 2127.6
422 3794.1 2433.1
423 3691.2 2521.5
424 1043.4 -2099.9
425 3621.9 2412.6
426 3690 2413.3
427 3657.2 2148.8
428 3548.2 1785.3
429 2958.1 2043.8
430 2907.2 2070.5
431 2555.4 2590.9
432 2673.6 2558
433 2056.5 2780
434 3622.3 901.8
435 55 765.5
436 4477.5 1849.5
437 4434.6 1507.3
438 4433.1 1540.2
439 4713.1 1342.7
440 4403.2 1503
441 4245.2 1341.1
442 4725.7 1358.4
443 4875.4 1684.7
444 2586.9 1142
445 1046.8 1298.8
446 -5136 1145.3
447 -70.7 842.2
448 1072 1317.1
449 1134.1 795.8
450 1123 820.1
451 1038.2 7.8
452 1130.1 -31.4
453 -1174.9 -861.8
454 -1370.7 -628.7
455 -1893.7 -346.4
456 -314.9 2486.4
457 -260.1 2622.6
458 981.5 -2045.9
459 -2915.7 -5704.7
460 -2998.5 -5683.5
461 -2889 -5666.8
462 -2871.5 -5636.5
463 -3002.5 -5813.2
464 -2189 -6096.2
465 2958.5 -325.8
466 -6000.5 1090.2
467 -5965.5 1141.8
468 -6099.6 1075.4
469 962.7 -1821
470 -6072.3 1012.8
471 -1264.8 5539.1
472 -1313.4 5639.4
473 -1356.1 5378.2
474 -1287.3 5633.5
475 -1399.7 5439.1
476 -1842.6 5610.3
477 -2259.4 5593.6
478 -2211.8 5596.5
479 -2252.2 5564.1
480 -27.4 1573.2
481 -2121.1 5601.6
482 -2175 5595.5
483 -2418.5 5387.7
484 -1700.3 5140.3
485 -1664.9 5194.7
486 -1369.6 4021.3
487 -662.8 4240.8
488 -1246.1 5457.4
489 -1695 5281.2
490 -1638.5 5232.5
491 -70.2 1388.7
492 -1749.9 5213.2
493 -1608.9 5846.1
494 -1551.7 5911.9
495 -1801.9 6125.9
496 -1279.5 5978.4
497 -1540 6099.3
498 -1901.4 6232.2
499 -1874.1 6256.3
500 -1852.8 6181.1
501 -1890.5 6468.8
502 570 1233.2
503 -1785.5 6315.3
504 -1808.8 6298
505 -1753 6466
506 -1874 6499.4
507 -1748.8 6311.6
508 -1664.4 6487
509 -1604.8 6502.4
510 -1562 6568.1
511 -1762.3 6170
512 -1453.6 6651.4
513 794 1377.9
514 -1408.1 6651.3
515 -1506.1 6474.8
516 -1372.2 6648.8
517 -1295 6327.6
518 -1358.7 6548.8
519 -1346.1 6504.2
520 -389.3 3926.1
521 -118.4 4579.4
522 124.1 4698.6
523 25.2 4832.6
524 477.3 1162.8
525 -31.7 4824.2
526 -150.6 4788.2
527 -104.7 4818.4
528 -145 4877.1
529 -23.2 4584.8
530 989.5 1163.9
531 -2777.6 1368.9
532 -87.5 3643.3
533 -448.8 337.1
534 2407 2784.8
535 1902.6 310.4
536 2287.6 2710.1
537 2143.4 2774
538 2530.1 2822.3
539 2637.6 2848.3
540 2025.3 2789.2
541 1685.5 2937.2
542 1779.5 2784.2
543 1817.2 2676.1
544 1781 2946.2
545 1925.7 3002.8
546 1976 552.2
547 2108.9 2752.1
548 2113.7 2908.2
549 2209.6 2694.4
550 1054.1 3260.4
551 1094.4 3457.9
552 1139.8 3452.3
553 2823.1 2444.4
554 2864.7 2433.7
555 1514.2 2923
556 -793.8 4714.1
557 -4612.4 1704.5
558 1896.6 290.2
559 -1590.8 -3668.7
560 -1036 -4491.1
561 -440 -4811.5
562 -1417.4 -3168.3
563 -1890.2 -2755.1
564 -1987.6 -2690.7
565 -2125.7 -2690.8
566 1960.5 -3709.5
567 1947 -3466.6
568 -561.8 704.5
569 1836.9 416.8
570 -3994.9 2868.5
571 -1597.4 3599.3
572 -1532.3 3889.3
573 -1413.9 3914.5
574 -1270.4 5677.6
575 -1330.3 5984.2
576 -1347.4 5881
577 -1318.4 5838.9
578 -1734.7 5563.1
579 195.7 3076.7
580 1773.8 417.2
581 5084.5 219.2
582 3783.4 2457.3
583 57.9 4941.1
584 -3910.7 4115.9
585 -4229 1737.6
586 -5155.3 1171.4
587 -4192.7 2505.1
588 -4238.6 2546.7
589 -4063.8 4140.9
590 -3936.9 4084.6
591 2270.5 2792.6
592 -3980.2 4156
593 -2017.4 6805.1
594 -2099.4 6929
595 -266.8 1016.9
596 -292.7 -1.1
597 -1322.2 -3393.4
598 -1452.9 -4282.2
599 -2013.3 -3746.1
600 -1108.7 -4051.2
601 125.9 1037.3
602 2229.2 2781.6
603 -180.4 1119.6
604 -183 1088.6
605 135.6 1829.1
606 1041 -2625.3
607 2780 2567.9
608 -6515.5 -3609.4
609 -4642.5 -2466.2
610 -4799.5 -2428.3
611 -6987.8 11246.6
612 -1355.3 -3410.1
613 2306.2 2806.9
614 -1402.9 -3524.9
615 -1408.2 -3563.2
616 -1370 -3487.2
617 -2088.7 -3640.4
618 -2067.4 -3620.8
619 -2063.6 -3690.3
620 -37.2 2074.3
621 19 2014.2
622 2278.8 871.9
623 2036.6 549.2
624 254.6 803.4
625 2056.2 527.5
626 2375.7 2782.7
627 1850 208.2
628 1689.4 237
629 1418.5 256.6
630 1379.6 343.8
631 1325.4 202.4
632 2016.7 626.6
633 1783.4 996.7
634 1466 1066.3
635 -4451.7 1775.6
636 1164.9 1107
637 2169.8 193.1
638 2459.8 360.4
639 2148.2 117.4
640 2225 202.1
641 1129 1115.4
642 -4802 928.2
643 -4868.1 1246.6
644 -5006.1 791
645 -4810.5 870.7
646 -4258.2 1781.3
647 -4175.7 2045.7
648 -4161.1 2015.3
649 -4465.5 1971.7
650 -4119.3 2269.3
651 -5724.2 797.6
652 -5566 -40.5
653 -5835.9 975.8
654 -4531 1992.9
655 -1718.2 6628.4
656 -1830 6510.6
657 -4506.2 1947.2
658 -2062.5 6669.9
659 -1611.8 5569.3
660 -1575.4 5507.5
661 -1612.7 5787.4
662 -1719.7 5592.7
663 -2248.6 6595.9
664 -2338.4 7027.7
665 -2172.2 6699.9
666 -3792.9 7857.2
667 -3830.3 7707.2
668 1282 -2551.1
669 280.2 3096.9
670 -3878.3 7879.1
671 -4090.4 10545.9
672 -5919.4 12315
673 -1450.2 5500.8
674 -1695.3 5339
675 -259.9 4710.8
676 -385.5 4487.9
677 -226 4846.1
678 -434 4601.4
679 -6995.1 11096.1
680 281.4 3073.4
681 -3538.6 8098.1
682 -4871.3 -2277.5
683 -5361.7 -2942.7
684 -5558.2 -781.7
685 -4837.8 -2369.1
686 -6037.6 -320.5
687 -6082.1 -263.7
688 -5995.6 -263.4
689 -6072.8 -463.7
690 -6046.3 -212.7
691 235.6 3074.5
692 -5672.4 -774
693 -5634.6 -758.8
694 -5894.5 -846.3
695 -5818.4 -3300.7
696 -5964 -3480.3
697 -5737.9 -3174.6
698 -5470.3 -3402.5
699 -6444.1 -1229.3
700 -6931.9 -1821.8
701 -6191 -900.8
702 336.5 3064.6
703 -6559.9 -1159
704 -5610.3 -166
705 -6178.4 -527
706 -6146.4 -550.9
707 -5544 -365.3
708 -4116.2 2005.9
709 -4095.7 2012
710 -4084.6 1901.4
711 -3984.2 1978.9
712 -4059.1 1931
713 363.5 3125.1
714 -4544.9 476.7
715 -4751.2 698.5
716 -4468.3 430.3
717 355 1090.7
718 995.2 1277.4
719 806.9 1411.9
720 1066.5 276.9
721 941.5 171.8
722 1158 261.7
723 1184.9 170.9
724 -133.1 1090.7
725 776.5 107
726 758.3 87.7
727 640.7 62.2
728 890.3 132.8
729 1235.3 175.9
730 1264 95.6
731 1024.4 107.8
732 527.1 210
733 768.8 238.2
734 944 -118.7
735 -88.5 1156.3
736 867.6 293.2
737 913.4 417.3
738 918.3 240
739 843.8 331
740 1344.7 37.1
741 1184 15.1
742 1683.7 437.4
743 1622 722.4
744 1829.9 303.4
745 1407.7 427.9
746 148.9 2121.9
747 1257.3 466.7
748 1439.3 435.6
749 1169.7 471
750 946.9 571.5
751 1491.5 557.3
752 1605.4 546
753 1527.8 362.2
754 1629.2 539.9
755 1625.4 575.2
756 650.3 -283.3
757 -10.4 1161.4
758 637.8 -368.9
759 793.5 -238.6
760 534.6 -276.5
761 796.5 -350.7
762 433.6 -317.1
763 423.3 -274.2
764 461.7 -307.1
765 390.5 -278.3
766 415.1 115.9
767 400.6 140.1
768 -72.7 1126.2
769 277.2 149.2
770 406.7 55.5
771 535.4 -240.9
772 501.6 -291.3
773 458.4 -129.3
774 396.7 316.2
775 535.7 -115.3
776 450.7 421.1
777 303.3 560.2
778 239.6 621.2
779 -86.6 984.2
780 182.4 258.7
781 273.3 372.7
782 237.1 145.3
783 1828.1 126.1
784 1811.9 -127.1
785 1673.9 -285.2
786 1478.5 -452.3
787 1828.2 174
788 142.4 1679.8
789 448.8 1682.7
790 510.8 1674.8
791 46.5 288.7
792 320.5 1737.7
793 39 1286.7
794 130.9 1930.6
795 138.1 1909.6
796 143.1 2014.9
797 93.6 1611.6
798 89.6 1571.7
799 206.2 1147.6
800 123.8 1736.6
801 104.5 1688.5
802 -308.7 1279.9
803 1139.5 2850.2
804 1088 2851.9
805 2772.9 2387.9
806 3046.4 2049.5
807 2771.9 2456.5
808 3045 1997.9
809 4046 1952.5
810 4467.9 1974.5
811 3847.7 1976.4
812 105.4 2135.6
813 -144.7 1334.8
814 -370 3818.9
815 -123.2 3631.9
816 -378 3895.9
817 -446 3575.9
818 -318.2 3661.9
819 -320.4 3601.3
820 -406 3421.8
821 -319.8 3520.5
822 -339.5 3488.8
823 -230.8 3452.9
824 -338.9 1365.2
825 255.5 3334.5
826 -339.7 3346.2
827 -40.6 3281.1
828 -147.9 3149.1
829 207.1 3512.3
830 -65.1 3244.9
831 116.1 3184.7
832 158.5 3198.8
833 95.6 3091.9
834 -127.9 3134.5
835 -248 1143.6
836 593.7 3569.3
837 623.5 3081.8
838 517.5 3397.9
839 274.1 2401.7
840 767 3016.7
841 1191.6 3294.2
842 1181.1 3316.6
843 1102.1 3309.8
844 1196.4 3240.8
845 1377.8 3247.3
846 -163.2 1074.4
847 1350.2 3241.9
848 1402.6 3243.1
849 1378.5 3178.8
850 1191 3197.4
851 1310.2 3178
852 1411.9 3019.5
853 1082.1 3209.9
854 1065.4 3159.5
855 1048.8 3227.6
856 1329.1 3045.8
857 -111.3 859.6
858 1230.5 3043.7
859 1453.5 2909.2
860 1142.9 3113.3
861 1142.5 3013.9
862 1298.1 3045.3
863 1353 3038.5
864 1273.5 2986.4
865 1253.5 3006
866 1040.9 3075.6
867 1376 2898.4
868 -6195 522.1
869 1264.4 2941.6
870 1257.7 2898.5
871 1424.7 2896.8
872 1611.1 2926.7
873 849.1 1254.1
874 801.8 1233.4
875 898.9 1251.3
876 938.5 1109.8
877 975.6 1181.5
878 752.2 1183.9
879 -5984.6 631.4
880 706.2 1105.9
881 611.9 1080.7
882 664.7 865.2
883 521.8 1032.7
884 461.3 972.4
885 269.2 1038.9
886 164.5 969.8
887 235.7 1095.4
888 331.8 926.1
889 440.1 985.6
890 -33.8 1010
891 -6268.1 406.9
892 380.8 841.8
893 637 813.4
894 571.7 779.6
895 649.6 776
896 949.2 785.8
897 544.1 611.6
898 494 675.8
899 456 703.3
900 543.1 841
901 413.8 782.3
902 -1.3 1364.6
903 1565.4 539.3
904 570 575.4
905 582.1 543.8
906 886.6 569.1
907 896.5 497.1
908 806.4 676.4
909 804.6 561.3
910 975.8 774.1
911 812.7 488.8
912 545.3 401.8
913 46.7 1569.7
914 471.9 423.1
915 708.1 418.5
916 715.5 349.8
917 1154.6 385.2
918 711 281.8
919 551.6 355
920 1306.6 269.2
921 1201.3 194.2
922 1154.2 357.6
923 32.2 218.7
924 -15.1 298.9
925 51.5 84.4
926 1547.4 130
927 1579.8 -43.9
928 1393.6 37.6
929 1792.8 126.8
930 1377.7 -69.1
931 455.1 98.9
932 442.1 44.3
933 217.9 -86.8
934 144.2 31.6
935 -27 402.9
936 1953.7 -113.8
937 1653.9 -384.1
938 1900.2 -155.5
939 223.5 -110.8
940 1110.2 -139.4
941 1129.5 -187
942 1150.7 -141.4
943 536.3 -182
944 1234.3 -178.1
945 1429.2 -454.8
946 38.8 1189.6
947 1185.8 -463.7
948 -356.5 -238.5
949 -383.3 -269.2
950 -305.2 -228
951 452.6 -268.9
952 -220.6 -336.2
953 -317.8 -547.6
954 -366.9 -369.8
955 579.3 -350.2
956 588.4 -446
957 98.4 1085.4
958 376.6 -395.2
959 775.1 -370.8
960 1634.8 -391.1
961 1664.5 -445.4
962 1503.1 -442.8
963 -486.8 -422.8
964 -379.6 -615.7
965 481.2 -404.2
966 302.8 -440.7
967 517 -449.2
968 97.8 2051.1
969 1726 -456.5
970 1645.2 -506
971 508.2 -487
972 248.5 -235.8
973 488 -502.3
974 2650.6 -328.6
975 458.2 -534.6
976 783.7 -592.5
977 76.1 -505.3
978 59.2 -560.3
979 28.7 2061.9
980 659.2 -680.2
981 -217.6 -829.9
982 1003.4 -669.9
983 -7.7 -559.2
984 71.5 -591.1
985 876 -632.5
986 1236.1 -576.5
987 1002.8 -707.8
988 1449.6 -470.1
989 857.2 -648.6
990 79.3 2005
991 -8.9 -613
992 87.8 -635.3
993 -7.8 -660.2
994 383.1 -617
995 354.4 -626.5
996 437.8 -647.2
997 290.5 -638.9
998 227.2 -815.5
999 335.4 -640.7
1000 -359.5 -624.4
1001 -98.3 1110.8
1002 -55.6 682.1
1003 -391.7 -706.8
1004 398.8 -692.1
1005 507 -773.1
1006 43.3 -659.3
1007 104 -679.6
1008 974.5 -683.7
1009 57.9 -689.7
1010 377 -723.5
1011 421.3 -804.6
1012 -522.1 -724
1013 -57.2 702
1014 -393.6 -760.4
1015 -578.2 -635.7
1016 -335 -803.3
1017 -538.8 -796.6
1018 -435.2 -839.5
1019 542.8 -858.1
1020 350.7 -813
1021 444.1 -875.5
1022 -390.9 -941
1023 -360.7 -870
1024 -94.3 678.6
1025 -322.8 -971.1
1026 -175 -916.3
1027 456.8 -1177.5
1028 -373.4 -902.7
1029 -663.8 -1009.3
1030 -496 -1114.1
1031 -385 -1118.4
1032 -245.1 -1097.3
1033 -481.3 -1064.8
1034 -282.8 -1488.7
1035 -88.2 614.9
1036 -613.1 -1114.2
1037 -605.3 -1157.5
1038 -504.6 -1154
1039 -694.3 -1192.9
1040 -408.7 -1168.6
1041 -540.2 -1394.5
1042 -629.2 -1203
1043 -663.7 -1211.9
1044 -720.5 -1263.4
1045 -608.7 -1258.3
1046 -34.8 1329.2
1047 -645.4 -1242.5
1048 -696.1 -1268.5
1049 -656 -1264
1050 -524.9 -1424.2
1051 -276.4 -1450.6
1052 -429.6 -1452.5
1053 -327.9 -1487.6
1054 -215.1 -1487.9
1055 -272.7 -1578.8
1056 -268.9 -1602.5
1057 -20.6 1302.8
1058 -264.7 -1640.9
1059 -98.9 -1635.3
1060 -260 -1701.6
1061 -253.2 -1816.1
1062 -163.4 -1699
1063 -251 -1844.5
1064 -402.6 -1823.1
1065 -154.4 -2091.6
1066 -770.7 -1919.3
1067 -773.1 -2024.1
1068 903.6 -754
1069 32.3 -2064.1
1070 38.1 -2144.1
1071 -15.5 -2067.7
1072 -10.1 -2149.9
1073 -54 -2161.3
1074 -371.4 -2121.8
1075 -324.7 -2086.7
1076 -349.8 -2127.4
1077 -231.6 -2094.6
1078 -103.1 -2112.5
1079 849.1 -746.6
1080 -239.8 -2013.1
1081 -230.7 -2118.7
1082 -552.2 -2201.5
1083 -108.8 -2031.1
1084 -772.4 -2210.7
1085 -226.7 -2165.4
1086 -98.5 -2186.5
1087 -689.8 -2257.5
1088 -425.7 -2170.2
1089 -490.4 -2284.6
1090 1020.3 -788.7
1091 -417.5 -2207.1
1092 -53.4 -2238.9
1093 -859.5 -2177.8
1094 -796 -2198.8
1095 -822.1 -2110.1
1096 -573.6 -2240.8
1097 -116.4 -2347.2
1098 -251.5 -2380.6
1099 -34.8 -2264.3
1100 -608.9 -2303.6
1101 -812.7 -1352.8
1102 -408.9 -2325.5
1103 -526.7 -2350
1104 -653.5 -2385.9
1105 -137.5 -2390.7
1106 -445.1 -2395.5
1107 -560.5 -2412.4
1108 -328.1 -2369.4
1109 -366.5 -2443.2
1110 -290.4 -2395.4
1111 -406.4 -2418.4
1112 355.2 3199.2
1113 -811.6 -1378.7
1114 -210.2 -2409.8
1115 -329.9 -2470.8
1116 -286.3 -2493.5
1117 -573.1 -2432
1118 -262.7 -2507.7
1119 -160.2 -2437.7
1120 -216.1 -2534.6
1121 -751.6 -2678.1
1122 -841.1 -2636.9
1123 -974.5 -2427.6
1124 -807.2 -1233.4
1125 -27.6 2100.4
1126 53.2 2172
1127 -105.6 1589.4
1128 -137.7 1598.8
1129 -91 1697.7
1130 -183.6 989.2
1131 -187.8 1061.9
1132 -336.3 964.2
1133 -275.3 947.4
1134 -341.2 919.7
1135 -576.7 -2053.7
1136 -179.6 940
1137 -282.8 899.4
1138 -440.2 772.9
1139 -5.8 878.3
1140 -312.1 870.1
1141 -383.3 766.5
1142 -511.2 504.6
1143 -495.8 660.6
1144 247.2 705.3
1145 78 571.3
1146 -633.1 -2150.5
1147 89.6 641.6
1148 -47.4 590.9
1149 -53.5 659.8
1150 225.4 532.1
1151 212.1 442.5
1152 -36.2 481.4
1153 65.4 465.9
1154 200.6 365.4
1155 -695.9 424.6
1156 -921.3 260.7
1157 -670 -2021.4
1158 56.2 391
1159 195 328.9
1160 -108.5 230.9
1161 -1469.4 280
1162 -1721.8 410.7
1163 -1430.1 249.1
1164 -913.6 211.9
1165 -1407.6 219.1
1166 -1387.1 197.9
1167 -1311.2 200
1168 -478.2 -2083.8
1169 -888.2 57.1
1170 -1454.8 97.1
1171 -109.2 59.5
1172 -372.1 104
1173 85.1 10.8
1174 -36.4 86.7
1175 -258.4 67.6
1176 -344.6 91.5
1177 -1442.6 70.4
1178 -1438.2 -71.4
1179 -674.7 -1933.4
1180 -1556.7 5.3
1181 -1708 -156.5
1182 -1469 -85.9
1183 -1691.7 65
1184 -187.2 -95.1
1185 -118.7 -48.3
1186 -1507.4 -116.9
1187 -1464.5 -138.3
1188 -2201.7 -121.6
1189 -2322 -210.3
1190 -764.9 -1989.4
1191 -2036.3 -98.8
1192 -2282.6 -255.9
1193 -1663.6 -221.6
1194 -2069.2 -175.7
1195 -2091.8 -177.9
1196 -2025.5 -209.9
1197 -1881.4 -240
1198 -2233 -387.6
1199 174.9 2912.6
1200 126.7 3014.2
1201 -710.9 -2103.3
1202 159.3 2815.3
1203 206.2 3054.2
1204 8 2363.3
1205 -56.2 2416.7
1206 -204 2460.1
1207 -163.7 2097.7
1208 -194.4 2127.2
1209 -46.4 2003.9
1210 -396.8 2018.8
1211 -220.6 2022.8
1212 -784.9 -1721.9
1213 -53.4 1960.9
1214 -64.1 1883.6
1215 -58.1 1925.7
1216 -73.5 1811.3
1217 -104.2 1889.4
1218 -118.9 1453.3
1219 -124.4 1482.5
1220 138.6 631.4
1221 183.3 625.8
1222 -11.1 657.3
1223 334.5 3142.2
1224 -789.9 -1655.3
1225 76.1 731.1
1226 -633.5 288.1
1227 -467.2 382.7
1228 -747.9 270.3
1229 -690.9 86.8
1230 -793.7 174.4
1231 -1298 -289.6
1232 -1271.4 -348.1
1233 -1389.1 -337.9
1234 -1477.7 -423.1
1235 -776.9 -1832
1236 -1363.4 -262.1
1237 -1059 -404.1
1238 -1011.9 -833.9
1239 -909.5 -963.2
1240 -1092.6 -775
1241 -960.1 -418.6
1242 -881.1 -959.4
1243 -892.2 -991.5
1244 -838.8 -903.4
1245 -926.3 -1099.5
1246 -817.6 -1723.3
1247 -955.7 -1104.7
1248 -1578.3 -1155.5
1249 -928.3 -1136.8
1250 -898.3 -1170.7
1251 -877.9 -1206.9
1252 -1093.9 -1425.3
1253 -1271.1 -3035.2
1254 -1312 -3038.7
1255 -1204.4 -3145.1
1256 -1234.1 -3017.1
1257 -692.3 -1717.5
1258 -1036.4 -3301.1
1259 -1407.1 -3217
1260 -1397.4 -3182.2
1261 -1406.8 -3243
1262 -980.4 -3304.5
1263 -1096.1 -3402.5
1264 -1315.9 -3356.5
1265 -1450.6 -3368.2
1266 -1368.1 -3243.1
1267 -1195 -3353.7
1268 -293.7 -1950.5
1269 -1162.3 -3269.9
1270 -1163.6 -3606.3
1271 -1229.5 -3374
1272 -1260.8 -3370.3
1273 -1498.7 -3370.3
1274 -1463.7 -3332.5
1275 -993.4 -3401.3
1276 -1036.4 -3402.7
1277 -1231 -3590.7
1278 -1231.4 -3618.5
1279 -388.4 -1949.6
1280 -1001.2 -3607.9
1281 -1056 -3781.6
1282 -1121 -3769.9
1283 -1639.5 -3692.7
1284 -1693.9 -3742.9
1285 -1558.4 -3596.2
1286 -1632.7 -3725.2
1287 -1729.1 -3924.8
1288 -1607 -3761.7
1289 -1164.3 -3760.9
1290 -305 -1818.2
1291 -1182.3 -3862.8
1292 -986.6 -3797.8
1293 -918.1 -3862.3
1294 -734.9 -3950.7
1295 -848.7 -4023.3
1296 -599.1 -3939.4
1297 -498 -3944.9
1298 -653.4 -3838.5
1299 -631.9 -3950.4
1300 -697.4 -3999
1301 -285.1 -2100
1302 -651.2 -4024
1303 -1910.5 -4106.9
1304 -2010.3 -4164.9
1305 -1974.9 -4248
1306 -1828.3 -3919.2
1307 -1759 -4132.9
1308 -1861 -4225.9
1309 -1445.5 -4101.7
1310 -1743.3 -4064.8
1311 -2081.8 -4154.7
1312 1133.3 -2206.6
1313 -2116.8 -4199.6
1314 -2038 -4276.1
1315 -1967.8 -4399.4
1316 -1965.3 -4645.7
1317 -1913.1 -4637.1
1318 -1897 -4505.7
1319 -2179.8 -4632.4
1320 -2148.8 -4740.3
1321 -1958.4 -4739.3
1322 -1948.6 -4765.2
1323 1225.8 -2202.4
1324 -2091.5 -4886.1
1325 -1930.4 -4842
1326 -1996 -4867.2
1327 -1970.6 -4912.3
1328 -1835.7 -4923.3
1329 -1894.4 -4528.6
1330 -1973.5 -4937
1331 -1996.7 -5044.6
1332 -1653.4 -5036.3
1333 -996.8 -5485.7
1334 308.9 3392.3
1335 -609.2 -924
1336 -2161.6 -5071.4
1337 -2012 -5104.9
1338 -1946.2 -5084.6
1339 -1957.7 -5127
1340 -1941.2 -5235.3
1341 -2552.5 -5667.3
1342 -2365.7 -5906.7
1343 -2568.7 -5992.2
1344 -2320.7 -5317.7
1345 -1501.6 -2959.5
1346 -351.3 -1037.5
1347 -1517.2 -3036
1348 -1631.2 -2981.1
1349 -1359.1 -3028.9
1350 -1862.1 -2982.7
1351 -1896.2 -3099.3
1352 -2189.8 -3157.6
1353 -2542.4 -2976.7
1354 -2646.5 -2927.6
1355 -2441.9 -3162.7
1356 -1543.8 -3146.9
1357 -565 -705.5
1358 -1653.2 -3083.8
1359 -1659.6 -3118.7
1360 -1789.4 -3084.9
1361 -1667 -3148.2
1362 -1833 -3189.3
1363 -1288.7 -3181.8
1364 -1562.6 -3224.5
1365 -2433.2 -3143.7
1366 -1869 -3164.5
1367 -2085.7 -3412.7
1368 1466.2 -2832.1
1369 -2426.9 -3238.1
1370 -1957.3 -3179.1
1371 -2057.2 -3266.8
1372 -1600.7 -3210.4
1373 -2180.4 -3328.1
1374 -2567 -3232.9
1375 -1537.3 -3448.4
1376 -1552.5 -3532.6
1377 -1567.9 -3856.3
1378 -1372.1 -3966.1
1379 1466.6 -2806.6
1380 -1415.8 -4194.9
1381 -1425.8 -4163.8
1382 -1803.8 -4498.4
1383 -1413.9 -4232.4
1384 3370.9 1802.4
1385 3402.1 1666.3
1386 3444.9 1727.8
1387 3199.2 1871.3
1388 3059 1736.5
1389 3104.9 1687.3
1390 1469.7 -2874.5
1391 3008.1 1543.3
1392 3091.1 1773.5
1393 3480.2 1591
1394 3196 1544.5
1395 3196.9 1477.6
1396 3080.4 1544.5
1397 3001.6 1472.6
1398 3287.6 1510.2
1399 3245.4 1488
1400 3109.4 1792.7
1401 1406.5 -2879
1402 3197.8 1433.5
1403 3193.8 1333
1404 3882.7 1386.4
1405 4048.7 1304.6
1406 3891.2 1436.8
1407 3874.7 1307.8
1408 3125.7 1330.4
1409 3367.5 1237.4
1410 2959.9 1288.9
1411 2714.7 1175.1
1412 -410.5 -1695.9
1413 3051.1 1331.2
1414 3573.9 1174.4
1415 3572.8 1062.5
1416 3726.5 1168.3
1417 2990.9 834.5
1418 2952.6 946.5
1419 3030 892.1
1420 2968.6 868.3
1421 3241 790.5
1422 3120.3 848.6
1423 -416.2 -1597.1
1424 3116.1 933
1425 3069.2 651.3
1426 4177.7 466.2
1427 3949.8 313.7
1428 4228.8 495.7
1429 4160.7 450.8
1430 3943.9 -64.6
1431 3984.7 507.9
1432 4282.7 466.7
1433 4299.3 494.8
1434 -404.7 -1752.2
1435 4286.3 385.6
1436 2817.9 213.9
1437 1869.6 181.4
1438 3470.7 300.7
1439 3515.6 132.2
1440 3697.1 360.2
1441 3147.8 316.1
1442 3531 108.2
1443 3554.8 101.9
1444 3394.1 -95.3
1445 171.4 832.7
1446 -1042.5 -1754.2
1447 2979.1 72.5
1448 2929.4 -99.6
1449 3051.8 72.7
1450 2825.5 -122.3
1451 2976.8 -191.4
1452 2811.1 -272.6
1453 2897.3 -280.7
1454 2823.8 -212.1
1455 2810.3 -320.9
1456 2694.7 -317.5
1457 -1351.7 -2962.8
1458 2898 -324
1459 2784.2 -367.6
1460 2774.7 -446.9
1461 2755.1 -398.2
1462 2808.9 -525
1463 2929.4 -590.2
1464 2916.1 -759.8
1465 2829.5 -565.3
1466 2967.1 -580.1
1467 2927.6 -324.3
1468 -1020 -1743.8
1469 2796.4 -702.6
1470 2825.3 -716.6
1471 2797.3 -732.2
1472 2409.2 -971
1473 2962.8 -759.9
1474 2964.2 -668.6
1475 2915.7 -935.8
1476 2889.5 -759.2
1477 2865.4 -835.3
1478 2344.7 -1210.7
1479 -11.5 -21.8
1480 2234.6 -1284.3
1481 2417 -1101.3
1482 2063.5 -1435.6
1483 1683.5 -1747.7
1484 2133.4 -1441.7
1485 1909.6 -1638.4
1486 2139.1 -1555.3
1487 2499.8 -1969.3
1488 2171.4 -1533.2
1489 1879.9 -1646.4
1490 148.2 -378.9
1491 1887.4 -1759.2
1492 1751.8 -1800.9
1493 1817.1 -1675.4
1494 1829.9 -1754.3
1495 1795.6 -1833.7
1496 1745.5 -1868.8
1497 1572.2 -1813.2
1498 1559.7 -1796.1
1499 1610.4 -1860.1
1500 1435.4 -1901.1
1501 -96.7 -45.5
1502 1694.2 -1866.2
1503 701.8 -2098.2
1504 644 -2117.4
1505 734.7 -2386.6
1506 1014.9 -2159.7
1507 987.5 -2267.3
1508 980.7 -2120.6
1509 1166.2 -2654.7
1510 861.9 -2217.9
1511 990.9 -2397.1
1512 -596.9 -1710.5
1513 832 -2134.4
1514 916.6 -2308.7
1515 964.9 -2556.9
1516 1349.7 -2592.7
1517 1464.1 -2777.6
1518 1327 -2646.5
1519 1204.6 -2656.4
1520 1370.7 -2721.7
1521 -1419.3 -3285.9
1522 -635.2 5412.2
1523 -711.2 -1415.6
1524 -466.8 5401.5
1525 -596 5451.3
1526 -321.2 5299.9
1527 -603.5 5266.1
1528 -348.3 5140.6
1529 -241.5 5216.7
1530 -360 5204.6
1531 -556.8 5144
1532 -459.2 5192.1
1533 -168.5 5088.7
1534 -682.6 -1823.5
1535 -535.2 5057.7
1536 -331.3 5112.9
1537 -510 5029.6
1538 -423.2 4984.1
1539 -666.4 5007
1540 -1143.1 5249.7
1541 -938.4 4942.8
1542 -793.1 4816.1
1543 -827.3 4595.4
1544 -479.7 4701.4
1545 827.5 -806.9
1546 -739.8 4695.3
1547 -534.6 4557.7
1548 -786.4 4645.4
1549 -594.9 4517.1
1550 -390.1 4401.9
1551 -414.5 4245.3
1552 -125.8 26.9
1553 1949.5 -3671.3
1554 1918.9 -3637.9
1555 -183.3 -69.8

# Edges
0 1
0 668
1 1312
1 1323
2 624
2 886
2 888
2 1445
3 1503
3 1513
3 1545
4 948
4 1555
5 287
5 1555
6 7
6 8
6 963
7 8
7 10
8 54
9 950
9 1184
9 1185
10 11
10 1015
11 12
11 15
11 16
12 13
12 180
13 56
13 59
13 169
13 1124
13 1251
14 147
14 1005
14 1545
15 1335
16 53
16 55
17 224
17 757
17 890
18 735
18 1046
18 1057
19 20
19 147
19 975
19 1490
20 21
20 225
21 324
21 1173
22 184
22 746
22 795
22 796
22 968
23 480
23 990
23 1129
24 26
24 797
24 913
25 36
25 1290
26 39
26 801
27 717
27 887
28 30
28 780
28 934
29 1437
30 31
30 925
31 188
31 923
32 782
32 934
33 35
33 37
33 939
34 939
34 972
35 765
35 770
36 1053
36 1058
36 1423
37 38
37 765
38 972
39 605
39 794
40 41
40 1187
40 1236
41 1231
41 1236
42 45
42 454
42 1237
43 44
44 45
46 48
46 1248
47 191
47 1512
47 1523
48 49
48 50
49 453
49 1240
50 454
51 52
51 1241
51 1244
52 53
52 54
53 54
55 56
55 1244
56 57
57 1250
57 1251
58 69
58 80
58 91
59 60
59 61
60 61
60 64
61 62
62 134
63 103
63 104
63 1252
64 65
64 103
65 103
65 134
66 103
66 104
66 1468
67 1256
67 1349
67 1468
68 562
68 1259
68 1349
69 1009
70 71
70 396
71 1297
72 74
72 606
72 1511
73 74
73 75
75 1509
76 1504
76 1505
77 78
77 1027
78 79
80 1021
80 1027
81 82
81 1382
82 257
82 598
83 84
83 85
83 262
83 394
84 93
85 393
85 1291
86 87
86 88
86 89
87 89
87 92
88 90
88 263
89 96
90 92
91 158
91 1007
92 394
93 94
93 95
94 100
95 99
96 97
96 98
97 561
100 101
101 1333
102 114
102 125
102 1168
104 1446
105 581
105 1433
106 107
106 108
106 109
107 1549
108 484
108 486
109 110
109 111
110 278
110 487
110 520
111 486
111 573
112 115
112 116
112 117
113 186
113 1144
113 1445
114 191
114 1412
114 1512
115 277
115 278
116 120
116 573
117 272
117 274
118 119
118 572
119 120
120 121
121 122
121 123
122 272
122 571
123 128
123 570
124 1450
124 1456
125 1075
125 1279
126 330
126 974
126 1459
127 128
127 129
127 712
128 130
129 587
129 650
130 131
131 132
131 531
132 133
133 1162
134 135
135 138
136 147
136 158
136 236
137 138
137 1113
137 1224
138 284
139 140
139 1235
139 1246
140 1066
140 1235
141 353
142 153
142 154
143 213
143 1135
143 1179
144 1026
145 146
145 1063
146 149
146 150
147 995
148 152
148 1063
148 1080
149 152
150 151
151 152
151 1083
153 155
153 698
154 164
154 165
155 156
156 157
157 159
157 160
158 977
158 997
159 161
159 162
160 248
161 1320
161 1324
162 163
163 164
166 167
167 716
168 1342
168 1343
169 180
169 1124
170 459
170 1343
171 172
171 173
172 175
173 389
173 1367
174 175
174 176
176 177
177 178
178 1374
179 181
180 1029
181 390
181 1374
182 183
182 1457
183 563
183 1457
184 185
184 746
185 232
185 839
186 624
186 899
186 1144
187 624
187 892
188 291
188 924
189 288
189 1035
190 1032
191 202
191 1423
192 282
192 1121
192 1123
193 194
193 195
193 196
194 195
194 378
194 379
195 197
196 372
196 378
197 198
198 199
198 200
199 203
199 371
200 201
200 203
200 204
201 204
201 376
202 1050
202 1052
203 370
203 371
204 368
205 206
205 207
205 208
206 363
206 1443
207 363
207 1430
208 365
209 210
209 1431
209 1440
211 212
211 214
211 1441
212 314
213 1512
213 1534
215 216
215 217
215 218
216 219
217 314
217 400
218 222
218 223
219 220
219 434
220 221
221 222
222 1415
223 226
223 229
224 1139
224 1445
225 236
225 247
226 227
226 228
227 229
227 230
228 230
228 403
229 1409
229 1415
230 1408
231 625
233 804
233 840
234 243
234 244
234 843
235 239
235 241
235 843
236 1173
237 238
237 239
240 241
240 242
241 243
242 552
245 1164
245 1169
246 483
246 584
246 667
247 933
247 934
248 249
248 1319
249 250
249 1313
250 251
251 252
253 254
253 1287
253 1306
254 1284
255 256
255 257
255 1378
256 259
257 1383
258 269
258 280
258 1174
259 260
259 261
261 1291
264 1278
265 266
265 1378
266 559
267 268
268 271
269 1160
269 1171
270 271
271 455
272 273
273 274
274 275
275 276
276 277
279 281
279 283
280 289
280 291
280 1160
281 282
281 1093
282 283
284 1224
285 980
285 1079
286 780
286 1159
287 596
287 1175
288 289
290 293
291 923
291 1174
292 293
292 839
294 295
294 296
295 792
296 605
296 800
297 298
297 1376
298 1375
299 300
299 301
300 303
301 1336
301 1344
302 313
302 1171
302 1184
303 304
303 1344
304 305
306 1329
306 1382
307 308
307 1390
308 310
309 1390
310 567
310 1554
311 312
311 896
311 910
312 449
312 450
313 324
313 1479
314 1425
315 1425
316 318
316 319
316 1323
317 321
317 323
317 1323
319 320
320 321
320 1500
321 323
322 323
322 458
322 1498
324 1174
325 326
325 1480
325 1481
326 1484
327 328
327 331
327 1472
328 329
329 332
330 342
330 1465
332 333
334 1487
335 446
335 557
335 642
335 643
336 680
336 691
336 812
337 1451
337 1454
338 339
338 1451
339 465
340 341
341 1474
342 343
343 344
345 346
345 349
345 350
346 348
347 358
347 369
347 380
348 349
349 355
350 352
351 352
352 353
353 354
355 356
356 1466
357 360
357 1439
358 831
358 832
359 360
359 1449
360 1441
361 362
361 1427
362 1430
363 364
364 1443
365 1440
366 367
366 1435
367 368
368 370
369 825
369 832
371 379
372 373
372 374
373 376
374 377
374 378
375 376
375 1435
377 378
377 379
380 579
380 691
381 382
381 383
382 385
382 1372
383 384
384 599
385 387
385 388
386 387
386 388
387 388
391 402
391 1334
392 1308
392 1318
393 600
394 560
395 1297
396 397
398 469
398 1090
399 759
399 761
400 434
401 409
401 1393
401 1409
402 836
402 838
403 1411
403 1424
404 444
404 1411
405 439
405 441
405 1416
406 407
406 408
406 1406
407 408
409 410
410 1393
411 1385
411 1387
411 1400
412 808
412 1387
413 793
413 946
413 1057
414 415
414 416
414 417
415 423
416 423
416 425
417 419
417 421
417 806
418 420
418 421
419 420
420 421
422 426
422 582
424 458
424 1312
424 1508
425 426
427 811
428 811
428 1386
429 430
429 808
431 432
431 433
432 607
432 807
433 540
433 547
435 1013
435 1139
435 1225
435 1445
436 438
436 443
436 810
437 438
437 439
437 440
438 440
439 442
440 441
441 1405
442 443
444 622
445 448
445 718
446 586
446 651
447 779
447 1013
447 1139
449 450
451 452
451 734
452 741
453 1240
454 1234
455 1197
456 457
456 1206
457 1206
458 469
459 460
459 461
460 463
461 462
464 1342
465 1467
466 467
466 653
467 468
468 470
470 653
471 472
471 473
472 474
473 475
473 1540
474 574
475 673
476 481
476 662
477 478
477 479
478 482
479 483
480 491
480 913
480 1127
481 482
483 484
484 485
485 490
488 1540
489 492
489 674
490 492
491 724
491 1046
491 1218
493 494
493 495
493 661
494 496
494 497
495 500
495 511
496 575
496 576
497 575
498 499
498 500
498 501
499 504
500 511
501 504
501 506
502 513
502 524
502 883
503 504
503 505
503 506
503 507
505 656
506 656
507 508
508 509
508 510
509 510
510 512
512 514
512 515
513 719
513 878
514 515
514 516
515 516
516 518
517 519
518 519
520 816
520 1551
521 522
521 529
521 816
522 523
523 525
524 717
525 527
526 527
526 528
527 528
528 583
530 877
532 815
533 1227
534 538
534 626
535 546
535 558
535 569
536 549
536 602
537 547
537 548
537 602
538 539
540 541
540 542
541 544
541 872
542 543
544 545
546 623
546 632
547 549
550 855
551 552
553 554
553 807
555 859
556 1542
556 1546
556 1548
557 635
558 627
558 628
559 1283
563 564
564 565
566 1553
568 1143
569 580
572 573
576 577
578 662
579 691
579 833
579 1203
580 744
584 590
585 646
587 588
587 589
589 592
590 592
591 602
591 613
593 594
593 658
593 665
594 665
595 835
595 1131
595 1133
597 612
597 1264
598 1383
599 619
601 886
601 887
601 957
603 604
603 813
603 835
604 846
604 1131
605 795
608 696
609 610
610 685
611 679
612 616
613 626
614 615
614 616
617 618
618 619
620 979
620 1125
620 1207
620 1209
621 979
621 990
622 625
623 625
627 787
627 1437
628 629
628 744
629 630
629 631
630 722
630 920
631 729
631 920
632 633
633 634
633 743
634 636
635 646
635 657
636 641
637 638
637 639
637 640
638 1436
638 1437
639 783
639 784
640 936
641 718
641 877
642 644
642 645
645 715
646 648
646 710
647 648
647 649
647 650
648 708
649 654
649 657
651 652
651 653
651 879
652 704
654 657
655 656
655 658
658 663
659 660
659 661
659 662
660 673
660 674
663 664
663 665
664 666
666 667
666 670
668 1516
669 680
669 691
669 1223
670 681
671 672
672 679
675 676
675 677
675 678
676 678
676 1550
677 1536
677 1538
678 1547
679 681
680 691
680 702
682 683
682 684
682 685
683 697
683 698
684 693
686 687
686 688
686 689
687 690
688 690
688 704
689 705
689 706
691 1203
692 693
692 694
693 707
694 701
695 696
695 697
695 698
699 700
699 701
699 703
702 713
702 746
704 707
705 706
708 709
708 710
710 712
711 712
713 1112
713 1223
714 715
714 716
717 885
718 719
720 721
720 722
720 723
720 738
721 728
721 733
722 921
722 922
723 729
723 921
724 846
724 857
724 1001
725 726
725 727
725 728
726 731
726 734
727 732
728 731
729 730
730 740
730 741
732 733
733 739
735 768
735 1001
736 737
736 738
736 739
737 907
737 916
737 917
738 922
739 918
740 928
740 930
741 942
742 743
742 744
743 751
745 747
745 748
747 749
748 751
748 752
748 753
749 750
749 917
750 906
750 910
751 903
752 754
752 755
754 755
756 758
756 759
756 760
756 761
757 768
757 946
758 955
758 959
760 771
760 772
761 959
762 763
762 764
762 765
763 765
763 951
764 772
764 951
766 767
766 769
766 770
767 774
767 931
768 890
768 1001
769 781
769 782
770 932
771 943
772 773
773 775
773 932
774 775
774 776
775 931
775 943
776 914
777 778
777 781
778 1144
778 1150
778 1221
779 890
779 1001
780 782
780 791
783 787
783 929
784 785
785 786
785 938
786 962
786 988
788 798
788 800
788 801
789 790
789 792
790 792
791 924
791 1158
793 798
793 799
794 795
794 796
796 968
797 798
797 801
798 913
799 887
799 957
800 801
802 813
802 824
802 835
803 804
803 861
803 870
805 806
805 807
806 808
809 810
809 811
812 968
812 1126
813 1218
814 815
814 816
814 817
817 818
817 820
818 819
819 821
819 822
820 822
820 826
821 822
821 823
823 826
823 827
825 829
826 828
827 830
827 831
828 834
830 834
831 832
831 833
833 834
833 1200
836 837
837 839
837 840
838 1334
841 842
841 844
842 843
844 847
844 850
845 847
845 848
846 1131
847 851
848 849
849 851
849 856
849 863
850 851
850 853
851 858
852 863
852 867
853 854
853 855
854 866
856 862
856 863
857 1024
857 1136
858 862
858 865
859 871
860 861
861 865
862 864
864 865
864 869
867 870
867 871
868 879
868 891
869 870
871 872
873 874
873 875
874 878
875 876
875 877
878 880
880 881
881 882
881 883
882 893
882 900
883 884
884 889
885 886
885 887
885 888
888 889
888 892
890 1139
892 901
893 894
893 895
894 898
894 899
894 900
895 897
896 910
897 898
897 904
898 899
899 901
900 901
902 913
902 1046
902 1057
904 905
905 909
905 912
906 907
906 908
906 909
907 911
909 911
911 915
912 915
912 919
914 918
915 916
916 919
917 922
918 919
920 921
923 925
924 935
925 1173
925 1174
926 927
926 928
926 929
927 928
927 929
930 944
931 932
932 951
933 939
934 1173
935 1152
935 1158
936 937
936 938
937 938
937 960
940 941
940 942
941 942
941 944
941 947
944 945
945 947
945 988
946 957
947 986
948 949
948 1172
949 963
950 963
952 953
952 954
953 981
954 963
954 964
955 956
955 958
956 959
956 967
958 965
958 966
960 961
960 962
961 969
962 970
963 1015
964 1000
965 967
966 971
966 972
967 971
968 979
968 990
970 974
971 973
973 975
973 976
974 1456
975 980
976 980
976 989
977 978
977 1490
978 983
978 984
980 1079
981 1025
981 1026
982 1008
983 991
984 991
984 992
985 989
985 1008
986 987
986 988
987 989
987 1008
991 993
992 1006
992 1007
993 1006
994 995
994 996
995 999
996 1004
996 1005
997 998
997 999
998 999
998 1010
1000 1003
1002 1013
1002 1024
1002 1149
1003 1012
1003 1014
1004 1010
1004 1011
1005 1019
1006 1009
1007 1009
1011 1020
1012 1017
1012 1357
1014 1016
1014 1018
1015 1357
1016 1023
1017 1018
1017 1022
1018 1023
1019 1021
1020 1021
1022 1025
1022 1028
1023 1028
1024 1035
1025 1346
1029 1030
1029 1335
1030 1033
1030 1038
1030 1040
1031 1033
1031 1040
1031 1346
1032 1034
1032 1346
1034 1051
1034 1053
1034 1054
1034 1055
1036 1037
1036 1038
1036 1039
1037 1042
1038 1041
1039 1043
1039 1044
1041 1050
1042 1043
1042 1045
1042 1047
1043 1048
1044 1048
1044 1050
1045 1047
1045 1049
1046 1057
1047 1049
1048 1049
1051 1054
1052 1053
1052 1423
1055 1056
1056 1058
1056 1059
1058 1059
1058 1060
1060 1061
1060 1062
1061 1063
1061 1290
1064 1279
1064 1290
1064 1434
1065 1077
1065 1078
1066 1190
1067 1095
1067 1190
1068 1079
1068 1090
1069 1070
1069 1071
1070 1072
1071 1072
1071 1073
1072 1073
1073 1078
1074 1076
1074 1168
1075 1076
1075 1301
1076 1085
1077 1080
1077 1081
1078 1083
1079 1545
1081 1085
1081 1301
1082 1096
1082 1146
1082 1168
1084 1087
1084 1094
1084 1201
1085 1086
1086 1092
1087 1100
1087 1146
1088 1089
1088 1091
1088 1168
1089 1096
1089 1102
1089 1103
1091 1097
1091 1098
1092 1097
1092 1099
1093 1094
1093 1095
1096 1100
1097 1105
1098 1105
1098 1114
1100 1103
1100 1104
1101 1113
1101 1124
1101 1523
1102 1106
1103 1106
1103 1107
1104 1117
1105 1119
1106 1111
1107 1117
1108 1109
1108 1110
1108 1111
1109 1111
1109 1115
1110 1115
1110 1116
1112 1223
1112 1334
1114 1118
1114 1119
1115 1116
1116 1118
1117 1121
1118 1120
1119 1120
1121 1122
1122 1123
1123 1256
1125 1126
1126 1204
1127 1128
1127 1129
1127 1219
1129 1216
1130 1131
1130 1133
1130 1136
1132 1133
1132 1134
1133 1137
1134 1137
1134 1138
1135 1146
1135 1157
1135 1168
1136 1137
1137 1140
1138 1141
1138 1143
1140 1141
1141 1142
1142 1155
1142 1228
1143 1155
1145 1147
1145 1148
1145 1150
1145 1153
1146 1201
1147 1220
1147 1222
1147 1225
1148 1149
1148 1152
1149 1222
1150 1151
1151 1153
1151 1154
1152 1153
1153 1158
1154 1158
1154 1159
1155 1156
1156 1164
1156 1165
1157 1179
1157 1190
1157 1201
1160 1172
1161 1162
1161 1163
1162 1170
1163 1165
1163 1166
1165 1166
1166 1167
1167 1169
1167 1170
1169 1230
1170 1177
1170 1183
1171 1552
1172 1176
1175 1176
1175 1552
1177 1178
1178 1182
1178 1231
1179 1534
1180 1181
1180 1182
1180 1183
1181 1186
1181 1193
1182 1186
1182 1187
1183 1191
1184 1185
1185 1501
1186 1187
1187 1234
1188 1189
1188 1191
1188 1192
1189 1192
1191 1194
1192 1198
1193 1197
1194 1195
1194 1196
1196 1197
1199 1200
1199 1202
1199 1203
1202 1204
1204 1205
1205 1206
1207 1208
1209 1213
1210 1211
1211 1213
1212 1224
1212 1235
1212 1246
1212 1257
1213 1215
1214 1215
1214 1216
1214 1217
1216 1217
1218 1219
1220 1221
1222 1225
1226 1227
1226 1228
1226 1229
1228 1230
1231 1232
1232 1233
1232 1237
1233 1234
1233 1236
1237 1241
1238 1239
1238 1240
1238 1241
1239 1242
1239 1243
1242 1243
1242 1244
1243 1245
1245 1247
1245 1249
1246 1468
1247 1248
1247 1249
1249 1250
1250 1252
1251 1252
1253 1254
1253 1255
1253 1256
1254 1349
1254 1363
1255 1269
1255 1363
1257 1512
1257 1523
1257 1534
1258 1262
1258 1263
1259 1260
1259 1261
1260 1266
1260 1349
1261 1266
1261 1521
1263 1267
1263 1276
1264 1265
1264 1266
1264 1272
1265 1273
1265 1274
1267 1269
1267 1270
1267 1271
1268 1279
1268 1290
1268 1301
1270 1277
1270 1280
1271 1272
1271 1277
1272 1363
1273 1274
1273 1375
1274 1521
1275 1276
1277 1278
1278 1289
1280 1281
1280 1282
1281 1282
1281 1292
1282 1289
1283 1284
1283 1285
1283 1286
1285 1376
1286 1287
1286 1288
1288 1377
1289 1291
1292 1293
1293 1294
1293 1295
1294 1300
1296 1297
1296 1298
1296 1299
1297 1298
1299 1300
1299 1302
1300 1302
1303 1304
1303 1305
1303 1306
1304 1311
1305 1314
1305 1315
1307 1308
1307 1309
1307 1310
1308 1315
1309 1381
1309 1382
1310 1377
1311 1313
1314 1316
1315 1316
1316 1317
1316 1321
1317 1318
1318 1329
1319 1320
1321 1322
1322 1324
1322 1325
1325 1326
1325 1327
1327 1330
1328 1329
1328 1332
1328 1338
1330 1331
1331 1336
1331 1337
1332 1333
1335 1346
1335 1357
1336 1337
1337 1338
1338 1339
1339 1340
1341 1342
1341 1343
1341 1344
1345 1347
1345 1348
1345 1457
1347 1356
1347 1358
1348 1350
1348 1351
1349 1457
1350 1352
1351 1360
1352 1365
1353 1354
1353 1355
1355 1365
1355 1369
1356 1359
1356 1364
1358 1359
1358 1360
1359 1361
1360 1366
1360 1370
1361 1372
1362 1366
1364 1372
1364 1521
1366 1367
1368 1379
1368 1390
1368 1401
1369 1373
1369 1374
1370 1371
1371 1373
1375 1376
1377 1378
1379 1517
1380 1381
1380 1383
1384 1385
1384 1386
1384 1387
1385 1393
1385 1398
1388 1389
1388 1391
1388 1392
1389 1394
1389 1396
1391 1396
1391 1397
1392 1400
1394 1395
1394 1396
1395 1397
1395 1399
1395 1402
1397 1413
1398 1399
1398 1400
1399 1402
1402 1403
1403 1408
1403 1409
1404 1405
1404 1406
1404 1407
1407 1416
1408 1413
1409 1414
1410 1411
1410 1413
1412 1423
1412 1434
1414 1415
1414 1416
1417 1420
1417 1422
1418 1419
1418 1420
1419 1420
1421 1422
1421 1424
1421 1425
1422 1424
1426 1427
1426 1428
1426 1429
1428 1432
1428 1433
1429 1430
1429 1431
1432 1433
1432 1435
1436 1441
1436 1447
1438 1439
1438 1440
1438 1441
1439 1442
1442 1443
1442 1444
1446 1457
1446 1468
1447 1448
1447 1449
1448 1450
1448 1451
1452 1453
1452 1454
1452 1455
1452 1456
1453 1458
1455 1458
1455 1459
1458 1467
1459 1461
1460 1461
1460 1462
1462 1465
1463 1464
1463 1465
1463 1466
1463 1467
1464 1473
1464 1475
1464 1476
1465 1469
1466 1474
1469 1470
1469 1471
1470 1471
1470 1476
1471 1472
1472 1481
1473 1474
1473 1475
1475 1477
1476 1477
1478 1480
1478 1481
1479 1490
1479 1501
1480 1488
1482 1483
1482 1484
1482 1485
1483 1492
1483 1493
1483 1497
1483 1498
1484 1486
1485 1489
1485 1491
1486 1487
1486 1488
1487 1491
1489 1493
1491 1494
1492 1495
1492 1496
1493 1494
1494 1495
1496 1502
1497 1498
1497 1499
1497 1500
1499 1502
1503 1504
1503 1505
1506 1507
1506 1508
1506 1509
1507 1510
1507 1511
1507 1513
1509 1519
1510 1513
1510 1514
1511 1514
1511 1515
1516 1517
1516 1518
1517 1520
1518 1519
1522 1524
1522 1525
1524 1526
1524 1527
1525 1529
1526 1528
1526 1529
1527 1530
1527 1531
1528 1530
1528 1536
1530 1532
1531 1532
1531 1535
1532 1535
1533 1536
1535 1537
1537 1538
1538 1539
1539 1540
1539 1541
1541 1542
1543 1548
1544 1546
1544 1547
1546 1548
1547 1549
1550 1551
1552 1555
1553 1554
