# Nodes
0 909.4 1123.9
1 945.8 1123.8
2 -349.5 1737.5
3 -281.2 2161.9
4 -1988.8 2147.8
5 -1898.1 2114.5
6 -1682.1 2134
7 -1602.2 2140.9
8 -1995.4 2200.4
9 -1906.4 2212.7
10 -2008.8 2336.5
11 -1773.5 2226.9
12 -1690.6 2234.7
13 -1781.7 2310.4
14 173.9 928.3
15 -2094.1 2187
16 -2089.2 2137.6
17 -2205.8 2318.5
18 -2141 2714.9
19 -2131.9 2619.6
20 -2072 2712.1
21 -2252.4 2719.4
22 -1610.9 2242.8
23 -2218.9 2464.8
24 -2117.9 2471.7
25 -177.7 1891.1
26 -2312.5 2457
27 -2231.1 2612.4
28 -2549.1 929.3
29 -2253.2 952.3
30 -2629.3 923.4
31 -3011 895.6
32 -2970.2 898.5
33 -3148.8 885.8
34 -2913.7 902.5
35 -2742.5 914.7
36 -245.1 1884.2
37 -3216.3 881
38 1542.2 1503.5
39 1598.5 1480
40 1660.5 1617.5
41 -2016.2 2480.8
42 -1953.4 2706.9
43 -1943 2589.3
44 -1820.3 2700.4
45 -1832.3 2822.5
46 -2303.5 2309.8
47 -456.2 2411
48 -2300.5 2244.3
49 -2104.2 2327.8
50 -1728.8 2607.4
51 -1698.4 2315.7
52 -1810.3 2599.9
53 -2057.8 2583.5
54 -2064.1 2640
55 -2128.1 2579.2
56 -2074.8 2744.5
57 -1873.4 2594
58 -351.7 1759.2
59 -1649.4 2614.8
60 -1644 2566.7
61 -1442.5 2295.1
62 -1493.7 2687.8
63 -1493.1 2732.6
64 -1353.6 2540.8
65 -1473 2537.9
66 -1482 2606.1
67 -1619.1 2320.8
68 -1347.8 2447.5
69 -411.9 1727.9
70 -1359.9 2644.5
71 -1358.2 2616.9
72 -1391.8 2656.3
73 -2306.4 2606.9
74 -868.1 2460.8
75 -1942 2872.3
76 -1449.7 2947.2
77 -1800.5 2500.8
78 -1345.9 2417.1
79 -1340.5 2328.4
80 1939.9 543.5
81 -1257.5 2434.9
82 -1264.4 2458.1
83 -1129.8 2558.6
84 -1269.9 2611
85 -1100 2282.2
86 -1094.6 2229.4
87 -1027.9 2285.2
88 -1105 2328.9
89 -935 1655.8
90 -956 1804.9
91 1973 396.8
92 -975.1 2114.9
93 -1009.2 2111.6
94 -1018.7 2199.2
95 -986 2287.1
96 -988.9 2333.7
97 -991.2 2369.2
98 -996.4 2451.5
99 -1055.7 2448.9
100 -1000.1 2510
101 -993.7 2408.8
102 2018.5 570.7
103 -867.7 2414.3
104 -927.9 2411.7
105 -861.9 2336.6
106 -1113.1 2403.4
107 -1064 2534.1
108 -1117.6 2445.1
109 -1256.1 2472.2
110 -1121.2 2478.4
111 -490.9 2438.8
112 -497.9 2283.2
113 -387.1 2020.1
114 1912.9 657
115 -471.6 2150.8
116 -467.5 2131.1
117 -1835.1 444.3
118 -1891.3 271.6
119 -798.1 122
120 -2184 2781.2
121 2442.6 -1621.3
122 2510.6 -1611
123 2476.1 -1760.6
124 2136.3 -334.1
125 1384.4 1114.9
126 2041.2 -359.8
127 2138.4 -354.9
128 2182.8 -540.7
129 2192.3 -340.2
130 2544.7 -2046
131 2485.9 -2060.1
132 729.4 -1602.8
133 725 -1532
134 1786.2 -1444.8
135 1817.2 -1572.2
136 1383.1 1143.7
137 1738 -1451.9
138 2378.8 -1353.9
139 2318.8 -1362.9
140 2408.8 -1479.6
141 2717.5 -1290.2
142 2791.2 -1572.5
143 1016.8 -1557.6
144 1006.5 -1429.1
145 894.3 -1576.9
146 1059.5 -2233.1
147 -166.5 499.4
148 929.8 -2244
149 1052.8 -2100.4
150 901.8 -1717.4
151 1138.2 -1539.6
152 1170 -1810.1
153 1177.7 -1951.6
154 1185 -2086.5
155 1277.1 -2076.8
156 1203 -2397
157 1207.7 -2483.9
158 -283 476
159 941.7 -2506.3
160 1214.6 -2592.8
161 1291.2 -2476.6
162 769.3 -2257.1
163 761.6 -2131.1
164 655 -2266.4
165 1198.8 -2324.6
166 1857.6 -2155.2
167 1978.8 -2238.9
168 603.4 -2270.8
169 -189.9 619.6
170 672 -2394.9
171 721.4 -2392.3
172 691.1 -2524.3
173 566.7 -2403.2
174 232 -2432.1
175 424.1 -2415.4
176 240.2 -2544.5
177 514.3 -2042.7
178 475.1 -2074.5
179 601.1 -1890.2
180 -2021.4 -105.1
181 620.8 -2027.5
182 779 -2519.9
183 700.7 -2635.7
184 579 -2533.1
185 303.3 -1934.7
186 296.9 -1869.5
187 411.9 -1918.6
188 322.4 -1866.1
189 290.6 -1805.8
190 321.5 -2095.5
191 -2026.3 -222.8
192 200 -2112.1
193 404.7 -1855.4
194 499.5 -1905.5
195 430.5 -2080.6
196 346.4 -2092.1
197 211.6 -2225.7
198 2693.5 -1704.8
199 2593.4 -1731.5
200 2417.4 -1774.6
201 2517.5 -1933.1
202 31.9 -29.6
203 1789.6 -1876
204 1733.8 -1882.5
205 1654.3 -1891.8
206 1335.6 -1929.2
207 1270 -1938.5
208 1046.1 -1968.5
209 916.1 -1985.9
210 1037.1 -1828.3
211 754.1 -2008.4
212 747.6 -1902
213 105.9 -18.1
214 2128.6 -1835.2
215 2069.5 -1842.8
216 2090.2 -1675.4
217 2057 -1534.7
218 2160 -1664.3
219 2027.4 -1408.4
220 1982.7 -1222.6
221 1967.9 -1417.5
222 1925.5 -990.7
223 1867.4 -1004.5
224 -408.3 2157.6
225 39.5 -61.8
226 1900.2 -884.6
227 2197.1 -2120.5
228 2168.8 -2002.8
229 2137.3 -2126.6
230 2052.2 47.7
231 2082.1 -82.4
232 2150.2 73.8
233 1822.9 -13.9
234 2124.8 164.2
235 2249.7 -324.4
236 1563.3 -509.8
237 2193 -318.7
238 2218.3 -198.7
239 2045.9 -379.9
240 2080.5 -370.6
241 1961.4 23.6
242 1934.4 151.6
243 1901 145.4
244 1904.7 -407.6
245 1949.5 -580.9
246 1961.1 -402.8
247 1593.3 -636
248 1882.3 -293.5
249 1794.7 124.3
250 2322.5 -2099.1
251 2259.7 -2114.1
252 2254.4 -1813.5
253 2295.6 -1986.4
254 2199.2 -1826.6
255 2153.1 -1388.2
256 2096 -1397.4
257 2183.2 -1515
258 1713.2 -469.2
259 1850.4 -144.3
260 1989 -107.7
261 2183.2 -58.2
262 2382.7 -4.1
263 2421.2 -149
264 2260.5 -39.8
265 2115.6 -228
266 1178.7 -308.9
267 1071 -336.2
268 1426.2 -249.3
269 -2031.3 -333.6
270 1533.3 -381.3
271 1746.7 -170.1
272 1641.4 -197.2
273 2207.5 164.3
274 2431.5 -2073.1
275 2458.9 -1947.6
276 2383 -1630.4
277 2363 -1787.6
278 2349 -1488.9
279 2271.8 -1167.8
280 -2037 -465.8
281 2263.1 -1371.2
282 2378 -2085.9
283 2404.4 -1960.4
284 2309.6 -1800.3
285 2327.3 -1638.9
286 2293.5 -1497.6
287 2208.9 -1379.3
288 2217 -1178.8
289 2015.6 -388.1
290 2351 -1973.1
291 -309.8 -419.7
292 2272.9 -1646.9
293 2239.3 -1506.2
294 2005.4 -570.9
295 2235.5 -1997.8
296 2277.9 -2199.8
297 2216.7 -1655.4
298 2126.2 -1523.9
299 2051 -1210.7
300 2027.9 -1114.2
301 2084.8 -1102.1
302 -381.8 -431.1
303 1991.9 -975.2
304 1581.4 -369.4
305 1558.9 -489.6
306 1199 -460
307 1302.5 -438.9
308 1322.9 -552.1
309 1437.8 -543.9
310 1472.1 -534.6
311 1366.4 -794.4
312 1476.6 -762.3
313 -312.2 -441.8
314 1348.3 -693
315 1912.7 -2410.9
316 2008.5 -2367.2
317 1894.2 -2325.3
318 1793.6 -2161.7
319 1878.3 -2251.2
320 1827.2 -2030.5
321 1753.6 -1724.9
322 1801 -1718
323 1690.1 -1458.6
324 -283.3 -434.2
325 1612.6 -1469.3
326 1720.9 -1586.8
327 1500.5 -656.3
328 1118.3 -605.1
329 1069.3 -618.5
330 1094.6 -470.4
331 1625.2 -1601.2
332 1768.2 -1579.5
333 1998 -1544
334 1806.8 -799
335 -264.4 2026.9
336 -448.3 357.6
337 1753.7 -629.3
338 1522.6 -748.4
339 1551.7 -866.5
340 1244.3 -830
341 1237.5 -771.6
342 2196.6 -597.9
343 2123.9 -551.2
344 2060.8 -561.1
345 2049.4 -736.7
346 1994 -750.7
347 -546.4 332.6
348 1892.3 -591.1
349 1840.2 -605.1
350 1601.3 -669.1
351 1642.6 -842.5
352 1554 -681.6
353 1510.3 -698.2
354 1464.5 -713.5
355 1357.3 -743.2
356 1232.2 -726.6
357 2176.8 -2292.2
358 -424.8 227.8
359 2232.4 -2267.5
360 2076.4 -2132.8
361 2158.7 -2215.4
362 2109.1 -2007.6
363 2008.8 -1850.1
364 2031.5 -1684.1
365 1937.8 -1553.5
366 1907.7 -1426.7
367 1841.7 -899.6
368 1875.4 -780.9
369 -360.5 378.1
370 2121.1 -2317
371 2098.1 -2223.3
372 2013.2 -2139.3
373 2047.9 -2012.6
374 1971.4 -1693
375 1947.1 -1857.3
376 1875.8 -1563.2
377 1846.6 -1435.8
378 1865.1 -1249.4
379 1755.9 -812.5
380 -376.1 -40.5
381 1595.1 -855
382 959 -884.5
383 1246.9 -852.1
384 1078.6 -1031.1
385 932.9 -2313
386 852.5 -2250.6
387 870.9 -1991.8
388 921.7 -2114.3
389 908.7 -1845.9
390 865.8 -1041.1
391 -354.4 -165.6
392 499.8 -2279.6
393 459 -2283
394 510.6 -2409
395 493.6 -2199.9
396 523.4 -2537.4
397 477.5 -2541
398 358.5 -2211.9
399 168.3 -2229.8
400 220.8 -2302.7
401 406.2 -2207.8
402 -319.5 -25.8
403 196.1 -2065.1
404 127 -2071.3
405 1413.8 -2064
406 759.8 -2101.6
407 876.7 -2119
408 2584 -1917.1
409 2063.2 -2342.8
410 2035.2 -2231.3
411 1778.3 -1157.9
412 1804.6 -1263.1
413 -399.7 90.3
414 1840.8 -1147.1
415 1574.6 -968.1
416 1597.8 -1067.3
417 1666.6 -944.5
418 1782.7 -914.7
419 1690.6 -1046.6
420 236.9 -1268.4
421 218.2 -1084.8
422 193.9 -1274.8
423 333.5 -1253.9
424 -507.8 62.3
425 591.1 -1268.4
426 506.3 -1228.1
427 873 -1175.6
428 880.1 -1309.3
429 983.1 -1159.9
430 1091.9 -1144.2
431 1114.9 -1339.3
432 1536.7 -1080.7
433 1625.2 -1183.5
434 1719.2 -1168.1
435 -257.5 20.5
436 1809.8 -1018.2
437 1900.1 -1136.9
438 1937.4 -765.1
439 2049.4 -961.8
440 2104.9 -948.9
441 2139.6 -1089.8
442 2158.8 -936.3
443 2103.9 -722.9
444 2213.3 -923.6
445 2161.6 -708.3
446 -368.1 1874
447 -197.8 36.3
448 2271.8 -910
449 2305.2 -1048.6
450 653 -1753.5
451 34.9 -1557.3
452 96.3 -1547.6
453 151 -1539
454 263.1 -1525.2
455 160.1 -1643.4
456 365.9 -1512.4
457 451.3 -1501.1
458 -242.2 -41.2
459 617.8 -1479.1
460 887.3 -1444.4
461 891.3 -1519.8
462 482.8 -1071
463 1364.3 -998.3
464 1208.8 -1016.8
465 1127.8 -1025.8
466 2680.9 -1156
467 2331.1 -1156
468 2365.6 -1032.2
469 -287.7 132.8
470 2246.7 -1063.2
471 2192.5 -1076.7
472 2163.5 -1189.6
473 2107.9 -1200.6
474 1959.8 -1125.9
475 1924.4 -1235.9
476 1745.5 -1276.5
477 1652 -1297.2
478 1292.7 -1245.8
479 1386.1 -1228.9
480 -273.6 80.5
481 1498.5 -2459.9
482 1552.6 -2455.7
483 1475 -2194.2
484 1421.4 -2199.7
485 1484.1 -2296.7
486 1463.2 -2060
487 1528.8 -2054.7
488 1449.8 -1915.8
489 1405.7 -1921
490 1565.8 -1752.3
491 -346.1 104.2
492 1423.4 -1631.7
493 1411.1 -1499.2
494 1397.1 -1350.5
495 1521.2 -1326.2
496 1509.4 -1206.3
497 1374.6 -1104.8
498 2219.6 -693.6
499 2253.6 -834.5
500 1645 -2534.2
501 1636.6 -2449.1
502 -162 27.4
503 1609.5 -2180.4
504 1541.7 -2187.4
505 1596.1 -2049.2
506 1670.1 -2043.2
507 1580.8 -1900.7
508 1639.2 -1741.5
509 1551.6 -1612.3
510 1537.5 -1480.5
511 1585.1 -1312.1
512 1564.8 -1195
513 15.5 -2030.1
514 1497.9 -1087.6
515 1201 -2363.3
516 1356.2 -2311.6
517 1550.7 -2287.7
518 1619 -2280.1
519 1692.3 -2272
520 1996 -2312.3
521 2218.1 -2207.6
522 2288.4 -2244.3
523 435.8 -2544.2
524 38.1 -2124.2
525 443.5 -2627.7
526 780.3 -2637.4
527 1710.6 -2443.4
528 2020.1 -256
529 2167.1 -211.6
530 1681 -457.4
531 1643 -467.4
532 1657.5 -350.6
533 1605.4 -477.3
534 1618.6 -360.2
535 273.6 2354.8
536 2253 -582.6
537 2390.1 -545.2
538 2356.3 -416
539 2610 -2030.4
540 2634.5 -1904.9
541 2543.1 -1744.6
542 2444.1 -1344.2
543 2312.2 -819.1
544 2220.2 -451.8
545 2284.3 148
546 305.1 2346.2
547 1671.9 321.5
548 1727.1 110.1
549 1871.6 260.6
550 1760.3 -2439.5
551 1812.1 -2258.8
552 1683.7 -2172.9
553 1766.5 -2035.4
554 1845.1 -2432.9
555 48.9 -1830.6
556 175.7 -1822.4
557 -431.3 1867.5
558 215.3 2224.9
559 182 -1895.1
560 230.4 -1814.5
561 397.4 -1790.2
562 583 -1763.4
563 1027.4 -1698.3
564 1022.7 -1636.1
565 168.5 -1738
566 87.3 -1418.9
567 121 -1190.5
568 129.2 -1284.4
569 395.6 2321.2
570 1175.9 -1132.6
571 1163.3 -1022
572 -157.2 2319.7
573 -259.6 2351.3
574 -319.3 2310.5
575 -291 2254.2
576 -347.1 2385.6
577 28.7 2269.3
578 117.1 1236.4
579 55.6 1158.5
580 679.8 2253.3
581 -520.2 726.7
582 -497.7 733.4
583 -657.3 959.9
584 -741.2 947
585 -674.4 1059.5
586 -782.4 1046.4
587 -624 814.8
588 -1037.2 533.6
589 43.4 -2240
590 -990.3 -2318.9
591 2326.8 -303.3
592 -819.9 -2332.2
593 69 -2261
594 -620.3 -2295.1
595 -685.8 -2300.4
596 -629.1 -2137.6
597 -619 -2319.2
598 -259.7 -2289.5
599 -410.1 -1941.2
600 -513.9 -2083.6
601 -631.8 -2094.1
602 2323.8 -283.3
603 -635.7 -2004.7
604 -770.1 -2115.6
605 -925.5 -2125.9
606 -877.8 -2179.7
607 -769 -2153.6
608 -1516.4 -2142.7
609 -1514 -2228.4
610 -1476 -2141.6
611 -1398.7 -2139.4
612 -1279.1 -2135.5
613 2452.4 -259
614 -1438.8 -2140.5
615 -1272.3 -2411.3
616 -1178.8 -2409.2
617 -1268 -2569.6
618 -1276 -2274.1
619 -1186.4 -2134.7
620 -1192.4 -1988.6
621 -1274.5 -1858.9
622 -1158.6 -1987.5
623 -1163.5 -2134.2
624 1051 547.3
625 -1140.1 -2133.5
626 -1395.1 -2277.4
627 -1396.5 -2224.8
628 -1396 -2578
629 -1174.5 -2567.6
630 -1520.7 -1998.3
631 -1479.7 -1997.2
632 -1595.9 -1251.8
633 -1587.2 -1292.6
634 -1694.5 -1355.7
635 847.3 493.5
636 -1702.1 -1319.5
637 -1642.6 -2001.3
638 -1646.2 -1870.9
639 -2053.6 -854.3
640 -1941.6 -825.5
641 -2060.9 -984.4
642 -1813.6 -792.6
643 -1836 -687.3
644 -1808.5 -816.7
645 -1752.2 -802.9
646 1015.8 741.2
647 -1694.6 -788.7
648 -1731 -900.5
649 -2066.5 -1104
650 -1787.6 -914.9
651 -1853.2 -931.6
652 -1704.9 -1022.5
653 -1674 -886.1
654 -1648 -1008.8
655 -1586.4 -737.1
656 -2072.7 -1206
657 847.6 -702.3
658 -1892.1 -1067.5
659 -1761.7 -1036.2
660 -1622.1 -1129.9
661 -1591.4 -995.2
662 -1534 -981.4
663 -1429.8 -956.3
664 -1827.9 -1052.1
665 -1916.6 -947.7
666 -1878.7 -809.3
667 -1761.6 -2004.4
668 -334.1 1611
669 941.1 -677.3
670 -1764.7 -1874.1
671 -1809.7 -1552.1
672 -1798.2 -1427.6
673 -1772.2 -1620.6
674 -1849.2 -1185.4
675 -1805 -1174.1
676 -1836.8 -1244.7
677 -1966.8 -701.7
678 -1950.1 -1625
679 -1889.9 -1623.5
680 858.1 -896.2
681 -2035.5 -1759.3
682 -1711.8 -1619.1
683 -1767.5 -1752.8
684 -1653.1 -1617.7
685 -1609.2 -1616.6
686 -1529.5 -1698
687 -1410.1 -1612
688 -1575.1 -1615.8
689 -1318.6 -1644.5
690 -1878.1 -2007.4
691 2669.1 -1592.4
692 -1882.3 -1877.2
693 -1886.2 -1756.3
694 -2003 -1879.9
695 -1524.4 -1867.7
696 -1649.5 -1748.9
697 -1483.1 -1866.3
698 -1317.7 -1860.5
699 -1446 -1865.1
700 -1407.4 -1742.9
701 -1196.6 -1853.8
702 2593.3 -1320.3
703 -1167.2 -1831.5
704 -1235.4 -1857
705 -2096.2 -1882.2
706 -1949.7 -2009.2
707 -1707.8 -1751
708 -1605.2 -1747.9
709 -1527.9 -1746
710 -1486.2 -1745
711 -1569 -1747
712 -1408.4 -1695.6
713 -1481.7 -1225.3
714 -1449.2 -1744
715 -1886.8 -1448.3
716 -1811.3 -1367.8
717 -1835.5 -1436.3
718 -1569.8 -1373.7
719 -1560 -1419.9
720 -1455.5 -1346.8
721 -1477.3 -1351.9
722 -1403.1 -1334.4
723 -2079.3 -1379.2
724 -1403.6 -1207.2
725 -1824.4 -1304.8
726 -1710.8 -1278.5
727 -1736.5 -1156.5
728 -2075.8 -1274
729 -1414.8 -1080.8
730 -1565.4 -1116.5
731 -1579.4 -1328.7
732 -1869.6 -1555.9
733 -3248.5 1461.8
734 -3311.3 1454.5
735 -1507.9 -1102.9
736 -3114.8 1474.2
737 -3018.2 1484
738 247.9 -2628.3
739 414.1 -2286.8
740 467.7 -2412.3
741 580 1225.7
742 571.8 1289.8
743 741.6 1374
744 -1198.3 338.6
745 -1211.1 400.1
746 -1604.5 -653
747 -1102.2 299
748 -1229.9 468.6
749 -1134.9 501.6
750 -1019.1 452.3
751 -1035.1 405.6
752 -1042.1 447.5
753 -1125 429.4
754 -1221.2 2855
755 -836.5 2724.5
756 -896.6 2717.2
757 -1470.1 -640.9
758 -613.9 2593.2
759 -464.5 2267.2
760 -580 2447.2
761 -921.1 774.9
762 -915.4 745.7
763 -881.1 784.5
764 -906.9 800.4
765 -883.9 837.4
766 -952.2 822.7
767 -952.5 738.2
768 318.1 42.7
769 595.5 2197.2
770 523.2 2215.9
771 349.3 2195.1
772 525.6 2024.9
773 1592.5 2010.7
774 1908.5 1929.7
775 1225.8 2081.1
776 -1432.4 2968.8
777 -1435.6 2992.2
778 -424 2156.9
779 -398.3 1602.8
780 544.1 112.7
781 -429.1 2213.3
782 -565.7 2544.4
783 -482.3 2585.9
784 -750.6 2704.7
785 -709.3 2673
786 -1011.6 2805.3
787 -3323.1 879.4
788 -3311.8 1135.6
789 -391.4 2535.2
790 -421.1 2545.4
791 330.2 -40.6
792 -552.7 2156.8
793 -544.1 2103.5
794 -658.7 2153.8
795 -858.4 2289.8
796 -645.4 2003.4
797 -653.8 2098.1
798 -473.5 2218.2
799 -434 2037.2
800 -436.9 2590
801 -361.2 1460.6
802 -715.3 -482
803 958.6 1666.5
804 737 2237.5
805 854.7 2200.5
806 1230.1 2104.7
807 2310.5 262.5
808 -37.3 -2270.1
809 -143.4 -2255.6
810 45.3 -2263
811 -141.4 -2279.4
812 -628.2 1845
813 -574.8 -465.5
814 -437.8 1222.2
815 -589.9 1517.2
816 -328.8 54.2
817 -296.3 -69.1
818 -63.4 -412.7
819 -180.9 -206.2
820 -6.6 -1633.4
821 -287.4 311.5
822 -26.9 -1543.7
823 -21.1 -1661.5
824 -804.4 -654.1
825 -39 -1312.5
826 -63.8 -1786.7
827 -15.1 -1782.1
828 -604.3 -1952.4
829 -639.3 -1919.3
830 75.3 -2076
831 57.2 -1989
832 7.1 -1095.4
833 3.1 -1021.5
834 112.3 -1091
835 -706.1 -646
836 -960.9 -447.5
837 -1075.4 -2344
838 -1047.5 -2355.5
839 -1157.7 -2403.7
840 -1132 -2385.4
841 -1136.8 -2566.3
842 -1182.6 -2271.4
843 -1391.5 -2413.9
844 -1393.3 -2344.7
845 -1081.1 -2313.2
846 -798.8 -917.2
847 -1039.1 -2562.8
848 -1184.5 -2201.9
849 -1138.4 -2200.2
850 -1092.3 -2132.7
851 -1136.3 -2282.3
852 -1101.2 -2565.1
853 -757.8 -2552.1
854 -1041.4 -2304.9
855 -1043.9 -2221.5
856 -1046.6 -2131.7
857 -59.2 -1918.4
858 -1001 -2130.8
859 -1390.2 -2463.4
860 -1450.8 -2465.8
861 -1509.2 -2468
862 -1453.8 -2346.1
863 -1456.7 -2226.6
864 -1511.5 -2342.8
865 -1442.6 -1996.3
866 -2248.7 1629.8
867 -1531.9 2709.1
868 -53.2 -2035.8
869 24.3 1793.6
870 149.1 1934.8
871 -327.8 350.9
872 2661.3 -2018.1
873 2712 -2006
874 2684.7 -1892.9
875 2740.5 -1879.5
876 555.8 -2274.8
877 1630.2 1760.5
878 659.8 2179.6
879 -5.9 -1910
880 1366.7 -2581.2
881 -165.7 -595.3
882 148.5 -2308
883 -2045.8 -702.4
884 728.9 2157.6
885 2349.3 134.5
886 2308.1 142.6
887 2025 166.4
888 198.7 -2295
889 -387.6 758.3
890 -318.6 1494.6
891 -133.4 -192.5
892 -1842.6 -657.4
893 -1902.8 -694
894 -1747.6 -672.5
895 -772.1 -2298.8
896 -754.7 -2329.5
897 -818.1 -2310
898 2843.9 -1751.5
899 221.7 -2443
900 197.4 -2338.3
901 172.1 -2517
902 -153.5 -133.5
903 159.7 -2536
904 385.4 2242.9
905 -1868.2 594.4
906 -821.9 259
907 -782.5 163.9
908 -1725.6 535.5
909 -1731.1 561.5
910 -1864.9 1263.5
911 -1757.7 1142.7
912 -1214 1363.1
913 -206 68.7
914 -1285.4 1481.5
915 -1738.3 1839.4
916 -1339.1 2305.6
917 -1445.3 2317.7
918 -1126.2 2149.5
919 -1014.4 2159.9
920 -1130.2 2226
921 -1022.7 2236.5
922 -1451.6 2610.6
923 -1484.5 2627.6
924 1922.1 1765
925 -1404.9 2622.7
926 -565.9 464.3
927 1654.8 625.4
928 -755.1 1996.4
929 232.7 1950.2
930 -156.2 2299.6
931 -595.3 -302.8
932 -731.1 -324.6
933 -745.1 -180.7
934 -545.1 -346.1
935 1806.6 1720.9
936 -863.8 -495
937 -832.1 -488.1
938 -1318.6 -25.9
939 -1236.6 -2.3
940 -1056.3 49.7
941 -1308.8 330.4
942 -1078.5 171
943 -1015.4 326.1
944 -612.3 -168.4
945 -784.1 -1529.6
946 1916.9 1805.9
947 -661.5 -1521.7
948 -781.6 -1621.6
949 -667.7 -1401.7
950 -656.8 -1609.6
951 -786.5 -1424.6
952 -678.7 -1192.8
953 -791 -1197.8
954 -685.6 -1059.8
955 -795.2 -1062
956 -693.4 -913.4
957 1789.9 1786.4
958 -703.7 -700.4
959 -776.1 -1879
960 -775.6 -1921.4
961 -642.1 -1872.6
962 -644.4 -1831.1
963 -777.2 -1837.9
964 -525.6 -1951
965 -1549.7 -1467.8
966 -1861 -1442.3
967 1393.5 1077.8
968 -379.2 -616
969 1377.1 1512.7
970 2032.8 1309.1
971 -1204.1 505.8
972 1444 -2464.1
973 1582.2 -2453.4
974 -2162.3 -1992.3
975 -2154.7 -2013.4
976 2075 1143.5
977 2065.9 1177.3
978 -263.7 1004.1
979 -320.6 -612
980 -328.1 996.4
981 -991.3 -2219.4
982 -1463.6 -676.1
983 -744.2 -2305.2
984 -692.9 -2144.9
985 243.2 -1943.2
986 140.3 -1414.3
987 137 -1375.1
988 116.8 -1142.1
989 104.1 -996.7
990 -817.1 -153.6
991 210.5 -217.1
992 247.1 -216.8
993 713.2 -1340.6
994 707.9 -1254.1
995 883.9 -1380
996 540.9 -860.4
997 679.7 -801.2
998 2845.7 -1800.8
999 2877.3 -1785.8
1000 2765.5 -1954.3
1001 -257.3 1502.7
1002 -816 -184.3
1003 -459.3 -462.9
1004 -392.1 -469
1005 1420.7 1107.6
1006 -115.9 -9
1007 -176.4 -46
1008 -185.3 -11.9
1009 -394.9 1947.7
1010 -3327.3 1049.8
1011 1510.7 1788.2
1012 -1390.2 -1537.4
1013 -749.4 -136.2
1014 417 -1241.5
1015 1014.8 1808.4
1016 -2022.6 2873.7
1017 -2058 2858.4
1018 948.9 -2606.8
1019 790 -2613.7
1020 -60.3 -1886
1021 1069.9 1270.6
1022 -1968.4 2854.8
1023 -1983.6 2879.3
1024 -790.1 646.6
1025 -2082.7 2830.9
1026 -5.1 2221.8
1027 -293.1 793.9
1028 -983.1 -326.6
1029 -389.1 927.9
1030 54.9 -1940.1
1031 -917.5 -309.8
1032 -921.7 -246.2
1033 380 -1858.6
1034 186.5 -1946.7
1035 -816.1 873.9
1036 -1480.9 -571
1037 -385.2 -2552.1
1038 -758.5 -2491.7
1039 1631.3 701.5
1040 -1852.6 1130
1041 -1699.7 -765
1042 -390 982.6
1043 -361.5 1100.5
1044 -278.9 430.8
1045 155.9 -2592.1
1046 -1688.1 341.2
1047 -397.6 1294.1
1048 -1155.6 2871.4
1049 -1245.8 2908.1
1050 152.9 1052.4
1051 -390.1 1353.4
1052 -368.2 772.3
1053 -562.9 2292.3
1054 -648.3 2402.7
1055 379.1 359.8
1056 747.8 2118
1057 -1807.4 300.2
1058 730.5 2093.7
1059 646.4 2060.3
1060 -315.3 1472
1061 -1356 2579.8
1062 -1452 2651.8
1063 -760.6 -2415.8
1064 1414.8 -1099.5
1065 -344.7 1213.4
1066 1329.6 1340.8
1067 1162.8 1735.6
1068 -1681.8 315.2
1069 1002.3 756.7
1070 1193.6 1668.9
1071 431.4 2279
1072 -340.5 1103.7
1073 -986.3 -2200.1
1074 127.5 -1950.3
1075 82.7 -1927
1076 -1443.2 -644.9
1077 1571.8 1402
1078 -39.8 -2585.7
1079 1100.1 1178.1
1080 -5.9 2070.5
1081 1580.4 1695.2
1082 1947.6 278.8
1083 1909.6 269.7
1084 -1370.1 2325.4
1085 -1655.9 2755
1086 91.6 2179.3
1087 1283.4 1143.6
1088 1059.1 1294
1089 487.6 -1777.2
1090 1128.8 1189.4
1091 107.7 -1038.1
1092 632.7 -2111
1093 2550.7 -1159.2
1094 2565.6 -1216.2
1095 543.6 -1488.9
1096 -1545.5 -1368
1097 -1523.7 -1362.8
1098 -1501.3 -1357.6
1099 -1098.5 -1985.6
1100 -1129.4 -1986.6
1101 1188.4 1098.9
1102 527 2003.1
1103 1703.2 1765.3
1104 1585.3 1757.6
1105 1701.5 1791.7
1106 -2155.6 684.8
1107 360.6 2330.9
1108 -1337.1 -81.8
1109 1586 1790
1110 166.8 -1278.9
1111 2307.4 288.7
1112 819.6 1088.3
1113 -116.4 844.9
1114 1245.1 1251.9
1115 -1420.8 2320.2
1116 -1395.8 2322.8
1117 1433.6 1420
1118 -620.5 -103.3
1119 -637.1 28.5
1120 -489.1 -69.4
1121 -14.9 1213.6
1122 -56 1143.3
1123 296.6 916
1124 -1211.1 -125.5
1125 -1503.5 -205.1
1126 -111.4 787.2
1127 -1185.3 -248.6
1128 -1262.5 116.7
1129 -1360 88.1
1130 -1246.5 43.1
1131 -1117.2 -561
1132 -945.9 -520.5
1133 -806.6 -491.5
1134 -69.9 513.6
1135 -52.3 404.6
1136 -339.3 1241.4
1137 -233.6 811
1138 -843.9 1169.5
1139 -784.9 1177.1
1140 -841.3 1290.4
1141 -2012.2 203.7
1142 -1910.3 237.3
1143 838.6 827.8
1144 844.3 691.9
1145 976.4 862.5
1146 886.4 1264.4
1147 2297 -180.1
1148 -89.3 636.7
1149 2244.7 -304.7
1150 672.4 -727.3
1151 529.3 -763.1
1152 658.2 -638
1153 -1720.7 -662.9
1154 -1752 -658.3
1155 -1293.5 -602
1156 -904.3 -504.1
1157 -877.9 -428.4
1158 -724.7 -391.2
1159 62 842.2
1160 868.7 1389.7
1161 847.9 1523.5
1162 913.9 1395.2
1163 828.5 1648.7
1164 -1508.4 -80.9
1165 -1565.1 -221.1
1166 -420.3 694.6
1167 -359.7 403.4
1168 -320.6 257.1
1169 -293.7 155.1
1170 -217.5 753.9
1171 512.9 -640.5
1172 627.6 -443.7
1173 88.1 -819.8
1174 90.4 -840
1175 -6.5 -834.4
1176 1357.6 347.8
1177 1472.3 391.1
1178 1389.3 234.8
1179 1288.3 608.2
1180 1158.1 575.4
1181 1696.1 1112.8
1182 1320 473.8
1183 1255.4 762.1
1184 1118.9 751.3
1185 1263.1 722.8
1186 1426.9 1797.5
1187 -764.2 -4.2
1188 45.8 891.7
1189 183 880.4
1190 1114.2 1550.2
1191 976.8 1541.7
1192 1594.1 1246.5
1193 1085.5 1481.1
1194 548.8 1869.4
1195 669.7 1886.5
1196 924.4 2009.3
1197 756.9 1247.8
1198 1013.7 1271.8
1199 2155.1 855.6
1200 2168.9 795.3
1201 1960.8 798.4
1202 1095 275.2
1203 1824.5 1161
1204 1228.2 299.8
1205 1079.2 372.4
1206 1266.6 1490.9
1207 1235.7 1618.4
1208 1379.4 1552.9
1209 1384.2 1640.4
1210 1316.2 1657.9
1211 1557.5 1652.9
1212 1175.8 1884.7
1213 1195.8 1940.8
1214 1785.3 947.7
1215 1064.9 1939.9
1216 1067.5 1907.7
1217 1020.5 1938.5
1218 1218 -603.6
1219 1215.2 -580.4
1220 1326.7 -573.3
1221 1158.9 -158.8
1222 1247.2 -138.6
1223 1141.8 -32.5
1224 1438.2 929.7
1225 835.4 925.7
1226 1822.3 877.7
1227 1519.7 667.7
1228 1482.4 786
1229 1449.1 648.4
1230 1590.7 428
1231 1556 547.3
1232 1809.5 498.3
1233 1687.3 105.6
1234 1645 88.8
1235 1799.8 -424.5
1236 1735.6 -442.3
1237 1459.9 858.8
1238 1778.2 -320.7
1239 2095.4 1087.9
1240 2112.3 1004.5
1241 2013.7 1051.3
1242 1991.9 1504.6
1243 1978.2 1555.6
1244 2215.4 633.1
1245 2226.4 580.7
1246 2051.2 1246.2
1247 2055.8 1219.4
1248 996 1405
1249 1887 1455.1
1250 1929.2 1409
1251 1846.3 1594.4
1252 1647.4 1463.2
1253 1876.1 774
1254 1676.5 714.5
1255 1956.2 1636.6
1256 1941.2 1686.5
1257 1087.9 1684.2
1258 -594.2 646.5
1259 984 1489.9
1260 -498.9 672.2
1261 -602.3 702.4
1262 -777.5 127.6
1263 -818.2 -17.9
1264 -527.4 198.9
1265 -433.2 -438.1
1266 -532.1 -450.4
1267 -450.8 -322.3
1268 -220.5 -132.6
1269 -177.5 -245.7
1270 1054 1407.5
1271 -281.4 -147.7
1272 -332 -292.7
1273 -470 -195.3
1274 -604.5 -229.9
1275 -737.5 -263.8
1276 -743.1 -201.2
1277 -813.4 -283.2
1278 -1159.3 -371.2
1279 -1484.1 -453.6
1280 -1133.7 -487.1
1281 1169.7 1695.5
1282 -130.4 -407.9
1283 -809.3 -412.4
1284 -847.7 -421.6
1285 -715.1 613.1
1286 -671.5 301.1
1287 -792.5 269.5
1288 -654 162.5
1289 -588.5 -357.1
1290 -912.8 563
1291 -888.7 365.7
1292 1161.2 1664.7
1293 -804.4 588.9
1294 -872.7 240.7
1295 -880 99.1
1296 -947.4 212.5
1297 -960 551.9
1298 -956.3 344.6
1299 -1005.7 194.2
1300 -932.8 -50.1
1301 -941.5 81.9
1302 -1032.8 -78.2
1303 1156.7 1835
1304 -926.1 -181.6
1305 -1007.9 -199.8
1306 -599.2 178.4
1307 -797.6 394.2
1308 -1289.3 240.5
1309 -1184.6 273.2
1310 -185.3 -415
1311 1509.7 1349.6
1312 2000.9 1442.4
1313 2018.5 1364.8
1314 1157 1796.3
1315 2517.4 -510
1316 2578.1 -747.8
1317 2630.6 -960.3
1318 2452.2 -782.5
1319 1571.6 69.4
1320 1509.4 271.8
1321 1436.3 32.9
1322 1292.9 0.2
1323 1451.1 -35.8
1324 1327.4 -119.9
1325 1074.1 1816.9
1326 1226.2 -14.3
1327 1021.9 -61.2
1328 1115.8 138.5
1329 909.2 -85.4
1330 930.5 -208.2
1331 810.2 -103.6
1332 777.9 73.1
1333 738.3 -115.8
1334 667.6 -119.9
1335 764.4 -251.9
1336 786.1 1090.3
1337 942.5 1798.6
1338 580.6 -138.7
1339 447.8 -167.5
1340 559.4 16.1
1341 466.8 -305.6
1342 349 -170
1343 371.1 -321.2
1344 278.5 -173
1345 205.7 -176
1346 122.7 -179.5
1347 194 -74.4
1348 881.1 1788.9
1349 1196.4 1058.1
1350 1217.7 951.9
1351 502.4 397.9
1352 471.1 604.2
1353 401 366.2
1354 686 157.5
1355 531.7 192.2
1356 1277.9 -1118.4
1357 1222.2 -1125.7
1358 1265.4 -1011.1
1359 926.2 1923.9
1360 1310.3 -1514.1
1361 1228.6 -1526.2
1362 1304.2 -1368.7
1363 1325.5 -1787.2
1364 1436.4 -1771.1
1365 1317.7 -1646.6
1366 1350.6 -2206.9
1367 1192.8 -2221.8
1368 1343.7 -2069.7
1369 1360.7 -2470.6
1370 198.2 1562.4
1371 1357.9 -2352.5
1372 1414.1 -2466.4
1373 1850.1 -1710.8
1374 1887.9 -1864.5
1375 1910 -1702.1
1376 1925.5 -2022.5
1377 1956.9 -2145
1378 1985 -2017.7
1379 675.9 -748.1
1380 704.5 -1199.9
1381 180.3 1685
1382 695.7 -1058.3
1383 584.8 -1217
1384 721 -1465.4
1385 716.5 -1393.7
1386 771.8 -1459
1387 745.7 -1869.7
1388 737.8 -1741.1
1389 862.4 -1852.9
1390 2507.4 -993.8
1391 -1023.7 -1987.1
1392 324.6 1579.9
1393 -1143.5 -1851.4
1394 -2093 -2012.9
1395 -1999.5 -2010.5
1396 -1536.4 -1536.9
1397 -1532.2 -1614.9
1398 -1579.4 -1539
1399 -1415.8 -1531.5
1400 -1655.2 -1542.8
1401 -1774.7 -1549.8
1402 -1685 -1400.9
1403 56.7 1544.4
1404 -2087.3 -1567.7
1405 -2097.3 -1843.5
1406 -1904.5 -1557.8
1407 -1255.1 -1723.1
1408 -1235.3 -1738.4
1409 -1277.8 -1739.6
1410 -975.2 -2058.3
1411 -774.3 -1974.4
1412 -772.1 -2047.7
1413 -637.2 -1965.9
1414 75.1 1417.9
1415 -1401.5 -1995.3
1416 -1277.8 -1991.3
1417 -1404.9 -1863.6
1418 -1340.2 -1607.4
1419 -1401.8 -1489.8
1420 -1445.6 -1392.7
1421 -1638.8 -492.8
1422 99.6 -945.3
1423 191.7 -824.4
1424 768.9 -2389.7
1425 -69.9 1527.5
1426 935.9 -2378.3
1427 772.7 -2322.3
1428 2134.7 924.3
1429 1915.7 918.5
1430 1887.1 994.9
1431 1854.7 1079.2
1432 1992 680.1
1433 1976.7 738
1434 2190.9 713.9
1435 2088.8 594.2
1436 -85.3 1648.1
1437 2056.4 418.7
1438 2072.3 360.1
1439 2271.3 411.8
1440 1965.6 1602.2
1441 946.9 990.3
1442 1069.8 1019.8
1443 1632.5 1396.6
1444 1260.4 1202.8
1445 1247.2 1157.7
1446 1327.8 1129.5
1447 660 1062.1
1448 -198 1510.6
1449 1089.1 925.8
1450 1167.1 533.3
1451 1186 443.5
1452 1197.4 404.5
1453 1223.8 450
1454 1242.4 232.2
1455 1256.6 162.7
1456 1462.6 -88.2
1457 1360.6 -265.3
1458 1273.2 -286.3
1459 -181.8 1383.7
1460 1395.2 -414.1
1461 1460.8 -398.5
1462 1426.8 -524.5
1463 1233 875.6
1464 1243.2 823.8
1465 1418.4 994.1
1466 1595.7 816.6
1467 1274.2 670.3
1468 1370.9 754.3
1469 986.1 2168.1
1470 649.9 2032.9
1471 1077 2144.3
1472 -672.7 2291.5
1473 -602.2 2291.3
1474 -684.2 2411.3
1475 -531.3 2010.6
1476 -503.5 1860
1477 -452.4 2016.9
1478 -484.7 1718.6
1479 -611.6 1699.7
1480 -469.2 1592.9
1481 602.2 2032
1482 -597 1575.6
1483 -454.8 1475.2
1484 -439.7 1347.6
1485 -383.5 1478.2
1486 -837.1 1990.2
1487 -801.9 1992.9
1488 -828 1850
1489 -692.7 1188.5
1490 -709.4 1307.5
1491 -553.4 1206
1492 659.5 1961.6
1493 -35.2 2431.8
1494 1804.8 -444.4
1495 1851 -431.8
1496 -1493.7 -327.7
1497 -1890.9 -428.6
1498 -1916.1 -314.7
1499 -1777.6 -399.8
1500 -1664.8 -371.2
1501 -1751.3 -521.9
1502 -1539.3 -339.3
1503 688.2 1761.6
1504 -1690.2 -255
1505 -1513 -460.9
1506 -1968.4 -448.4
1507 -2043.7 -625.4
1508 -1484.5 -549.3
1509 -1865.7 -551.5
1510 -1968.2 -326.8
1511 -1802.6 -284.4
1512 -1714.7 -138.9
1513 -1739.6 -23.5
1514 709.1 1632.4
1515 -1850.8 -56.4
1516 -1763.9 92.3
1517 -1639.9 130.2
1518 -1803.1 273.4
1519 -1513.2 43.2
1520 -1518.2 167.4
1521 -1614.9 13.2
1522 -1350.3 -34.8
1523 -1589.5 -103.7
1524 -1939.8 -201.2
1525 307.6 1704.2
1526 -1826.1 -170.4
1527 -1945.6 -83.3
1528 -1967.4 -208.5
1529 -1596.7 143.4
1530 -1537.3 364.1
1531 -1642.1 328.6
1532 1049.5 1170.1
1533 647.1 778.1
1534 755.5 806.3
1535 712.3 920.5
1536 115.5 2180
1537 709 458
1538 633.8 436.3
1539 671.7 651.7
1540 890.9 935.5
1541 956.4 947.1
1542 858.4 331.9
1543 1095.6 894.2
1544 1112.5 804.3
1545 573.6 759.8
1546 595.8 633.7
1547 248.2 2186.2
1548 450.1 738.5
1549 656.2 293.9
1550 1142.9 1177.9
1551 1258.3 1147.5
1552 1416.3 767.5
1553 1401.5 636.8
1554 1437.7 511.1
1555 1416.1 586
1556 1604.9 -64.7
1557 1719.5 -39.8
1558 666.5 1041.5
1559 105.5 2248.8
1560 1668 582.5
1561 1778.9 617.9
1562 1845.4 365.8
1563 1996.7 291.9
1564 1869.5 519.1
1565 -1445.7 -829.3
1566 -1461.7 -704.8
1567 -1560.5 -857.8
1568 1576.4 1936.3
1569 1544.4 1793.2
1570 810.3 1778.8
1571 1216.9 2029.2
1572 967.6 2094.4
1573 1181.7 2038
1574 765.6 2147.8
1575 1465 1789.8
1576 507.3 2159.6
1577 640 2115.9
1578 261.9 2058.3
1579 512.5 2079.5
1580 -1032.9 1643.1
1581 751.7 1770.6
1582 -1181 1623.8
1583 -1019.1 1515.8
1584 -852.4 2212.2
1585 -847.1 2135.2
1586 -980.8 2203.4
1587 -830 1819.7
1588 -803.3 1823.3
1589 -837.2 1038.4
1590 -947.8 1021.7
1591 -824.4 936.2
1592 793.8 1904.7
1593 -437.6 1066.6
1594 -437.5 859.3
1595 -426.6 754.5
1596 -457.5 745.4
1597 -520.7 923.8
1598 -538.6 1078.4
1599 -815 2445.6
1600 -432.5 1092
1601 -408.6 1218.4
1602 -768.3 2147.8
1603 777 2032
1604 -786 1676.9
1605 -1049.3 1794
1606 -1196.3 1776.5
1607 -1859.4 1712.3
1608 -1918.1 1706.4
1609 -1849.2 1597.6
1610 -1359.7 1646.7
1611 -1286.2 1654.2
1612 -1374.2 1760
1613 -1471.6 1635.3
1614 763 2084.7
1615 -1454.3 1457.8
1616 -1635.4 1618.6
1617 -1553 1627.2
1618 -1619.8 1434.6
1619 -1832.2 1404.8
1620 -1717.1 1611
1621 -1645.7 1734.3
1622 -1728 1725.5
1623 -1554.6 761.3
1624 -1512.2 767.2
1625 717 2032.6
1626 -1567.8 899.7
1627 -1651.2 887.2
1628 -1581.2 1035.6
1629 -1498.6 1047.2
1630 -1594.8 1169.7
1631 -1639.7 1161.9
1632 -1585.3 1071.5
1633 -1607.4 1302.1
1634 -1523.2 1315.6
1635 -1596.9 542.7
1636 133.5 2051.7
1637 -1624 676.2
1638 -1720.1 509.1
1639 -1638.9 749.7
1640 -1663.3 1022.7
1641 -1780.5 866.8
1642 -1559.6 385.1
1643 -1502.7 1083.6
1644 -1627.9 1065.2
1645 -1666.7 1059.5
1646 -1798.6 1039.4
1647 219.3 2056.1
1648 -1675.5 1156.4
1649 -1795.4 1003.1
1650 -1887.7 1026.3
1651 -2187.1 974.6
1652 -2192.4 1036.4
1653 -2180 948.3
1654 -2080.6 958.9
1655 -1884.1 989.4
1656 -966.5 1150.6
1657 -1416.4 1060.6
1658 125.4 2112
1659 -1485.9 912
1660 -1511.9 1183.1
1661 -1441.6 1328.2
1662 -1402.1 924.6
1663 -1388.1 784.2
1664 -1286.3 1080.2
1665 -1472.9 772.6
1666 -1323 466.1
1667 -1331 434.6
1668 -1439.3 426.1
1669 288 961.5
1670 -3.7 2043.3
1671 -1346.5 615.6
1672 -1429.1 590.5
1673 -1250.8 804.8
1674 -1880.1 857.4
1675 -1766.1 730.8
1676 -1269.5 944.5
1677 -1985 1011.9
1678 -1897.3 1125.6
1679 -1994.5 1116.2
1680 -1908.8 1257
1681 8.8 1913.2
1682 -2083.6 996.1
1683 -2094.8 1106.6
1684 -1969.9 848.8
1685 -2071.2 839.4
1686 -1957.4 703.5
1687 -1980.8 974.5
1688 -1736.5 587.7
1689 -1873.6 715.9
1690 -2016.5 230.4
1691 -2117.8 199.4
1692 95.9 2049.4
1693 -2058.7 689.2
1694 -2038.6 469.8
1695 -1086.1 831.8
1696 -1260.2 873
1697 -949.6 853.3
1698 -1091.4 907.6
1699 -887 863.1
1700 -816 826.6
1701 -733 883.6
1702 -706.2 671.5
1703 -136.5 2034.9
1704 -642.4 894.2
1705 -1097.8 985
1706 -1109.3 1120.1
1707 -2032.9 412.9
1708 -2140.9 456.3
1709 -1854 489.4
1710 -1467.2 580.4
1711 -1457.9 528.4
1712 -1075.5 699.9
1713 -1077.4 791.2
1714 -139.2 2062.5
1715 870.3 228
1716 884.3 101.4
1717 964.5 -362.8
1718 875.7 -384.9
1719 991.7 -487.2
1720 1041.6 -478.6
1721 1024.4 -630.7
1722 1031.3 -653.3
1723 942.5 -652.4
1724 1060.1 -872.8
1725 -101.3 1774.5
1726 -145.3 389.4
1727 -117.5 249
1728 -248.4 235.4
1729 -61.1 -39.5
1730 -66.6 -6.7
1731 -31.3 -185.9
1732 5.8 -386.7
1733 49.5 -375.9
1734 51.9 -115.9
1735 66.3 -181.6
1736 -116.9 1897.3
1737 96.5 -366.2
1738 33.9 -183.3
1739 66.7 -566.7
1740 73.1 -648.3
1741 90.1 665.4
1742 215.9 722.7
1743 107.6 544.1
1744 -4.2 524.9
1745 123.8 430.9
1746 258.5 449
1747 110.1 1675.2
1748 147 282.5
1749 -23.7 248.4
1750 160.9 192.6
1751 227.3 206.1
1752 185.7 3.4
1753 251.9 22.6
1754 117.3 -93.3
1755 225.3 -343.8
1756 299.1 -332.3
1757 217.1 -273.5
1758 164.3 1814.9
1759 247 -528.2
1760 160.5 -546.7
1761 260.7 -645.4
1762 170.8 -646.6
1763 277.7 -790.4
1764 189.5 -804.1
1765 -262.1 371.9
1766 -236.2 373.7
1767 323.6 745
1768 353.7 584.4
1769 234.1 1312.7
1770 443.7 767.9
1771 241.6 565.5
1772 276.5 326.5
1773 372.8 482.6
1774 292.8 219.4
1775 392.9 239.1
1776 301.2 157.9
1777 262.6 -57.4
1778 734.9 309.1
1779 706.8 54
1780 -228.1 1756.8
1781 562.8 1353.9
1782 755.1 184.6
1783 13.8 414.5
1784 -315.9 596.7
1785 -278.3 353.1
1786 -289.4 397.2
1787 520.7 261.8
1788 997.5 120
1789 1398.8 200.2
1790 139.7 -359.2
1791 129 -277.6
1792 253.6 1185.8
1793 280.1 -810.8
1794 203.6 -940.5
1795 295.1 -935.5
1796 284 -215.1
1797 337.5 -644
1798 323.9 -511.9
1799 357.2 -789.3
1800 437.7 -777.1
1801 378.7 -930.5
1802 460.6 -926.3
1803 133.1 1169
1804 396.5 -495.2
1805 423.3 -312.3
1806 490 -474.4
1807 602.6 -285.1
1808 495.2 -512.3
1809 444 -484.6
1810 417.9 -641.7
1811 535.8 -818.4
1812 548.4 -921.3
1813 565.5 -1066.2
1814 18.6 1026
1815 686.7 -912.7
1816 683.8 -270.9
1817 837.8 -232.6
1818 793.4 -406.1
1819 1497.2 -232
1820 705.9 -425.6
1821 818 -534.5
1822 845.3 -677.9
1823 907.6 -512.6
1824 312.5 -1079.9
1825 81 1037.6
1826 302.6 -997.5
1827 397.7 -1075.2
1828 -0.6 -952.5
1829 -5.7 -854.5
1830 682.4 -843.9
1831 -59.7 -1907.7
1832 -171.7 -1920.8
1833 1.4 -2032.6
1834 53.2 -1908.7
1835 12.8 -2078.1
1836 -2 1150.6
1837 -80.9 -847.9
1838 -39.2 -397.4
1839 22.2 -1643
1840 29 -1483.6
1841 -72.2 -322.6
1842 26.3 -1424.2
1843 18.8 -1301.8
1844 13.3 -1205.2
1845 -50.2 -2083.1
1846 -38.9 -2247
1847 -27.1 1275.9
1848 -157.3 -2091.7
1849 -274.3 -2101.3
1850 -287.5 -1930.7
1851 -261.5 -2265.7
1852 63.5 -2169
1853 67.3 -2238
1854 117 -2256.9
1855 -283 -607.9
1856 1147.6 625.3
1857 2255.1 473.1
1858 103.4 1294.1
1859 2131.3 439.2
1860 1625.2 307.5
1861 1582.7 294.4
1862 -946.2 921.3
1863 -988.6 1266.6
1864 -1135.6 1243.2
1865 -1005.8 1392.9
1866 -828.2 1420.1
1867 -909.3 610.3
1868 -962.8 590.2
1869 -52.6 1400.9
1870 -883.1 618.2
1871 -1496.6 702.2
1872 -2145.9 512.5
1873 -2132.6 364.1
1874 -2174.1 829.4
1875 -2181.3 908.2
1876 -2166.1 740.4
1877 -2208.4 1211.9
1878 -2104.9 1228.1
1879 -2221 1350.3
1880 -151 1130.6
1881 -2197.9 1096.4
1882 -2117.2 1364.1
1883 -2137.6 1568.9
1884 -2036.4 1578.5
1885 -2148.5 1683.7
1886 -1305 1217.1
1887 -1428.8 1196.5
1888 -1312.9 1278.6
1889 -1322.4 1347.1
1890 -1266.2 1355.3
1891 -213.3 1629.1
1892 -268 1114.6
1893 -1337.5 1474.2
1894 -1225.1 650.8
1895 -1301.6 629.5
1896 -1147.4 1299.8
1897 -1072.7 656.8
1898 -1056 554.9
1899 -1125.4 531.3
1900 -1482.7 1749.6
1901 -1387.6 1855.9
1902 -1564 1742
1903 -167 1258.4
1904 -1583.6 1947
1905 -1502.3 1951.1
1906 -1817.8 1270.3
1907 -1779.7 1276.2
1908 -1804.9 1135.8
1909 -2247.6 1673.6
1910 -2256.5 1720.3
1911 -1938.2 1588.7
1912 -1908 1591.7
1913 -1948.3 1703.4
1914 -287.6 1242.9
1915 -2046.8 1693.6
1916 -1966 1897.3
1917 -2018.2 1376.5
1918 -1725.7 1148
1919 -1687.9 1290
1920 -569.6 1329.2
1921 -582.4 1455.7
1922 -2155.1 619.2
1923 -2006.2 1242.2
1924 -1694 1358.3
1925 -227.5 1249.8
1926 -2268.1 1847.3
1927 -2281 1990.7
1928 -2165 1864.1
1929 -1877.3 1912.3
1930 -1976.6 2020.2
1931 -2066.2 1880.4
1932 -1746.6 1934.3
1933 -1755.9 2039.1
1934 -1665.9 1942.8
1935 -1401.6 1956.1
1936 -307.7 1380.2
1937 -2177 2000.8
1938 -1920.6 1391.3
1939 -1934.2 1543.7
1940 -1699.9 1423.4
1941 -1535.8 1446.5
1942 -806.1 1547
1943 -816.8 1485.3
1944 -926.3 1529.2
1945 -424.2 1599.2
1946 -2240.7 1559
1947 -174.3 1319.1
1948 -1168.6 1497.5
1949 -1184.8 1664.7
1950 -1213.4 1966.5
1951 -1158.9 1969.6
1952 -1225.3 2091.4
1953 -1244.9 2358.4
1954 -1108.8 2363.7
1955 -1253.8 2397.4
1956 -1264.4 2511.8
1957 -1267.1 2543
1958 40.9 1665.6
1959 -1125.4 2517.5
1960 -1233.7 1488.6
1961 -1161.1 1370.9
1962 -1298.9 1767
1963 -1068.9 1974.8
1964 -968.2 1981.6
1965 -2289.6 2160.4
1966 -2289 2078.8
1967 -1243.2 2276.1
1968 -1133.2 2280.5
1969 -149.3 2169.7
1970 -1241.7 2324.1
1971 -1233.5 2177.8
1972 -1528.7 2251.3
1973 -1519.8 2149.1
1974 -1438.1 2260.1
1975 -2184.7 2089.1
1976 -2078.4 2010.3
1977 -1984.6 2107.1
1978 -1888.4 2027
1979 -1764.5 2127.2
1980 -153.5 2245.9
1981 -1674.5 2047
1982 -1593.9 2055
1983 -1512.2 2062.7
1984 -1325.3 2081.3
1985 -1222.5 2118.7
1986 -1082 2104.7
1987 -1121.9 2101
1988 -1076 2045.8
1989 -1161.3 2041.7
1990 -1163.1 2097.1
1991 0.8 2179.3
1992 -1330.7 2168.8
1993 -1425.9 2158.6
1994 -1090.9 2192
1995 -1086.9 2153.2
1996 -666 2225
1997 -1317.8 1960.3
1998 -1415.6 2072.4
1999 -1336.9 2270.4
2000 -2192.4 2173.4
2001 -2085.6 2097.5

# Edges
0 1
0 1112
0 1146
0 1336
0 1441
0 1532
1 1079
1 1441
2 58
2 69
2 668
2 1780
3 224
3 335
3 575
3 1969
4 8
4 1977
5 9
5 1977
5 1978
5 1979
6 7
6 12
6 1979
6 1981
7 22
7 1973
7 1982
8 9
8 10
8 15
9 11
9 43
10 41
10 49
11 12
11 13
11 1979
12 22
12 51
13 51
13 77
14 1050
14 1188
14 1189
14 1669
15 16
15 49
15 2000
16 2001
17 23
17 46
17 49
17 2000
18 19
18 20
18 21
19 27
19 55
20 42
20 54
20 56
21 73
21 120
22 67
22 1972
23 24
23 26
23 27
24 41
24 49
24 55
25 36
25 1736
26 46
26 73
27 73
28 29
28 30
29 1651
30 35
31 32
31 33
32 34
33 37
34 35
36 335
36 446
36 1780
37 787
38 39
38 40
38 1117
39 1252
39 1443
40 935
40 1081
40 1117
42 43
42 44
42 1022
43 53
43 57
44 45
44 52
45 75
45 1085
46 48
47 224
47 781
47 790
48 1965
50 51
50 52
50 59
51 67
52 57
52 77
53 54
53 55
56 120
56 1025
57 77
58 446
58 1009
59 60
59 1085
60 65
60 67
61 916
61 917
61 1974
62 63
62 72
62 867
62 923
62 1062
63 76
63 867
64 65
64 68
64 1061
64 1957
65 66
65 917
66 922
66 923
68 78
68 82
69 557
69 779
69 1478
70 71
70 72
70 84
71 925
71 1061
72 925
74 100
74 103
74 1599
75 1022
75 1023
76 776
78 79
78 81
79 916
79 1084
80 91
80 102
80 114
80 1564
81 82
81 108
81 109
81 1955
82 1956
83 84
83 107
83 1959
84 1957
85 86
85 87
85 88
85 1968
86 920
86 921
86 1994
87 95
87 921
88 96
88 1954
88 1970
89 90
89 1580
89 1604
89 1944
90 1587
90 1605
90 1964
91 1437
91 1562
91 1563
92 93
92 1585
92 1586
92 1964
93 919
93 1986
94 919
94 921
94 1586
94 1994
95 96
95 795
95 1586
96 97
96 105
97 101
97 1954
98 99
98 100
98 101
99 107
99 108
100 107
101 104
101 106
102 1432
102 1435
102 1437
103 104
103 105
105 795
106 108
106 1954
106 1955
108 110
109 110
109 1956
110 1959
111 112
111 576
111 1599
112 115
112 1053
113 224
113 335
113 446
113 1477
114 1253
114 1432
114 1561
115 116
115 792
116 798
116 1477
117 1057
117 1707
117 1709
118 1057
118 1142
118 1690
119 907
119 1262
119 1263
119 1295
120 1017
120 1025
121 122
121 123
121 140
121 276
122 541
122 542
122 691
123 200
123 201
123 541
124 126
124 127
124 237
124 265
125 136
125 967
125 1005
125 1349
125 1446
126 239
126 244
126 528
127 128
127 129
127 240
128 342
128 343
129 235
129 544
130 131
130 201
130 539
131 274
131 275
132 133
132 145
132 1388
133 1384
134 135
134 137
134 377
134 476
135 332
135 376
135 1373
136 1192
136 1206
136 1446
137 323
137 332
138 139
138 140
138 467
138 542
139 278
139 279
139 281
140 278
141 142
141 466
141 702
142 691
142 898
143 144
143 145
143 151
143 564
144 429
144 460
145 150
145 461
146 148
146 149
146 1367
147 158
147 169
147 1134
147 1726
148 385
148 386
148 388
149 154
149 208
149 388
150 389
150 563
150 1388
151 152
151 431
151 1361
152 153
152 210
152 1363
153 154
153 207
153 208
154 155
154 1367
155 207
155 1368
156 157
156 515
156 1426
157 159
157 160
157 161
158 1044
158 1784
159 182
159 1426
160 880
160 1018
161 1369
162 163
162 164
162 386
162 1427
163 406
163 407
164 168
164 170
164 1092
165 515
165 516
165 1367
166 318
166 319
166 320
166 1377
167 319
167 410
167 520
167 1377
168 876
169 1148
169 1170
169 1784
170 171
170 172
170 173
171 1424
172 182
172 183
172 184
173 184
173 394
173 876
174 175
174 176
174 400
175 523
175 739
175 740
176 738
176 901
177 178
177 181
177 194
178 195
178 395
179 181
179 194
179 562
179 1387
180 191
180 1141
180 1527
181 211
181 1092
182 526
182 1019
182 1424
183 525
183 526
184 396
185 186
185 187
185 190
185 985
186 188
186 189
187 193
187 194
187 195
188 1033
189 454
189 560
189 561
190 192
190 196
191 269
191 1528
192 197
192 403
193 561
193 1033
194 1089
195 196
196 398
197 398
197 399
197 400
198 199
198 691
198 875
199 540
199 541
200 275
200 276
200 277
201 275
201 408
202 213
202 225
202 1729
202 1749
203 204
203 320
203 321
203 1374
204 205
204 553
205 506
205 507
205 508
206 207
206 489
206 1363
206 1368
208 209
208 210
209 387
209 388
209 389
210 389
210 563
211 212
211 387
211 406
212 1387
213 1752
213 1754
214 215
214 216
214 228
214 254
215 362
215 363
215 364
216 217
216 218
216 364
217 219
217 298
217 333
218 254
218 297
218 298
219 220
219 221
219 256
220 299
220 474
220 475
221 333
221 366
221 475
222 223
222 226
222 303
222 474
223 367
223 436
223 437
225 1734
226 367
226 368
227 228
227 229
227 251
227 521
228 295
228 362
229 360
229 361
229 362
230 231
230 232
230 241
230 887
231 260
231 261
231 265
232 234
232 261
233 241
233 249
233 259
233 1557
234 273
234 887
234 1438
235 591
235 1149
236 247
236 258
236 305
236 310
237 529
237 1149
238 261
238 529
238 1147
238 1149
239 240
239 289
240 343
241 242
241 260
242 243
242 887
243 249
243 549
244 245
244 246
244 248
244 1235
244 1495
245 294
245 346
245 348
246 289
246 294
247 327
247 350
248 259
248 528
248 1238
249 548
250 251
250 253
250 282
251 295
251 296
252 253
252 254
252 284
252 297
253 290
253 295
254 295
255 256
255 257
255 287
255 473
256 298
256 299
257 293
257 297
257 298
258 337
258 1494
259 260
259 271
260 528
261 264
262 263
262 264
262 885
263 613
263 1147
264 273
264 1147
265 528
265 529
266 267
266 306
266 1221
266 1458
267 330
267 1717
268 1457
268 1461
268 1819
269 280
269 1510
270 304
270 305
270 1461
270 1819
271 272
271 1238
271 1557
272 1819
273 545
274 282
274 283
275 283
276 278
276 285
277 283
277 284
277 285
278 286
279 288
279 467
279 470
280 1506
280 1507
281 286
281 287
281 288
282 290
283 290
284 290
284 292
285 286
285 292
286 293
287 293
287 472
288 471
288 472
289 344
291 302
291 313
291 324
291 1272
291 1310
292 293
292 297
294 344
294 345
296 521
296 522
299 300
299 473
300 301
300 303
300 474
301 439
301 441
301 473
302 979
302 1004
302 1265
303 438
303 439
304 533
304 534
305 533
305 1462
306 307
306 330
306 1219
307 308
307 1460
308 1219
308 1220
308 1462
309 310
309 1220
309 1462
310 327
311 312
311 340
311 355
312 338
312 354
313 324
313 1855
314 327
314 355
314 356
314 1220
315 316
315 317
315 554
316 409
316 520
317 319
317 520
318 551
318 552
318 553
319 551
320 553
320 1376
321 322
321 326
321 508
322 332
322 1373
323 325
323 326
323 477
324 1310
325 331
325 510
325 511
326 331
326 332
327 353
328 329
328 330
328 1219
329 1720
329 1721
330 1720
331 508
331 509
333 364
333 365
334 337
334 367
334 368
334 379
335 1703
336 347
336 358
336 369
336 1260
337 349
337 350
338 339
338 353
339 381
339 415
340 341
340 383
341 355
341 356
342 498
342 536
343 344
343 445
344 443
345 346
345 440
345 443
346 438
346 439
347 926
347 1264
347 1286
348 349
348 438
348 1495
349 368
349 1494
350 351
350 352
351 379
351 381
351 417
352 353
352 381
353 354
354 355
356 1218
357 359
357 361
357 370
358 413
358 1168
358 1264
359 521
359 522
360 371
360 372
360 373
361 371
361 521
362 373
363 373
363 374
363 375
364 374
365 366
365 374
365 376
366 377
366 378
367 418
368 438
369 1167
369 1168
369 1786
370 371
370 409
371 410
372 410
372 1377
372 1378
373 1378
374 1375
375 1374
375 1375
375 1378
376 377
376 1375
377 412
378 412
378 414
378 475
379 418
380 391
380 402
380 413
380 1120
382 429
382 669
382 680
382 1724
383 1358
383 1724
384 430
384 465
384 1724
385 1426
385 1427
388 407
389 1389
390 427
390 680
390 1382
391 1271
391 1272
391 1273
392 393
392 394
392 395
392 876
393 739
393 740
394 396
394 740
395 401
396 397
397 523
397 740
398 401
399 830
399 888
400 739
400 888
401 739
402 435
402 817
403 404
403 1034
404 830
405 484
405 486
405 489
405 1368
406 1092
408 539
408 540
408 541
409 410
411 412
411 414
411 434
412 476
413 424
413 491
414 436
414 437
415 416
415 417
416 419
416 432
416 433
417 418
417 419
418 436
419 434
419 436
420 421
420 422
420 423
420 454
421 834
421 1794
421 1824
422 1110
423 456
423 1014
423 1824
424 1119
424 1120
424 1264
425 459
425 994
425 1383
426 462
426 1014
426 1095
426 1383
427 428
427 429
427 1380
428 995
429 430
430 431
430 570
432 512
432 514
433 434
433 477
433 512
434 476
435 447
435 458
435 480
435 816
437 474
437 475
439 440
440 441
440 442
441 471
441 472
442 443
442 444
442 471
443 445
444 445
444 448
444 470
445 498
446 557
447 502
447 913
447 1008
447 1730
448 449
448 499
449 467
449 468
449 470
450 459
450 562
450 1388
451 452
451 555
451 1840
452 453
452 566
453 454
453 455
453 986
454 456
455 565
456 457
456 561
457 1014
457 1089
457 1095
458 819
458 1268
459 1095
459 1384
460 461
460 995
460 1386
462 1802
462 1813
462 1827
463 497
463 1358
464 571
464 1357
464 1358
465 571
466 1317
468 542
468 543
468 1390
469 480
469 491
469 1169
470 471
472 473
476 477
477 511
478 479
478 1356
478 1362
479 494
479 496
479 497
480 816
481 482
481 485
481 972
482 973
483 484
483 485
483 486
483 504
484 1366
485 516
485 517
486 487
486 488
487 504
487 505
488 489
488 507
488 1364
490 507
490 508
490 509
490 1364
491 816
492 493
492 509
492 1364
492 1365
493 494
493 510
493 1360
494 495
494 1362
495 496
495 510
495 511
496 512
496 514
497 1064
497 1356
498 499
499 543
500 501
501 518
501 527
501 973
502 1006
502 1008
503 504
503 505
503 518
503 552
504 517
505 506
505 507
506 552
506 553
509 510
511 512
513 524
513 820
514 1064
515 1371
516 1366
516 1371
517 518
518 519
519 527
519 551
519 552
523 525
524 1835
524 1852
525 738
527 550
530 531
530 532
530 1236
531 533
531 534
532 534
532 1238
535 546
535 558
535 1493
536 537
536 543
536 544
537 538
537 1315
537 1318
538 544
538 591
539 872
540 872
540 874
542 702
543 1318
545 886
546 1107
547 548
547 1562
547 1860
548 1233
549 1083
549 1562
550 554
551 554
555 556
555 1834
556 559
556 560
556 565
557 1476
557 1477
558 904
558 1559
559 1034
561 1089
562 1089
562 1095
563 564
566 986
566 1842
567 568
567 988
567 1844
568 987
568 1110
568 1843
569 580
569 904
569 1107
570 571
570 1357
570 1361
572 573
572 577
572 930
573 574
573 576
574 575
574 576
574 781
574 930
575 1980
577 1026
577 1559
578 1121
578 1803
578 1858
579 1803
579 1825
579 1836
580 804
580 878
581 582
581 1260
581 1261
582 1596
582 1597
583 584
583 585
583 1704
584 1591
584 1701
585 586
585 1489
585 1598
586 1139
586 1589
587 1261
587 1704
588 749
588 750
588 1297
588 1898
589 810
589 1846
589 1853
590 592
590 838
590 854
590 897
590 981
591 602
591 613
592 896
592 897
593 810
593 1853
593 1854
594 595
594 596
594 597
594 1851
595 983
595 984
596 601
596 984
597 598
597 896
598 811
598 1851
599 600
599 964
599 1850
600 601
600 964
601 603
602 613
602 1147
602 1149
603 1413
604 605
604 607
604 1412
605 606
605 858
605 1073
605 1410
606 895
607 895
607 984
608 609
608 610
608 630
609 863
609 864
610 614
610 631
611 612
611 614
611 627
611 1415
612 618
612 619
612 1416
613 1315
614 865
615 616
615 617
615 618
615 843
616 629
616 839
616 842
617 628
617 629
618 626
618 842
619 623
619 848
620 622
620 701
620 1416
621 698
621 704
621 1409
621 1416
622 623
622 1100
623 625
624 635
624 646
624 1180
624 1205
625 849
625 850
626 627
626 844
627 863
628 859
628 861
629 841
630 631
630 637
630 695
631 697
631 865
632 633
632 660
632 713
632 726
633 636
633 731
634 636
634 731
634 1402
635 1144
635 1537
635 1542
636 726
637 638
637 667
638 670
638 695
638 696
639 640
639 641
639 883
640 665
640 666
640 677
641 649
641 665
642 643
642 644
642 666
643 893
643 894
644 645
644 650
645 647
645 648
646 1069
646 1144
646 1184
647 653
647 1041
648 650
648 652
648 653
649 656
649 658
650 651
650 659
651 664
651 665
651 666
652 654
652 659
653 654
653 1567
654 660
654 661
655 746
655 1041
655 1566
655 1567
656 674
656 728
657 669
657 680
657 1379
657 1822
658 664
658 665
658 674
659 664
659 727
660 727
660 730
661 662
661 730
662 663
662 735
662 1567
663 729
663 1565
666 893
667 670
667 690
668 779
668 890
668 1891
669 1722
669 1723
670 683
670 692
671 732
671 1401
672 716
672 717
672 1401
672 1402
673 679
673 682
673 683
673 1401
674 675
674 676
675 727
676 725
677 883
677 893
678 679
678 681
678 1406
679 693
680 1815
681 693
681 1405
682 684
682 707
683 693
683 707
684 685
684 696
684 1400
685 688
686 709
686 712
686 1397
687 712
687 1397
687 1399
687 1418
688 1397
688 1398
689 1407
689 1418
690 692
690 706
691 702
692 693
692 694
694 705
694 1395
695 697
695 709
696 707
696 708
697 699
697 710
698 1417
699 714
699 865
699 1417
700 712
700 714
700 1409
700 1417
701 703
701 704
702 1094
703 1393
703 1408
705 974
705 1394
705 1405
706 1395
708 711
709 710
709 711
710 714
713 720
713 724
713 735
715 966
716 723
716 725
717 966
718 719
718 731
718 1096
718 1402
719 965
720 721
720 722
720 1420
721 1098
722 724
722 1419
723 728
723 1404
724 729
725 726
726 727
729 735
730 735
732 1406
733 734
733 736
734 788
736 737
737 1946
741 742
741 1197
741 1792
742 1781
743 1160
743 1197
743 1514
743 1781
744 745
744 1309
745 748
746 757
746 1153
746 1421
747 753
747 942
747 943
747 1309
748 749
748 1667
749 753
749 1899
750 752
751 752
752 753
754 755
754 756
755 784
755 785
756 783
756 1048
757 982
757 1036
757 1076
757 1155
758 759
758 760
758 784
759 799
760 1053
760 1054
761 762
761 763
761 764
762 767
762 1870
763 764
763 765
764 765
764 766
765 1699
766 767
766 1697
767 1712
767 1867
768 780
768 791
768 1753
768 1776
769 770
769 878
769 1071
770 904
770 1576
771 1547
771 1576
772 1102
772 1481
772 1579
773 774
773 806
773 1568
775 806
775 1571
775 1573
776 777
776 1049
778 781
778 782
778 1009
779 1485
779 1945
780 1340
780 1354
780 1355
782 783
784 786
785 786
786 1048
787 788
788 1010
789 790
789 1493
790 800
791 1340
791 1342
791 1777
792 793
792 794
793 797
793 1475
794 797
794 1602
794 1996
795 1472
795 1584
796 797
796 812
796 928
796 1475
798 799
798 800
799 801
801 1047
801 1594
802 813
802 835
802 1133
802 1158
803 1163
803 1191
803 1257
803 1337
804 805
804 884
805 1469
806 1471
807 885
807 1111
807 1439
808 810
808 811
808 1846
809 811
809 1846
809 1848
809 1851
812 1476
812 1479
812 1588
813 1003
813 1266
813 1289
814 1491
814 1601
815 1482
815 1921
817 1271
818 825
818 1269
818 1282
819 820
819 871
820 822
821 889
821 913
821 1841
822 823
822 825
823 826
823 827
824 835
824 846
824 1133
825 1837
826 827
826 1020
827 879
828 829
828 964
828 1413
829 960
829 961
829 1413
830 831
831 1030
832 833
832 834
832 1844
833 1828
834 988
834 1091
835 958
835 968
836 1028
836 1132
836 1280
837 838
837 840
837 845
838 847
839 840
839 841
840 851
840 852
841 852
842 848
842 851
843 844
843 859
844 862
845 850
845 851
845 854
846 955
846 956
847 852
847 853
848 849
849 851
850 856
853 1037
853 1038
854 855
855 856
855 981
856 858
857 868
857 879
857 1832
858 1073
859 860
860 861
860 862
861 864
862 863
862 864
865 1415
866 1909
866 1946
867 1085
868 1833
868 1845
869 1681
869 1725
869 1758
869 1958
870 929
870 1636
870 1681
870 1758
871 1169
871 1594
872 873
873 874
873 1000
874 875
875 1000
877 1103
877 1104
878 884
878 1577
879 1831
879 1833
879 1834
880 1369
881 1837
881 1855
882 901
882 1045
882 1854
883 1507
884 1056
884 1574
885 886
885 1111
887 1563
888 899
889 1009
889 1029
890 1001
890 1060
890 1485
891 902
891 1731
891 1838
892 1154
892 1507
892 1509
894 1153
895 896
895 897
895 983
896 983
896 1063
898 998
898 999
899 900
900 1839
901 903
902 1007
902 1841
903 1078
904 1547
905 1689
905 1709
906 1287
906 1294
907 1262
907 1287
908 909
908 1638
909 1688
910 1040
910 1680
910 1906
911 1907
911 1908
911 1918
912 1890
912 1960
912 1961
913 1728
914 1890
914 1893
914 1960
915 1622
915 1932
916 1999
917 1115
918 1987
918 1995
919 1995
920 1968
922 925
922 1062
924 935
924 946
924 1256
925 1061
925 1062
926 1258
927 1039
927 1560
928 1487
928 1602
929 1102
929 1647
930 1980
931 932
931 1274
931 1289
932 1158
932 1275
933 1002
933 1013
933 1276
934 1266
934 1267
934 1289
935 957
935 1251
936 937
936 1156
936 1157
937 1133
937 1284
938 939
938 1129
938 1522
939 940
939 1124
939 1130
940 942
940 1301
940 1302
941 1308
941 1667
942 1128
942 1299
943 1298
943 1299
944 1118
944 1274
944 1276
945 947
945 948
945 951
946 957
947 949
947 950
948 950
948 963
949 951
949 952
950 962
951 953
952 953
952 954
953 955
954 955
954 956
956 958
957 1103
957 1105
957 1569
959 960
959 961
959 963
960 1411
961 962
962 963
964 1413
965 1396
967 1005
967 1465
968 979
968 1004
969 1117
969 1208
970 1246
970 1313
971 1666
971 1894
971 1899
972 1372
974 975
975 1394
976 977
976 1239
976 1431
977 1247
978 980
978 1137
978 1892
979 1855
980 1027
980 1072
981 1073
982 1076
982 1566
985 1034
986 987
989 1091
989 1422
990 1002
990 1013
990 1263
990 1304
991 992
991 1345
991 1757
992 1796
993 994
993 1385
994 1380
996 1811
996 1812
996 1830
997 1379
997 1811
997 1830
998 999
998 1000
1001 1448
1002 1277
1003 1004
1003 1265
1005 1181
1006 1007
1006 1729
1007 1008
1011 1569
1011 1575
1012 1399
1012 1418
1012 1419
1013 1118
1013 1187
1014 1827
1015 1325
1015 1337
1016 1017
1016 1023
1018 1019
1020 1831
1021 1088
1021 1198
1021 1550
1022 1023
1022 1025
1024 1035
1024 1293
1024 1700
1024 1702
1024 1870
1026 1991
1027 1052
1027 1137
1028 1031
1028 1278
1028 1305
1029 1042
1029 1052
1030 1075
1030 1834
1031 1032
1031 1277
1032 1304
1034 1074
1034 1834
1035 1591
1035 1699
1035 1700
1035 1701
1036 1508
1037 1078
1038 1063
1039 1227
1039 1254
1039 1466
1040 1678
1040 1908
1041 1153
1042 1043
1042 1595
1043 1065
1043 1072
1043 1600
1044 1765
1044 1786
1046 1057
1046 1068
1046 1638
1046 1642
1047 1051
1047 1601
1048 1049
1050 1803
1050 1825
1051 1484
1051 1485
1052 1595
1053 1473
1054 1473
1054 1474
1055 1353
1055 1772
1055 1775
1056 1058
1056 1574
1056 1614
1057 1518
1058 1577
1058 1614
1059 1470
1059 1577
1060 1485
1060 1936
1065 1136
1065 1601
1066 1117
1066 1532
1067 1281
1067 1314
1068 1517
1068 1518
1068 1531
1069 1145
1070 1207
1070 1281
1070 1292
1072 1892
1074 1075
1075 1834
1076 1155
1077 1252
1077 1311
1077 1443
1079 1090
1079 1101
1080 1670
1080 1714
1080 1991
1081 1104
1081 1211
1082 1083
1082 1563
1084 1116
1086 1536
1086 1991
1087 1445
1087 1446
1087 1551
1088 1198
1088 1270
1090 1114
1090 1445
1093 1094
1093 1390
1096 1097
1097 1098
1099 1100
1099 1391
1101 1349
1101 1550
1101 1551
1103 1105
1104 1109
1105 1109
1106 1693
1106 1876
1106 1922
1108 1522
1109 1569
1111 1244
1112 1225
1112 1336
1113 1126
1113 1137
1113 1188
1113 1880
1114 1117
1114 1444
1115 1116
1117 1311
1118 1119
1118 1120
1119 1187
1119 1288
1120 1273
1121 1836
1121 1847
1122 1836
1122 1880
1123 1189
1123 1558
1123 1669
1123 1767
1124 1125
1124 1127
1124 1302
1125 1164
1125 1165
1125 1496
1126 1148
1126 1159
1126 1170
1127 1278
1127 1305
1127 1496
1128 1129
1128 1130
1128 1308
1129 1519
1131 1132
1131 1155
1131 1280
1132 1133
1132 1156
1133 1283
1134 1135
1134 1148
1134 1744
1135 1726
1135 1749
1135 1783
1136 1601
1136 1914
1136 1936
1137 1170
1138 1139
1138 1140
1138 1589
1138 1656
1139 1489
1140 1490
1140 1863
1140 1866
1141 1142
1141 1690
1142 1515
1142 1518
1143 1144
1143 1145
1143 1225
1143 1534
1144 1539
1145 1541
1145 1543
1146 1160
1146 1197
1146 1198
1148 1741
1150 1151
1150 1152
1150 1379
1150 1822
1151 1171
1151 1379
1151 1800
1151 1811
1152 1171
1152 1172
1153 1154
1153 1501
1156 1157
1157 1284
1158 1283
1158 1289
1159 1188
1159 1189
1159 1741
1160 1161
1160 1162
1161 1163
1161 1191
1162 1248
1163 1514
1163 1570
1164 1519
1164 1522
1164 1523
1165 1502
1165 1504
1165 1523
1166 1167
1166 1170
1166 1260
1166 1595
1166 1786
1168 1169
1171 1808
1171 1810
1172 1806
1172 1807
1172 1820
1173 1174
1173 1175
1173 1740
1173 1764
1174 1422
1174 1423
1174 1829
1175 1829
1175 1837
1175 1838
1176 1177
1176 1178
1176 1182
1176 1204
1177 1230
1177 1320
1177 1554
1178 1320
1178 1789
1179 1180
1179 1182
1179 1467
1179 1553
1180 1450
1180 1856
1181 1192
1181 1203
1181 1214
1182 1453
1182 1554
1183 1184
1183 1185
1183 1237
1183 1464
1184 1544
1184 1856
1185 1467
1185 1468
1186 1212
1186 1303
1186 1575
1187 1262
1187 1263
1188 1814
1189 1742
1190 1191
1190 1193
1190 1292
1191 1259
1192 1311
1192 1443
1193 1259
1193 1270
1194 1195
1194 1481
1194 1758
1195 1492
1195 1503
1195 1592
1196 1215
1196 1217
1196 1359
1196 1572
1196 1603
1196 1614
1197 1336
1198 1248
1198 1532
1199 1200
1199 1201
1199 1239
1199 1244
1199 1428
1200 1433
1200 1434
1201 1253
1201 1429
1201 1433
1202 1204
1202 1205
1202 1328
1202 1715
1203 1246
1203 1431
1204 1452
1204 1454
1205 1452
1205 1542
1206 1207
1206 1208
1207 1210
1208 1209
1209 1210
1209 1211
1212 1213
1212 1215
1212 1303
1213 1571
1214 1226
1214 1237
1214 1430
1215 1216
1216 1217
1216 1303
1216 1325
1217 1359
1218 1219
1218 1220
1218 1722
1221 1222
1221 1223
1221 1330
1222 1324
1222 1326
1222 1458
1223 1326
1223 1327
1223 1328
1224 1237
1224 1463
1224 1465
1225 1535
1225 1540
1226 1253
1226 1429
1226 1466
1227 1228
1227 1229
1227 1231
1228 1237
1228 1466
1228 1552
1229 1552
1229 1553
1229 1555
1230 1231
1230 1232
1230 1860
1231 1554
1231 1560
1232 1561
1232 1564
1233 1234
1233 1557
1233 1860
1234 1319
1234 1861
1235 1236
1235 1238
1235 1494
1239 1240
1239 1241
1239 1246
1240 1428
1240 1429
1241 1430
1242 1243
1242 1312
1243 1440
1244 1245
1244 1434
1244 1435
1245 1857
1246 1247
1246 1312
1248 1259
1248 1270
1249 1250
1249 1251
1250 1312
1251 1252
1251 1255
1252 1443
1253 1254
1255 1256
1255 1440
1257 1281
1257 1325
1258 1260
1258 1261
1258 1285
1260 1596
1261 1702
1262 1288
1263 1300
1264 1306
1265 1266
1265 1267
1267 1272
1267 1273
1268 1269
1268 1271
1269 1272
1269 1282
1273 1274
1274 1275
1275 1276
1275 1277
1277 1283
1278 1279
1278 1280
1279 1496
1279 1505
1279 1508
1281 1292
1281 1575
1282 1310
1283 1284
1285 1286
1285 1293
1286 1287
1286 1288
1287 1307
1288 1306
1290 1291
1290 1293
1290 1297
1291 1294
1291 1298
1291 1307
1293 1307
1294 1295
1294 1296
1295 1301
1296 1298
1296 1299
1296 1301
1297 1298
1297 1868
1300 1301
1300 1302
1300 1304
1302 1305
1303 1314
1303 1325
1304 1305
1308 1309
1308 1520
1312 1313
1315 1316
1316 1317
1316 1318
1317 1390
1318 1390
1319 1320
1319 1321
1319 1556
1320 1861
1321 1322
1321 1323
1321 1789
1322 1324
1322 1326
1322 1455
1323 1456
1324 1456
1324 1457
1327 1329
1327 1788
1328 1455
1328 1788
1329 1330
1329 1331
1329 1716
1330 1717
1330 1817
1331 1332
1331 1333
1331 1817
1332 1716
1332 1779
1332 1782
1333 1334
1333 1335
1333 1779
1334 1338
1335 1816
1335 1817
1335 1818
1336 1447
1336 1558
1337 1348
1337 1359
1338 1339
1338 1340
1338 1807
1339 1341
1339 1342
1340 1779
1341 1805
1341 1806
1341 1807
1342 1343
1342 1344
1343 1756
1343 1804
1343 1805
1344 1345
1344 1777
1344 1796
1345 1346
1345 1347
1346 1735
1346 1754
1346 1791
1347 1752
1347 1754
1347 1777
1348 1570
1349 1350
1349 1442
1350 1449
1350 1463
1351 1352
1351 1353
1351 1538
1351 1787
1352 1546
1352 1548
1352 1768
1354 1549
1354 1779
1354 1782
1355 1787
1356 1357
1356 1358
1359 1592
1360 1361
1360 1362
1360 1365
1363 1364
1363 1365
1366 1367
1366 1368
1369 1371
1369 1372
1370 1381
1370 1392
1370 1403
1370 1769
1373 1374
1373 1375
1374 1376
1376 1377
1376 1378
1380 1382
1380 1383
1381 1525
1381 1747
1381 1758
1382 1813
1382 1815
1383 1813
1384 1385
1384 1386
1387 1388
1387 1389
1391 1393
1391 1410
1391 1411
1392 1514
1392 1525
1393 1408
1394 1395
1396 1397
1396 1398
1396 1399
1398 1400
1399 1418
1399 1419
1399 1420
1400 1401
1400 1402
1403 1414
1403 1425
1403 1958
1404 1405
1404 1406
1407 1408
1407 1409
1408 1418
1410 1412
1411 1412
1411 1413
1414 1858
1414 1869
1415 1416
1415 1417
1421 1500
1421 1501
1421 1505
1422 1794
1422 1828
1423 1764
1423 1793
1423 1794
1424 1426
1424 1427
1425 1436
1425 1448
1425 1869
1429 1430
1430 1431
1432 1433
1432 1434
1435 1859
1436 1725
1436 1891
1436 1958
1437 1438
1437 1859
1438 1439
1439 1857
1441 1442
1441 1541
1442 1449
1444 1445
1444 1446
1447 1558
1447 1669
1448 1459
1448 1891
1449 1543
1450 1451
1450 1453
1451 1452
1451 1453
1454 1455
1455 1789
1456 1556
1456 1819
1457 1458
1457 1460
1459 1869
1459 1936
1459 1947
1460 1461
1460 1462
1463 1464
1464 1544
1467 1856
1468 1552
1468 1553
1469 1471
1469 1572
1470 1481
1470 1492
1470 1625
1472 1473
1472 1474
1472 1996
1474 1599
1475 1476
1475 1477
1476 1478
1478 1479
1478 1480
1479 1482
1479 1604
1480 1482
1480 1483
1480 1945
1481 1577
1482 1942
1483 1484
1483 1485
1483 1921
1484 1920
1486 1487
1486 1488
1486 1585
1486 1964
1488 1587
1488 1588
1489 1490
1489 1491
1490 1920
1491 1598
1491 1920
1494 1495
1496 1502
1497 1498
1497 1499
1497 1506
1497 1509
1498 1510
1498 1511
1498 1524
1499 1500
1499 1501
1499 1511
1500 1502
1500 1504
1501 1509
1502 1505
1503 1514
1503 1525
1503 1581
1504 1511
1504 1512
1505 1508
1506 1510
1510 1528
1511 1526
1512 1513
1512 1523
1512 1526
1513 1515
1513 1516
1513 1521
1515 1526
1515 1527
1516 1517
1516 1518
1517 1521
1517 1529
1519 1520
1519 1521
1520 1529
1520 1530
1521 1523
1524 1526
1524 1527
1524 1528
1529 1531
1530 1531
1530 1642
1530 1667
1533 1534
1533 1535
1533 1539
1533 1545
1534 1535
1536 1547
1536 1559
1536 1658
1537 1538
1537 1539
1537 1778
1538 1546
1538 1549
1539 1546
1540 1541
1542 1715
1542 1778
1543 1544
1545 1546
1545 1548
1547 1578
1548 1770
1549 1778
1549 1787
1550 1551
1553 1555
1554 1555
1556 1557
1560 1561
1565 1566
1565 1567
1568 1569
1568 1571
1569 1575
1570 1581
1570 1592
1571 1573
1572 1573
1572 1574
1576 1577
1576 1579
1578 1579
1578 1647
1580 1582
1580 1583
1580 1605
1582 1948
1582 1949
1583 1865
1583 1944
1583 1948
1584 1585
1584 1586
1584 1996
1585 1602
1587 1588
1588 1604
1589 1590
1589 1591
1590 1656
1590 1705
1590 1862
1591 1862
1592 1603
1593 1594
1593 1595
1593 1600
1595 1596
1597 1598
1597 1704
1598 1600
1600 1601
1603 1614
1603 1625
1604 1942
1605 1606
1605 1963
1606 1949
1606 1950
1606 1962
1607 1608
1607 1609
1607 1622
1607 1929
1608 1912
1608 1913
1609 1619
1609 1620
1609 1912
1610 1611
1610 1612
1610 1613
1610 1893
1611 1949
1611 1962
1612 1900
1612 1901
1612 1962
1613 1615
1613 1617
1613 1900
1615 1661
1615 1893
1615 1941
1616 1617
1616 1618
1616 1620
1616 1621
1617 1902
1617 1941
1618 1633
1618 1940
1618 1941
1619 1906
1619 1938
1619 1940
1620 1622
1620 1940
1621 1622
1621 1902
1621 1934
1623 1624
1623 1626
1623 1639
1624 1665
1624 1871
1626 1627
1626 1628
1626 1659
1627 1639
1627 1640
1627 1641
1628 1629
1628 1632
1628 1640
1629 1643
1629 1657
1629 1659
1630 1631
1630 1632
1630 1633
1630 1660
1631 1644
1631 1648
1632 1643
1632 1644
1633 1634
1633 1919
1634 1660
1634 1661
1634 1941
1635 1637
1635 1638
1635 1642
1635 1710
1636 1647
1636 1658
1636 1692
1637 1639
1637 1871
1638 1709
1639 1675
1640 1645
1640 1649
1641 1649
1641 1674
1641 1675
1642 1668
1643 1660
1644 1645
1645 1646
1645 1648
1646 1649
1646 1650
1646 1908
1648 1918
1648 1919
1649 1655
1650 1655
1650 1677
1650 1678
1651 1652
1651 1653
1651 1682
1652 1881
1653 1654
1653 1875
1654 1682
1654 1685
1654 1687
1655 1674
1655 1687
1656 1706
1656 1863
1657 1662
1657 1664
1657 1887
1659 1662
1659 1665
1660 1887
1661 1887
1661 1889
1662 1663
1662 1676
1663 1665
1663 1671
1663 1673
1664 1676
1664 1706
1664 1886
1666 1667
1666 1668
1666 1671
1668 1711
1669 1792
1670 1681
1670 1692
1670 1703
1671 1672
1671 1895
1672 1710
1672 1711
1673 1695
1673 1696
1673 1894
1674 1684
1674 1689
1675 1688
1675 1689
1676 1696
1676 1705
1677 1679
1677 1682
1677 1687
1678 1679
1678 1680
1679 1683
1679 1923
1680 1923
1680 1938
1681 1736
1682 1683
1683 1878
1683 1881
1684 1685
1684 1686
1684 1687
1685 1693
1685 1874
1686 1689
1686 1693
1690 1691
1690 1707
1691 1873
1693 1694
1694 1707
1694 1708
1694 1709
1695 1697
1695 1698
1695 1712
1695 1713
1696 1698
1697 1699
1697 1862
1698 1705
1698 1862
1701 1702
1701 1704
1703 1714
1703 1736
1705 1706
1706 1864
1708 1872
1708 1873
1710 1711
1710 1871
1712 1713
1712 1894
1712 1897
1714 1969
1715 1716
1715 1782
1716 1788
1717 1718
1717 1719
1718 1817
1718 1818
1718 1823
1719 1720
1719 1721
1719 1823
1721 1722
1721 1723
1722 1724
1723 1822
1723 1823
1725 1736
1725 1780
1726 1727
1726 1766
1727 1728
1727 1730
1727 1749
1728 1785
1729 1730
1729 1731
1731 1732
1731 1738
1732 1733
1732 1838
1733 1737
1733 1738
1733 1739
1734 1735
1734 1738
1734 1754
1735 1737
1735 1738
1737 1790
1739 1740
1739 1760
1740 1762
1741 1742
1741 1743
1742 1767
1742 1771
1743 1744
1743 1745
1743 1771
1744 1783
1745 1746
1745 1748
1745 1783
1746 1771
1746 1772
1746 1773
1747 1958
1748 1749
1748 1750
1748 1772
1750 1751
1750 1752
1751 1774
1752 1753
1753 1777
1755 1756
1755 1757
1755 1759
1755 1790
1756 1796
1756 1798
1757 1791
1759 1760
1759 1761
1759 1798
1760 1762
1760 1790
1761 1762
1761 1763
1761 1797
1762 1764
1763 1764
1763 1793
1763 1799
1765 1766
1765 1785
1765 1786
1767 1768
1767 1770
1768 1771
1768 1773
1769 1781
1769 1792
1769 1858
1772 1774
1774 1775
1774 1776
1775 1787
1778 1782
1780 1891
1785 1786
1790 1791
1792 1803
1793 1795
1793 1799
1794 1795
1795 1801
1795 1826
1797 1798
1797 1799
1797 1810
1798 1804
1799 1800
1799 1801
1800 1802
1800 1810
1801 1802
1801 1827
1802 1812
1804 1809
1804 1810
1805 1809
1806 1808
1806 1809
1807 1816
1812 1813
1812 1815
1814 1825
1814 1836
1815 1830
1816 1820
1818 1820
1818 1821
1821 1822
1821 1823
1824 1826
1824 1827
1828 1829
1829 1837
1831 1832
1832 1848
1832 1850
1833 1835
1835 1845
1839 1840
1839 1841
1840 1842
1842 1843
1843 1844
1845 1846
1845 1848
1847 1858
1847 1869
1847 1903
1848 1849
1849 1850
1849 1851
1852 1853
1852 1854
1857 1859
1860 1861
1863 1864
1863 1865
1864 1886
1864 1896
1865 1866
1865 1961
1866 1921
1866 1943
1867 1868
1867 1870
1868 1898
1872 1922
1874 1875
1874 1876
1877 1878
1877 1879
1877 1881
1878 1882
1878 1923
1879 1882
1879 1946
1880 1892
1880 1903
1882 1883
1882 1917
1883 1884
1883 1885
1883 1946
1884 1911
1884 1915
1884 1917
1885 1909
1885 1915
1885 1928
1886 1887
1886 1888
1888 1889
1889 1890
1889 1893
1892 1914
1894 1895
1896 1961
1897 1898
1898 1899
1900 1902
1900 1905
1901 1935
1902 1904
1903 1925
1903 1947
1904 1905
1904 1934
1904 1982
1905 1935
1905 1983
1906 1907
1906 1908
1907 1919
1909 1910
1910 1926
1911 1912
1911 1913
1911 1939
1913 1915
1913 1916
1914 1925
1915 1931
1916 1929
1916 1930
1916 1931
1917 1923
1917 1938
1919 1924
1920 1921
1924 1940
1926 1927
1926 1928
1927 1937
1927 1966
1928 1931
1928 1937
1929 1932
1929 1978
1930 1976
1930 1977
1930 1978
1931 1976
1932 1933
1932 1934
1933 1978
1933 1979
1933 1981
1934 1981
1935 1997
1935 1998
1937 1975
1937 1976
1938 1939
1942 1943
1942 1944
1948 1960
1948 1961
1950 1951
1950 1952
1950 1997
1951 1963
1951 1989
1952 1971
1952 1984
1952 1985
1952 1990
1953 1954
1953 1955
1953 1970
1955 1967
1956 1957
1956 1959
1963 1964
1963 1988
1965 1966
1965 2000
1966 1975
1967 1968
1967 1970
1967 1971
1967 1999
1969 1980
1969 1991
1971 1985
1971 1992
1971 1994
1972 1973
1972 1974
1973 1983
1973 1993
1974 1993
1974 1999
1975 2000
1975 2001
1976 2001
1977 2001
1981 1982
1982 1983
1983 1998
1984 1992
1984 1997
1984 1998
1986 1987
1986 1988
1986 1995
1987 1990
1988 1989
1989 1990
1992 1993
1992 1999
1993 1998
1994 1995
