# Nodes
0 503.6 -291.9
1 419.6 -635.3
2 245.1 25
3 -713.7 96.1
4 -673 -61.8
5 -756 -36.3
6 -708.1 -86
7 -775.9 -29.6
8 -284.8 1003.2
9 -246.4 996.9
10 -120.3 864.5
11 -243.8 568.4
12 -157.6 525.9
13 287 -145.4
14 -72.5 240.8
15 -27 144.8
16 17.4 49.8
17 63.1 -48.5
18 70.1 82.7
19 135.2 -15.7
20 -20.8 305
21 -3.7 355.3
22 -42.1 324.9
23 -58.2 393
24 549 -541.5
25 398.2 -683.9
26 -491.4 -884.9
27 -572.2 -860.6
28 557.4 -87.5
29 498 8.3
30 590.6 -275.1
31 591.9 -185.2
32 566 -111.9
33 470.2 267.3
34 464.9 319.8
35 87.4 253.5
36 477 399.3
37 447.4 396.8
38 447.5 363.9
39 405.9 620
40 149 890.6
41 128.9 900.3
42 86.4 723.9
43 -117.5 981.7
44 -201.4 995
45 112.3 929.4
46 124.4 433.5
47 73.9 941.9
48 548.4 -561.1
49 578.6 -422.5
50 604.1 -292.7
51 624.3 -384
52 610.8 -252
53 412.1 -500.4
54 394.9 -436.8
55 457.6 -490.4
56 347.6 -80.7
57 43.6 388.9
58 452.1 235.9
59 212.8 1062.3
60 345.6 1021.8
61 184.4 986.2
62 21.7 1032.7
63 163 929
64 -12 468.4
65 -0.7 496.7
66 12.4 458.1
67 200 -847.1
68 0.2 374.4
69 -181.7 -890.1
70 18.3 -854.6
71 347.5 -764.4
72 11.5 548.7
73 -549.6 -714.9
74 -519.9 -552.5
75 -517.7 -499.6
76 -623.8 -814.7
77 374.5 -463.1
78 380.2 -511.6
79 188.3 619.9
80 357.6 -502.3
81 103.4 -392.5
82 196.8 -436.2
83 385.2 -416.7
84 357 -404.9
85 369.4 -439.2
86 266 -518.6
87 304.8 -616.8
88 264.9 -701.7
89 255.7 -721.4
90 175.3 587.2
91 189.6 -324.9
92 189.4 -387.3
93 156.9 -350.8
94 192.9 -213.1
95 246.8 -274.7
96 326.9 -366.3
97 -50.7 464.7
98 11.5 736.7
99 -83.6 718
100 5.3 639.5
101 155.7 501.6
102 21.6 892.2
103 20.8 947.5
104 71.5 901.8
105 -124.6 458
106 -128.9 709
107 -99 620.6
108 -141.5 627.7
109 -154.2 547.1
110 -111.6 540.2
111 -167.1 454.2
112 449.7 -184
113 124.3 530.2
114 52.9 631.9
115 325.4 -301.6
116 345.6 -340.2
117 286.2 -246.2
118 -782.3 -89.5
119 256.5 797.4
120 246.1 770.6
121 -113.4 1150.4
122 26.3 1112
123 -211.7 1168.2
124 131.3 500.1
125 -223.4 1376.3
126 448.4 516.5
127 427.6 587.4
128 120.4 1086.8
129 186.5 1266.5
130 466.4 185.1
131 467.3 209.5
132 532.2 -555.4
133 530.6 -608.3
134 405.4 -659.1
135 41.4 431.6
136 -273.2 1166.2
137 -467.8 -653.6
138 -388.7 -531.6
139 -614 122.3
140 -283.1 1037
141 182 -712.4
142 198.6 -671.9
143 143.1 -704
144 246.3 -742
145 194.7 -105.6
146 -325.1 768.6
147 218.8 -108.1
148 212.9 -136.4
149 174.1 -71.6
150 375.3 620.5
151 283.6 763.2
152 -201.8 1008.9
153 157.2 -173.8
154 -373.7 -511.6
155 -329.1 -560.7
156 232.5 -165.7
157 -286.9 967.5
158 91.4 1291.9
159 279.8 1241.5
160 458.8 -654.2
161 629.6 -309.2
162 -267.1 -73.4
163 314.2 942.8
164 -46.9 1065.1
165 70 928.4
166 -312.2 -188.8
167 -582.7 114.2
168 -236.4 833.2
169 -270.6 1304
170 -130.5 371
171 -89.7 276.1
172 -108.1 253.2
173 -63.2 310.7
174 196.3 -153
175 -273.9 1254.1
176 -682.1 158.8
177 -360.1 705.2
178 -495.3 -409
179 595.1 -538.9
180 -445.7 -392.6
181 -386 -415.8
182 -440.1 -339.8
183 -392.6 -372.4
184 -332.6 -405
185 -301.5 -310.1
186 -288.2 -424.4
187 -219.6 -453.4
188 -248.2 -333.1
189 -188.2 -459.6
190 611.1 -462.8
191 -151.2 -375.6
192 65.4 -455.1
193 -86.9 -230.2
194 6.6 -177.2
195 -106.7 -110.5
196 -450.6 -311.6
197 -432.3 -244.1
198 -579.9 -252
199 -270.3 357.6
200 -212.9 422.5
201 557.3 -422.6
202 -323.4 443.7
203 -128.8 -27.3
204 -199.8 -54.3
205 -180.5 -120.7
206 -218.6 -117.5
207 -465.1 -698.2
208 -494.9 -785.2
209 -349.7 -274.4
210 -573.2 -137.2
211 -559.6 -198.3
212 544.2 -434.4
213 -411.8 -168.1
214 -654.6 -121.3
215 -456.1 -502.8
216 -466.7 -603.2
217 -423 -790.1
218 -442 -664.3
219 -210.9 -510.7
220 -221.1 -487.6
221 -318.5 -793.7
222 -202.8 -785.3
223 545.7 -382.5
224 -313 -859.7
225 -358.6 -793.4
226 -198.4 -841
227 -88.7 -775.2
228 -209.6 -701.8
229 -221.4 -562
230 -224.1 -526.6
231 -91.2 -593.3
232 -336.5 -244.4
233 154.9 -453
234 566.8 -335.4
235 -4 -615.6
236 -89.8 -692.7
237 10.3 -556.6
238 76 -636.1
239 91.5 -578
240 -88.9 -852.3
241 -50.2 -771.6
242 2.7 -766.8
243 9.1 -840.2
244 29.5 -764.3
245 237.4 626.2
246 -195.8 -873.2
247 85.9 -759.2
248 36.4 -837.8
249 124.8 -648.9
250 0.5 -95.6
251 -92.8 114.5
252 26.3 -151.8
253 -748.6 9.8
254 -737.9 27.3
255 -603 76

# Edges
0 1
0 112
0 223
1 25
2 13
2 24
2 35
3 176
3 254
4 5
4 6
4 214
4 255
5 6
5 7
6 214
7 118
7 253
8 9
8 140
8 152
8 157
9 44
9 168
10 43
10 102
10 106
10 168
11 12
11 44
11 202
12 109
12 111
13 115
13 156
14 15
14 22
14 171
14 172
15 16
15 251
16 17
16 18
17 19
17 153
18 19
18 20
19 149
20 21
20 22
21 68
22 68
22 173
23 68
23 97
23 170
23 173
24 55
25 69
26 27
26 69
27 73
28 29
28 32
29 130
30 31
30 50
30 234
31 32
31 52
32 149
33 34
33 36
33 58
33 131
34 37
34 38
35 46
35 57
36 37
36 126
37 38
37 39
37 57
38 58
39 126
39 127
39 150
39 151
40 41
40 42
40 45
40 63
40 119
41 47
41 165
42 98
42 114
43 44
43 103
43 121
43 152
45 47
45 63
46 101
46 124
47 103
48 49
48 53
49 50
49 51
50 52
51 190
52 161
53 54
53 85
54 55
54 83
55 132
56 58
56 147
57 68
57 135
59 60
59 61
59 128
59 159
60 163
61 62
61 63
62 103
62 122
62 164
63 163
64 65
64 66
64 97
65 66
65 72
66 135
67 69
67 70
67 71
67 144
68 135
70 240
70 248
71 89
71 134
72 100
72 113
72 114
73 74
73 76
74 75
75 178
75 216
77 78
77 80
77 85
78 80
78 134
79 90
79 114
79 120
80 86
80 87
81 93
81 192
81 233
82 84
82 92
82 233
83 84
83 116
84 85
84 96
84 116
86 142
86 249
87 88
87 134
88 89
88 142
89 144
90 101
90 113
91 92
91 93
91 94
92 96
94 95
94 153
95 96
95 117
97 105
98 99
98 100
98 102
99 106
99 107
100 114
101 113
102 103
102 104
103 165
104 165
105 110
105 111
106 108
107 108
107 110
108 109
109 110
111 170
111 200
112 212
112 245
113 124
113 135
115 116
115 117
117 156
118 198
119 120
119 151
119 163
120 151
121 122
121 123
122 128
122 158
123 125
123 136
123 152
124 135
125 158
126 127
128 129
129 158
129 159
130 131
132 133
133 134
134 160
136 140
136 175
137 207
137 216
137 218
138 154
138 215
138 218
139 167
139 255
141 142
141 143
141 144
141 247
142 249
145 147
145 148
145 149
145 194
146 157
146 168
146 175
146 177
147 148
148 156
148 174
149 252
150 245
151 245
153 174
154 155
154 181
154 184
154 218
155 220
155 221
162 166
162 204
162 206
166 213
166 232
167 202
167 255
169 175
170 171
171 172
171 173
172 251
176 177
178 180
179 190
179 201
180 181
180 182
180 183
180 215
181 183
182 183
182 196
183 184
183 209
184 185
184 186
185 188
185 232
186 187
186 188
187 189
187 220
188 191
189 191
189 192
189 219
191 193
192 233
193 194
193 195
194 252
195 203
195 205
195 250
196 197
196 198
197 209
197 211
197 213
198 211
199 200
199 202
199 204
201 223
201 234
203 204
204 206
205 206
207 208
207 218
208 217
208 218
209 232
210 211
210 213
210 214
212 223
215 216
217 225
219 220
219 230
220 230
221 222
221 224
221 225
222 226
222 227
222 228
223 234
224 246
226 240
226 246
227 236
227 240
227 241
228 229
228 236
229 230
229 231
231 235
231 236
235 237
235 238
237 239
238 239
238 249
241 242
241 243
242 243
242 244
243 248
244 247
244 248
250 251
250 252
253 254
253 255
