# Nodes
0 43.6 -1191.8
1 -592.5 -93.8
2 -1953.5 239.9
3 -869.1 328.3
4 795.4 602.2
5 766.1 689.1
6 663.5 577.2
7 750 527.9
8 -1806.3 740
9 -1890.5 724.9
10 -1896.1 657.9
11 -1986 710.2
12 1087 -747
13 1171.1 -744.3
14 -808.6 316.8
15 1052.2 -827.1
16 1057.8 -554.6
17 1072.4 -525.2
18 1032.4 -539.8
19 1032.6 -459.8
20 1082.9 -316.6
21 1059.8 -473.6
22 1716.2 -232.4
23 1685.2 -159.2
24 1420.4 -62.4
25 -744.9 293.9
26 1334.8 -125.4
27 1462.7 -83
28 1157.8 -117
29 1232.3 -70
30 1706.6 -18.7
31 1751.3 -190.7
32 1203.9 -50.3
33 1172.3 -28.4
34 1185.9 63.5
35 1113.3 14.5
36 -326.5 258.2
37 1688.3 -33.7
38 1335.1 144.2
39 1356.5 235
40 1240.8 595.8
41 -2184.3 -810.2
42 -2135 -914.7
43 1943 822.3
44 2051.9 836.6
45 2098.8 942.2
46 1974.6 864.7
47 -388.1 258.4
48 1980.8 898.8
49 2094.4 895.4
50 -1461.8 -498.2
51 2063 72.4
52 2297 189
53 2362.2 186.3
54 2301.7 188.7
55 2299.1 216.2
56 2288.5 252.4
57 2295 219.6
58 -353 502.3
59 -1456.5 -470.2
60 -1403.7 -425.7
61 -1490.8 -488.7
62 -1418.6 -378.9
63 -1439.1 -426.9
64 -1359 -231.1
65 434.7 -337.9
66 328.1 -174.3
67 406.3 -41.8
68 455.6 -34.3
69 -133.6 264
70 244.1 64.1
71 231.4 125
72 409.6 201.2
73 600.3 384.1
74 872.9 -712.4
75 842.1 -655.7
76 884.5 -733.6
77 906.7 -691.8
78 878.3 -635.4
79 935.4 -659.4
80 -74.6 267.5
81 912.9 -616.9
82 948.4 -609.1
83 820.7 -614.2
84 787.5 -684.7
85 838.4 -556.1
86 1018.4 -636.7
87 1006.9 -661.3
88 986 -617.2
89 900.9 -763.9
90 898 -573.3
91 -198.2 262.6
92 994.3 -535.7
93 953.2 -532.5
94 914.4 -529.4
95 789.4 -548.9
96 768.6 -515.8
97 1001.8 -455.1
98 1091.4 -487.7
99 915 -481.6
100 987.2 -440.6
101 844.1 -471.1
102 -128.3 144.1
103 1005.7 -420.2
104 958.8 -411.2
105 1024.6 -376.1
106 1125.5 -420
107 989.9 -362.2
108 1048.9 -301.9
109 793.5 -309.5
110 810.3 -288.8
111 672.2 -147.4
112 900.9 -204.7
113 -1996.3 343.2
114 -73.2 379.3
115 1058.5 -224.5
116 864.7 -224.3
117 643.6 -191.4
118 1006 -216.5
119 944 -141.6
120 919.5 -160.5
121 881.3 -200.7
122 880.4 -161.9
123 823.7 -193.3
124 737.2 -148.2
125 423.7 298.6
126 651.1 -126.8
127 1122.2 -173.6
128 751.1 -127.2
129 632.9 -75.1
130 734.3 -114.9
131 795.2 -127.1
132 818.9 -117.7
133 762.1 -88.3
134 778.5 3.8
135 871.5 -62.3
136 459.3 293.9
137 927.7 -17.1
138 682.2 -17.5
139 738.6 3.1
140 808.5 -5.2
141 816.8 25
142 840 -13.6
143 731.4 24.6
144 926.5 17.9
145 985.6 101.5
146 719.4 57
147 358.2 294.2
148 827.8 68.1
149 705.9 91.2
150 774.3 86.2
151 858.9 88.7
152 687.9 137.3
153 1008.3 86.4
154 1029.5 72.6
155 1004.9 137.4
156 893.5 93.2
157 875.1 -21.7
158 382.8 326.2
159 880.1 122.8
160 1018.6 181
161 811 143
162 834.1 194.4
163 839.5 262.4
164 605.9 406.5
165 650.7 439
166 95.2 94.9
167 -56.8 55.8
168 55.1 123.8
169 1512.7 590.2
170 -61.9 126.9
171 -66.2 213.3
172 -63.8 173.7
173 96.6 134.1
174 60 183.7
175 93.3 184.4
176 135.4 142.3
177 124.9 99.9
178 139.1 187.5
179 169.2 151.8
180 1604.5 657
181 168.2 189
182 178.4 116.3
183 -498.2 -1.7
184 -447.9 18.4
185 -266.6 71.9
186 -491.2 28.8
187 -436.5 52.9
188 -555.6 50.1
189 -482.6 65.6
190 -557.2 -24.9
191 971.7 685.7
192 -564.5 78.5
193 -413.2 81.2
194 -477.6 118.8
195 -332 182.4
196 -317.8 87.7
197 -258.9 133.8
198 -420.9 136.4
199 -432.8 111.4
200 -304.6 138
201 -156.9 142.2
202 941.9 703.2
203 -559.8 133.7
204 -468.9 144.4
205 -543.7 173.2
206 -408.3 157.8
207 -235.3 179.7
208 -298.5 161.6
209 -461.8 171.6
210 -404 190.3
211 -457.7 197.9
212 -399.7 223.9
213 1049.8 637.7
214 -470.9 226.3
215 -223.6 200.6
216 -283.3 224
217 -531 205.4
218 -520.6 238.6
219 -607.8 215.8
220 -467.1 267.3
221 -277.1 260.5
222 -395.7 319.5
223 -437.2 304.1
224 650.1 230.2
225 893.3 755.5
226 -503.9 292.7
227 -428 333.3
228 -388.2 342.9
229 -420.5 352.8
230 650.3 -941.1
231 788.3 -960.5
232 806.1 -1059.8
233 755.4 -1007.5
234 803 -935.2
235 776.5 -912.3
236 -2923.5 -764.2
237 583.5 -937.9
238 587.8 -893.7
239 740.3 -993.6
240 657.1 -911
241 824.3 -903.8
242 755.4 -778.5
243 676.5 -886
244 869.1 -837.3
245 836.6 -815.4
246 509.4 -896.1
247 -2945.3 -712.9
248 503.1 -872.4
249 447.4 -941.7
250 544.5 -848.9
251 703.4 -799.2
252 487.1 -848.2
253 961 -866.6
254 485.6 -810.7
255 631.6 -802.3
256 456.8 -835.1
257 814.9 -800.3
258 -2978.8 -781.9
259 584.6 -759.9
260 669.5 -766.1
261 833.8 -764.5
262 683.6 -749.6
263 533.9 -763
264 569.9 -721.2
265 627.3 -747.5
266 658.1 -736.7
267 710.6 -726.2
268 606.3 -701.4
269 2148.8 112.6
270 664.1 -677.3
271 766.3 -729.3
272 764.6 -702.3
273 663.8 -642.1
274 739.7 -552.6
275 587.7 -1363.8
276 610.5 -1349.6
277 479.4 -1189.7
278 545.2 -1122.1
279 597.1 -1155.1
280 2154.7 -44
281 387.6 -986.2
282 398.3 -1110.1
283 463.4 -1054
284 392 -946.4
285 437.9 -855.8
286 1061.3 -1388.8
287 691.1 -1375.8
288 931.4 -1163.2
289 1119.1 -1184.9
290 730.9 -1281.5
291 2156.5 131.2
292 754 -1163.5
293 1178.4 -1164
294 1070.5 -1173.2
295 1065.9 -1104.3
296 1009.6 -1171.5
297 1011.3 -1073
298 779.4 -1112.8
299 807.3 -1128.8
300 944.1 -1052.8
301 911.4 -1040.7
302 2137.2 239.8
303 878.1 -1028.2
304 970.2 -980.5
305 929 -958.7
306 1207.5 -1108.8
307 1277.2 -1146
308 1258 -1055.7
309 1157.5 -1073.7
310 1243.2 -1019.5
311 1063.9 -1078.5
312 1197.3 -995.6
313 -1839.9 478
314 1158.8 -977.3
315 1110.1 -1116.8
316 1316.4 -1006.4
317 1289.8 -991.6
318 1195.2 -985.5
319 1105.1 -949.8
320 1244.5 -965.6
321 1266.8 -924.8
322 1013.5 -902.9
323 1030.5 -867
324 -1814.9 588.3
325 971.3 -737.3
326 989.1 -699.4
327 1104.6 -708.8
328 1198.5 -731.6
329 1345.1 -668.5
330 1361.3 -619
331 1330.7 -701.8
332 1240.1 -656.1
333 1259.4 -617.1
334 1152 -611.9
335 609.6 224
336 -1614.6 -64.4
337 1278.6 -578.4
338 1390.2 -635.8
339 1375.3 -575.9
340 1170.3 -574
341 1406.4 -523.5
342 1427.4 -564.4
343 1315.1 -504
344 1432.6 -636.9
345 1400.9 -592
346 1445.6 -542.5
347 -1635.3 -22.7
348 1421.1 -498.7
349 1335.3 -461.9
350 1468 -523.3
351 1767.4 -283.2
352 1767.4 -229.8
353 1678.6 -245.1
354 1795.2 -217
355 1716.4 -172.5
356 1641.3 -115.4
357 1656.1 -17.9
358 -1737.5 -51.1
359 1598.2 -79.5
360 1496.2 -15.5
361 1461.2 20.2
362 1040.1 -36.7
363 1613.9 4.2
364 1550 -20.1
365 1245 23.5
366 1087.2 31.8
367 1012.1 -20.7
368 1425.6 55.5
369 -1645.9 25.8
370 1218.9 41
371 1061.4 50.8
372 974 -3.6
373 1633.9 -7.1
374 1624.7 26
375 1285.7 104.5
376 1572.4 24
377 1538.2 69.5
378 1258.5 117.4
379 1202.7 110.8
380 -1711.3 116.1
381 1225.6 174.9
382 1183.1 124.9
383 1148.1 149.2
384 1159.7 81.9
385 1133.9 100.1
386 1171.8 171.9
387 1107.6 177.7
388 1107.4 118.6
389 1079.4 138.3
390 1135.2 217.5
391 -123.8 28.3
392 1164.6 206.2
393 1083.5 194.9
394 1316.2 247.4
395 1054.3 156
396 1721.5 273.7
397 1334.2 326.6
398 997.8 268
399 1164.8 267.4
400 1702.5 289
401 2045.2 392.7
402 -223.8 10.9
403 1412 498.3
404 1715.8 427.4
405 2101.6 380.2
406 2101 489.6
407 1265.7 400.6
408 1206.2 480
409 2064 488
410 2017.8 419.6
411 1822.9 426.9
412 1823.1 450.5
413 -142.3 459.6
414 1695.7 479.8
415 1823.3 475.3
416 1882.8 475.2
417 1920.3 472.8
418 1255.9 477.3
419 1301 482.8
420 1756.7 471
421 1284.5 558.3
422 1757.1 501.6
423 1246.2 553.6
424 -141.2 434.2
425 1943.6 494
426 1823.5 501.1
427 1882.7 501.4
428 1695.6 501.2
429 2100.6 551.9
430 1757.5 526.1
431 1823.7 527.3
432 1882.9 526.6
433 1916.4 526.1
434 1757.9 554.2
435 -82.8 513.4
436 1823.9 553.8
437 1886.4 554.7
438 1695.4 553.6
439 1695.3 581.1
440 1758.4 580.7
441 1824.1 581
442 2066.7 556.2
443 2044.1 564.3
444 1645.2 581.4
445 1695.1 607.6
446 662.5 283.3
447 -144.9 517.8
448 1824.3 607.5
449 1879.1 580
450 1644.6 609.4
451 1694.9 632.8
452 1759.2 607.5
453 1824.5 634
454 1877.3 610.1
455 1876.6 634.3
456 1760 634.8
457 1906 629.3
458 -148 588.7
459 1761 668.4
460 1697.6 691.6
461 1749.3 691.8
462 1743 720.1
463 1927.8 725.6
464 994.2 677.7
465 999.8 752.9
466 1178.1 709
467 1280.2 781.7
468 1206.2 781
469 -197.3 522.7
470 -1742.3 -27.2
471 -1526.6 -316.4
472 -1570.5 -159.8
473 -1615.1 -161.7
474 -3338.8 -267.5
475 -2500.9 -252
476 -2524.4 -176
477 -2543.8 -187.4
478 -2493.2 -440.3
479 -2487.1 -340.2
480 -168.4 582.7
481 -2605.3 -44.2
482 -2366.1 -393.8
483 448.4 485.3
484 437.6 434.8
485 473.5 381.7
486 -53.6 585.4
487 -54.5 649.3
488 -56.6 672.9
489 -888.4 -55.9
490 -2859.9 -696.1
491 -153.9 720.9
492 -2880.6 -637.7
493 -2863.8 -614
494 -2793.2 -554.9
495 -2116 -484.3
496 -1999.4 557.7
497 -1867 -274.9
498 -2093.1 -455.7
499 -2825.4 -645
500 -2804.5 -611.6
501 -2278.7 -789
502 -238.8 697.1
503 -1453.8 -124.3
504 -1152.8 -92.9
505 -1309.7 -232.9
506 -1338.2 -114.3
507 -2367.9 -431.4
508 -2395.5 -518.8
509 -2264.4 -552.3
510 -2084 250.8
511 -2061.5 273.9
512 -2046.7 215.6
513 -151.7 671.7
514 -2083 105.8
515 -1941.4 -381.9
516 -2860.5 420.1
517 -2876.6 450.5
518 -961.2 51.6
519 -1270.1 -133.6
520 -650.3 -199
521 -2436.7 -526.7
522 -2434.7 -746.3
523 -2396.1 -437.4
524 -1571.4 220.4
525 -2275.2 -266.1
526 -2242.3 -367.9
527 -2217.4 -393
528 -2291.9 -329.5
529 -2187.8 -294.3
530 -2189.7 -373.7
531 -2181.7 -438.9
532 -1880.4 -309.9
533 -2203.7 -155.8
534 -2155.2 -134.7
535 -1700.5 257.6
536 -1871.4 -55.2
537 -2139.8 -281.1
538 -1987.6 598
539 -2092.4 365.6
540 -2016.3 315.8
541 -2121.5 -39.9
542 -2171 -509.5
543 -2275 -531.2
544 -2342.9 -398.2
545 -2308.2 -433.5
546 -1798.1 252.8
547 -2169.8 -488
548 -2909 491.2
549 -885.5 -28
550 -890.5 18.8
551 -878.8 -80.2
552 20.2 58.8
553 -2106.8 -408.9
554 -2118 -354.9
555 737.7 504.6
556 880.7 800.8
557 640.6 191.8
558 -2271 167.3
559 775 409.6
560 881.4 708.7
561 -2501.6 95.1
562 -1540.5 -137.9
563 -1858.1 -330.9
564 -1821.6 -269.7
565 -641 -95.3
566 -1292.4 -110
567 -1049.3 277.3
568 2096.4 991.9
569 -2242.5 108.2
570 -1563.3 -203.6
571 -1709 -219.3
572 -1627.5 -189.3
573 -1060.7 654.8
574 -2103.5 -935
575 -1562.9 643.5
576 -1506 643.2
577 -1503.3 699.5
578 -1025.3 685.9
579 -2773.1 262.3
580 -2104.2 245.7
581 -2841.3 386
582 -2676.6 89
583 -653.5 -596
584 -1551.8 -195.6
585 -1696 -10.8
586 -2357 143.6
587 -3147.7 -198.5
588 -3122.2 -179.3
589 -3285.2 -253.9
590 -3257.8 -247.8
591 -2428.1 124.2
592 -1906.8 364.8
593 717.2 240.7
594 -2000.7 367.7
595 -1876.1 356.3
596 -1873.8 -915.7
597 -1832.9 -921.8
598 -1875.4 -871.4
599 -1886.9 -838.5
600 -1116.3 -385.9
601 -1212.4 -500
602 -1040.1 -237.8
603 -1179.1 -454
604 225.9 279.8
605 -1254.8 -550.6
606 -1285.1 -362.7
607 -1330.3 -586.4
608 -2033.9 -629.1
609 -2077.2 -683.1
610 -884 488.6
611 -855.1 246.3
612 -736.4 487.8
613 -890.9 547.6
614 -1002.3 492.1
615 256 286
616 2376.5 281.9
617 2366 228.7
618 2299.7 287.1
619 2342.1 238.9
620 2128.6 286.4
621 1986.7 335.9
622 2075.3 315.6
623 1978 280
624 1844.3 367.3
625 1889.5 361.6
626 226.5 386.4
627 1756.9 369.7
628 1846.6 426.3
629 1200.5 309.8
630 1276 319.8
631 1215.8 266.4
632 1107.9 299.7
633 1037.8 299.7
634 1149 483
635 881.7 356.1
636 922.7 335.4
637 -593 31.2
638 1451.4 341.2
639 802.7 386
640 769.2 249.2
641 1137 570.4
642 1131.4 533.1
643 1124.5 630.7
644 1147.1 597.5
645 1114.5 692
646 1159.1 636.2
647 -757.7 438.1
648 -683.7 488.6
649 1442.7 294.7
650 223.6 532.9
651 245.3 526.1
652 224.4 499.1
653 545.6 464.7
654 534.9 423.6
655 618 447.7
656 705.9 430.8
657 684.6 358.9
658 746.5 411.8
659 -2379.8 -633.7
660 1403.6 335.3
661 -2324.6 -576.7
662 224.3 -904.8
663 504.2 -388.8
664 470.6 -336.3
665 504.1 -263.7
666 502.5 -219.1
667 505.3 -187.7
668 562.7 -41.5
669 484.2 -170
670 580 2.2
671 1451.5 460.2
672 495.5 -108.3
673 650.5 -26.6
674 546.3 25.6
675 588.1 28.7
676 629.8 156.8
677 680.7 221.1
678 -2733.8 -507.3
679 -2709.7 -365.8
680 -2823.9 -437.8
681 -2790.3 -469.7
682 1512.6 350.5
683 -2866 -537.7
684 -2771.8 -328.8
685 -2890.4 -385.7
686 -3042.8 -278.9
687 -3022.9 -223.4
688 -3065.8 -269.4
689 -3168.5 -254.4
690 -3139.3 -257
691 -3183.4 -224.9
692 -3207.6 -245.9
693 -1075.6 477.6
694 -2707.5 -310.1
695 -2706.6 -226
696 -2741.1 -257.8
697 -2771.6 -223
698 -2476.4 -210.8
699 -2391.1 -202.9
700 -2510.9 -211.5
701 -2327.6 -197.5
702 -2488.1 -40.2
703 -2303.5 -195.8
704 -1238.4 487.3
705 -2270.9 -228.6
706 -2238.9 -171.7
707 -2340.8 -172.4
708 -2261.3 -246.7
709 -1906 596.7
710 -1811 653.2
711 -2080.8 827.3
712 -2000.9 825.8
713 -2001.8 754.1
714 539.1 205.9
715 -1984.9 806.8
716 497.3 194.8
717 568.4 269
718 520.5 131.8
719 885.5 270.3
720 940.4 280.9
721 994.9 292.2
722 -2289.3 -877.4
723 -2263.7 -814.7
724 -2196 -899.6
725 -2387.5 -791.5
726 -1963 830.6
727 270.4 -323.6
728 220.9 -340.2
729 259.3 -294.4
730 351.4 -342.8
731 213.5 703.7
732 215.4 673
733 212.2 748.1
734 208.8 820.9
735 593.8 264.9
736 894.2 795.7
737 1684.9 -474.2
738 886.1 827.3
739 952.6 795.3
740 -768.6 409.6
741 -679.4 441
742 1104.1 756.1
743 1103.7 785.3
744 1057.9 753.4
745 1169.4 758.6
746 1103.3 818.1
747 1282.1 816.4
748 -679.8 -82.5
749 1805.4 -324
750 -1066.4 687.7
751 -1076.3 659.5
752 -1495.9 776.6
753 -1244.6 715.4
754 613.2 820.3
755 -894.9 685.7
756 -894.3 640.2
757 -775.9 691.2
758 -155.1 747.6
759 -63 771.5
760 1653.2 -278.5
761 31.3 788.7
762 35.8 764.8
763 161.1 813.5
764 -374.2 134
765 -393.2 500.7
766 -388.7 377.7
767 -407 720.6
768 -396.5 579.5
769 -366.4 723.8
770 1132.1 -1158
771 1319.3 -268
772 1153.1 -1147.4
773 1469.6 -418.8
774 1431.8 -480.6
775 1527.6 -307.2
776 1382.3 -364.2
777 1931.7 102
778 1848.6 122.1
779 2007.8 84.4
780 1939.2 134.3
781 1922.3 66.3
782 1406.1 -310.1
783 1906.8 -39.5
784 1876 43.5
785 1869.3 -52.8
786 1950 -20.4
787 1534.3 169
788 1512.6 285
789 1452.5 111.4
790 2044 118.9
791 2034.8 78.1
792 1820.5 163.2
793 1276.3 -245.4
794 1851.7 226.2
795 1800.1 134.1
796 1825.5 -75.2
797 1787.6 10.9
798 1715.7 100.2
799 1667.4 5.6
800 1733.2 29.1
801 1569.2 -86.7
802 1580.6 -63.1
803 1605.8 -123
804 1305.8 -294.1
805 1534 -51.6
806 1929.3 35.2
807 1672.5 121.4
808 1760.7 193.3
809 1749.7 116.6
810 1208.8 -498.5
811 1188.6 -536.1
812 1296.8 -541.8
813 1110.5 -449.7
814 1260.5 -277.9
815 1378.6 -146.8
816 1366.2 -397.6
817 1717.7 209.5
818 1627.6 135.8
819 1220.3 217.1
820 1288.9 190.2
821 1780.9 -103.7
822 1744.5 -4.5
823 1741.5 -117.8
824 1811.1 -136
825 1872.1 260.9
826 1051.7 -143.2
827 1919.4 246.7
828 1906.7 299.1
829 1133.5 -650.1
830 1115.2 -687.3
831 1035.7 -600.7
832 1221.2 -694.2
833 1618.7 -95.7
834 1663.6 -180.3
835 1965.3 232.8
836 1955.4 196.3
837 1083.7 -157
838 1580.7 153.3
839 1495.7 90.3
840 1550.5 271.1
841 1907.3 212.8
842 1213.3 -252.6
843 1160 -351.8
844 1832.6 27.2
845 1602.8 145
846 1597.5 253.8
847 2025.9 32
848 990.5 -113.1
849 2047.1 -23.7
850 1775.4 45
851 1926.8 352.2
852 160.9 704.7
853 162.5 767
854 51.9 375.1
855 159.5 381.5
856 53.2 329.9
857 52 419.9
858 55.8 275.7
859 -2858 -2.9
860 1032.9 -177.9
861 -70.6 321.4
862 161.6 336.2
863 164.6 282.7
864 152.6 523
865 155.7 468.9
866 194.6 524.8
867 49.3 518.8
868 50.8 467.7
869 157.5 427.1
870 225.1 467.5
871 1093.4 -73.4
872 124.3 653.1
873 144.8 680.5
874 166.6 231.1
875 -62 406.1
876 -81.1 414.6
877 3.6 421.1
878 -135.5 306.4
879 11.2 440.8
880 28.9 518
881 18.3 467.6
882 918.7 251.1
883 57.7 223.4
884 1827.1 310.4
885 866.5 -393.2
886 871.8 -342.6
887 768.3 -347.3
888 932 -380.4
889 854.5 -436.7
890 1583.9 46.6
891 1125.8 -95.4
892 1065 -53.8
893 927.3 120.6
894 1140 -5.9
895 1759.6 311.7
896 1715.2 369.3
897 1756.1 429.4
898 479.1 45.1
899 504.7 -54.5
900 597.1 -51
901 1595.5 359.8
902 1619.7 362.5
903 1557.7 355.8
904 968.3 286.5
905 1804.8 256.8
906 750.1 -400.4
907 738 -434.8
908 613.3 -296.6
909 1603.8 297.6
910 926.2 -207
911 827.5 -303.8
912 252.8 -104.4
913 319.2 -103.5
914 265.3 -183.2
915 2100.3 608.9
916 244.6 42.1
917 943.2 -64.7
918 920.2 -99.3
919 651.8 -258.3
920 616.1 -230.8
921 376.4 -103.2
922 410.2 -104.2
923 379.9 -58.6
924 1758.7 250.5
925 416.2 48.4
926 2100.5 576.9
927 361.5 44.7
928 423.6 176.3
929 427 -36.6
930 1672.5 226.4
931 1758.7 280.9
932 1711.2 310
933 -1861.4 182.6
934 -1918.4 179
935 -1865.7 240.9
936 -1916.4 130.5
937 2063.5 617.6
938 -1920.7 231.5
939 -1976.2 183.2
940 -1991.9 143.5
941 -369.7 46.7
942 -368.1 11.4
943 -407.7 48.4
944 -462.8 407.1
945 -422.3 499.5
946 -544.2 463.8
947 -1841.3 306.3
948 2100.3 688.3
949 -1922.5 311.7
950 -1313.4 -101.4
951 -1457.3 -114.2
952 -1985.9 72.2
953 -2049.1 164.8
954 -405.2 18.3
955 -546.7 494.4
956 -486.4 344.5
957 -497.6 313.6
958 -475.4 371.1
959 -1972.4 -68.1
960 -909.9 -188.9
961 -893.6 -259.6
962 1430.4 815.2
963 1590.7 860.5
964 -308.8 729
965 -629.1 495.9
966 -675 360.3
967 -625.9 444.1
968 -670.7 281
969 -618.4 276.9
970 -2839.6 -52
971 -2090.5 -112.5
972 -298.5 562.3
973 -285.1 630.7
974 -327.3 556
975 -289.3 504.9
976 -280.4 702.5
977 -356.5 550.4
978 -526.4 710
979 -560.2 508
980 -463.4 511.9
981 -563.7 275.7
982 -1841.4 -39.6
983 -510.2 271.8
984 -568 319.1
985 2100.1 310
986 2101.8 341.4
987 -2438.8 -14.5
988 -2576.3 -84.2
989 -2298.7 -58.9
990 -2242.5 -98.7
991 -2214.5 63.6
992 -2358.9 30.8
993 -1844.3 122.3
994 -2105.2 31.7
995 -2338.1 95.9
996 -2633.8 79.3
997 -2654.1 220
998 -2667.1 280.2
999 -2724.5 180.5
1000 -2736.1 264.9
1001 -2749.3 219.9
1002 -2750.1 348.9
1003 -2799.6 469.3
1004 -1889.4 -50
1005 -2813.4 336.3
1006 -2867.9 543.1
1007 -660.1 -567
1008 -674 -471.4
1009 -574.1 -586
1010 -611.6 -657.3
1011 -781.3 -232.6
1012 -945.8 -101.4
1013 -1019.9 -129.1
1014 -1079.1 -143.9
1015 -1511.2 474.1
1016 -1085.1 -87.9
1017 -957.7 -109.7
1018 -1090.6 -79
1019 -1166.2 -82.6
1020 -810.4 -75.6
1021 -950.9 -56.7
1022 -911 -76.5
1023 -1388.8 -557.3
1024 -1401.8 -527.9
1025 -1362.7 -354.7
1026 -1526.4 415.1
1027 -1419.2 -352.8
1028 -1343 -300.9
1029 -1426 -293.8
1030 -1502.4 -346.7
1031 -1237.8 -323.1
1032 -1188.1 -412.1
1033 -1274.2 -170.7
1034 -1228.6 -91.2
1035 -1237.7 -12.4
1036 281.8 -751.7
1037 -1512.8 545
1038 1053.1 -1013.5
1039 1071.7 -1041.3
1040 1015.3 -1003.2
1041 986.4 -908.9
1042 931.4 -820
1043 915.3 -790.4
1044 953.2 -776
1045 949.8 -847.8
1046 -2415.5 -497.5
1047 -2477.6 -422.1
1048 -1561.8 482
1049 -2489.4 -368.4
1050 1147.9 -184.8
1051 -2130.2 -124.6
1052 -2130.2 -82.9
1053 -2157.4 -118.7
1054 -2179.8 -112.8
1055 1324 -17
1056 1380.7 100.1
1057 1280 4
1058 1377.2 -41
1059 340.9 -748.8
1060 -2376 65.9
1061 -1998.9 613.7
1062 -824.8 -34.3
1063 -837.5 -66.9
1064 -831.6 25.7
1065 -839.1 65.1
1066 -741.3 31.4
1067 -763.7 253.9
1068 -849 187.4
1069 -1878 386.6
1070 308 -789.8
1071 904 388.6
1072 849.2 380.2
1073 -1568.3 465.4
1074 -1441.2 471.5
1075 741.1 479.3
1076 -1616.7 482
1077 -1433.7 484.8
1078 -1500.4 561.7
1079 626.4 455.7
1080 643.6 545.2
1081 -2800.7 10.9
1082 371.7 -689.8
1083 544.1 476.1
1084 418.1 505.8
1085 -684.9 502.4
1086 -633.5 560
1087 -392.1 514.8
1088 -413.9 514
1089 -355.2 516.3
1090 499 691.1
1091 254.2 540.4
1092 -85.9 527.2
1093 -1681.8 -760.8
1094 -52.1 528.6
1095 -52.8 556.9
1096 60.4 533.2
1097 190.2 538.5
1098 221.6 572.6
1099 -834.3 641
1100 -893 597.2
1101 -1427.2 166.5
1102 -1405.6 96.7
1103 -1445 215.4
1104 -1627.3 -761.5
1105 -1133.9 306.2
1106 -1180.6 339
1107 -1407.5 218.7
1108 -1356.6 225.5
1109 -1230.8 59.3
1110 -1257.8 37.8
1111 -1256.8 133.7
1112 -1594.2 -105.6
1113 -1213.8 257.9
1114 -1177.4 276
1115 -1686.5 -726.1
1116 -1223.5 388.8
1117 -1385.2 472.2
1118 -1435 408.7
1119 -1299.7 233.2
1120 -1225.7 474.6
1121 -1365.6 22
1122 -1377.1 101
1123 -1328 27.3
1124 -1402.9 16.7
1125 -1287.1 174.4
1126 595.2 -1570.5
1127 -1442.4 299.7
1128 -1463.8 297.7
1129 -1367.7 306.1
1130 -1199.9 -94
1131 -1167.7 1.5
1132 -1349.6 179.6
1133 -1176.6 390.7
1134 -1154.8 385.8
1135 -1174.4 359.9
1136 -1511.5 419.8
1137 528.9 -1428.2
1138 -1440.5 354.8
1139 -1377.6 410.2
1140 -1346.1 156.1
1141 -1338.7 106.7
1142 -1276 122.6
1143 -1083.4 407.7
1144 -1320.8 -26.1
1145 -1395.8 -37.1
1146 -1373.8 384.8
1147 -1363.1 358.9
1148 640.2 -1395
1149 -1480.8 -47.8
1150 -1388.3 173.2
1151 -971.3 12.4
1152 -967.1 -28.6
1153 -1033.6 7.4
1154 -1092.2 6.4
1155 -1466.1 356
1156 -1524.1 364.5
1157 -1538 308.2
1158 -1523.6 -119.9
1159 659.6 -1259.5
1160 -1558.9 217
1161 -1523.3 68.7
1162 -1518.2 44.5
1163 -1026.2 -67
1164 855.4 828.5
1165 612.1 661
1166 508.1 -1597.6
1167 -562.9 223.3
1168 -2530.8 -212.9
1169 -2245.1 -250.4
1170 649.5 -1329.2
1171 -348.8 -772.1
1172 -2995.6 -155
1173 -2978.9 -176.9
1174 -2793.2 -175.2
1175 -758.9 152.6
1176 -761.2 195
1177 -755.3 118.8
1178 -728.1 198.2
1179 -830.8 549.7
1180 -786.1 551.9
1181 832.8 -993.6
1182 -781.3 641.2
1183 -785.5 601.1
1184 -783.7 498.5
1185 -689.4 557.6
1186 -1002.3 544.9
1187 -687 236.4
1188 -668.7 223.3
1189 -685.7 204.2
1190 -846 147.1
1191 -842.8 103.3
1192 -2674.2 68.9
1193 617.7 -1248
1194 -1002.1 596.1
1195 -1066.3 596.3
1196 -943.3 596.7
1197 -713.2 171.3
1198 -642.6 700
1199 -750.1 71.6
1200 -677.9 107.5
1201 -1069.8 540.6
1202 -675.4 78.9
1203 -597.9 86.4
1204 897.7 -893.7
1205 -734.8 -82.4
1206 -673.4 35
1207 -967.9 97
1208 -997.1 160.3
1209 -1429.8 -259.8
1210 -1513.3 -313.1
1211 -1982.1 23.4
1212 -1908.1 29.4
1213 -2090 32.6
1214 -1403.6 -253.2
1215 879.5 -932.4
1216 2069.3 697.4
1217 2050.2 728.1
1218 1975.9 662.6
1219 1874.7 891.8
1220 1865.7 872.6
1221 1955 873.9
1222 1803.2 820.4
1223 1885.8 799.7
1224 2090.1 767.9
1225 1981.5 636.1
1226 912 -861.1
1227 1990.1 560.6
1228 1941.9 644
1229 1894.1 394.8
1230 1970.5 683.2
1231 1961.8 730
1232 1975 752.2
1233 1756.8 831.4
1234 1754.8 852.5
1235 1760.5 808.8
1236 1851.4 659.6
1237 997.4 -936.4
1238 1863.9 719.1
1239 1876.6 656.6
1240 1824.7 662.1
1241 1898.4 651.7
1242 1985.5 783.1
1243 1942.8 789.8
1244 2044.9 782.9
1245 2015.5 857.3
1246 1882.9 424.1
1247 1882.9 449.4
1248 1253.2 -165.8
1249 1723.6 949.7
1250 1736.5 928.7
1251 2060 1021.2
1252 2099.6 819.9
1253 1902.7 719.7
1254 1761.8 788.1
1255 1537.3 354
1256 1544.2 410.2
1257 1676.3 810.4
1258 1752.4 893.7
1259 1284 -100.8
1260 1695.9 760.4
1261 1738.8 750
1262 1661.6 468.1
1263 1611.9 466.2
1264 1663.5 431.9
1265 1665 367.6
1266 1614.5 422
1267 1514.2 548.9
1268 1610 512.2
1269 1537.6 463.3
1270 1225.4 -220.7
1271 1654.4 709.1
1272 1697.6 719.6
1273 1646.7 554.1
1274 1607.9 554.4
1275 1660.7 842
1276 1599 808.7
1277 1635.8 885.6
1278 1651.1 663.4
1279 1646.9 631.8
1280 1695.9 668
1281 1185.5 -135.8
1282 1851.1 902.9
1283 1599.9 769.5
1284 1605.9 602.4
1285 1685.9 307.7
1286 1694.6 218.2
1287 1657.8 524.6
1288 1659.5 499.9
1289 1695.4 527.5
1290 -1609.4 558.8
1291 661.6 648.7
1292 1428.2 205.2
1293 702.4 635.7
1294 766.8 791.1
1295 -1780.4 483.5
1296 -1350.3 484.9
1297 -1348.5 562.3
1298 -1234 558.2
1299 -1083.9 552.3
1300 -1230.8 689.8
1301 -1763.1 579.3
1302 -1761.4 631.1
1303 -2663.6 49.4
1304 1398.5 136.9
1305 -944.6 682.3
1306 -1684.9 668.6
1307 -1624 688.7
1308 -1758.4 690.8
1309 -1808.1 691.7
1310 -1807.1 718.3
1311 -1757.7 738.2
1312 -1561.5 698
1313 -1641.5 794.3
1314 -1209.4 706.8
1315 1487.3 185.8
1316 -1109.8 690.8
1317 -1558.6 787.1
1318 -1755.8 807.2
1319 -336.2 -275
1320 -340.4 -367.2
1321 -337.4 -196.1
1322 -242.5 -174.3
1323 -262.5 -196
1324 -275.3 -160.6
1325 121.8 84.8
1326 1389.1 221.4
1327 188.9 105.4
1328 110.2 14
1329 78.3 -247.1
1330 70.2 -278.3
1331 90.6 -143.4
1332 203.4 -240.5
1333 256.6 -247.9
1334 172 -153.3
1335 295 -200
1336 459 -1499
1337 1450.5 500.3
1338 433.5 -1366.9
1339 436.1 -1391
1340 420.5 -1326
1341 499.1 -1322.9
1342 443.7 -1462.7
1343 533 -1263.2
1344 501.8 -1361.3
1345 466.9 -1475
1346 487.5 -1446.1
1347 570.4 -1375.4
1348 1447.6 544.5
1349 555.4 -1177.7
1350 394.9 -1256.3
1351 636.2 -1202.2
1352 649.8 -1164.3
1353 500.4 -1258.8
1354 421.1 -1249.3
1355 462.2 -1228.4
1356 671.9 -1058
1357 615.1 -1140.4
1358 716.2 -1066.2
1359 1437.1 635.6
1360 586.4 -1095.6
1361 453 -1151.1
1362 493.2 -1123.9
1363 436.4 -1188.6
1364 434.8 -1122.9
1365 554.6 -1516.5
1366 388.2 -1185.2
1367 344.7 -1148.9
1368 389.7 -1228.3
1369 -1709 -335.3
1370 1431.2 788.7
1371 -1667.8 -381
1372 -1763.5 -272.2
1373 -1650.2 -298.6
1374 -1640.2 -411.9
1375 -1814.8 -452.8
1376 -1645 -368.9
1377 -1659.2 -210.3
1378 -1626.1 -342.9
1379 -1574.5 -410.1
1380 -1638.1 -439.7
1381 1510.8 643
1382 -1631.8 -531.1
1383 -1628.5 -562.3
1384 -1673 -613.4
1385 -1494.5 -392.5
1386 -1492.2 -432.9
1387 -861 -186.7
1388 -821.7 -88.1
1389 -922.2 -134.6
1390 -571.9 -616.4
1391 -469.2 -768.1
1392 1238.5 644.7
1393 101.4 -52.5
1394 141.5 -53.8
1395 104.9 -22.2
1396 183.2 -59.1
1397 177.7 -105
1398 217.4 -108.2
1399 174.7 -130.5
1400 95.8 -99.7
1401 135.2 -101.9
1402 129.3 -147.7
1403 -2330.5 407
1404 -1183.5 -157.6
1405 -1115.7 -149.1
1406 -46.6 -128.7
1407 -161.8 -89.7
1408 -31.2 -76.7
1409 -6.8 -125.8
1410 -192.9 -122.5
1411 -226.1 -50.4
1412 64.7 70.1
1413 60.5 21.9
1414 -2024.9 263
1415 -2542.2 561.5
1416 31.5 -44.8
1417 8 -94.5
1418 -3.6 -24.5
1419 17 30.5
1420 70.7 -54.5
1421 -56.8 18
1422 -66.1 35.8
1423 144 -287.5
1424 36.3 -322.3
1425 84.6 -361.3
1426 -2336.3 658.7
1427 135.5 -378.9
1428 110.4 -307.9
1429 148.6 -352
1430 -390.8 -641.5
1431 -264.3 -382
1432 -395.5 -358.2
1433 -253.6 -265.8
1434 -310.5 -205.4
1435 -1252.8 -106.4
1436 -583 -194.1
1437 -618.5 354.1
1438 -440.7 -162.7
1439 -339.4 -122.2
1440 -399.8 -176.7
1441 -411.7 -55.9
1442 -410 -40.6
1443 -502.4 -67.2
1444 -235.3 -78.8
1445 -222.2 -7.3
1446 -306.1 -130.2
1447 -416.2 -641.4
1448 -570.3 350.3
1449 -402.4 -549.7
1450 -377.5 -693.4
1451 -399.8 -767.1
1452 -341.4 -42.7
1453 2299.7 295.4
1454 303 359.3
1455 347.6 433.2
1456 -1754.2 -106.8
1457 -1858 -129.1
1458 -1758.2 -172.9
1459 608.1 -367.3
1460 -1771.3 -246.6
1461 -1925.6 826.4
1462 -1802.6 812.9
1463 -1805.1 774.9
1464 -2007.2 -587.4
1465 -2001.8 -456.5
1466 -1890.5 -481.4
1467 -2043.1 -608.8
1468 -2004.3 -433.6
1469 -1900.6 -451.7
1470 568.2 -331.2
1471 -1925 -395.6
1472 -1782.5 -519.9
1473 -1772.6 -547.4
1474 -1812.2 -567.7
1475 -1738 -607.5
1476 -1576.5 -557.5
1477 -1535.3 -552.6
1478 -1542.4 -443.9
1479 -1837.6 -543.7
1480 -318.3 -15.9
1481 514.6 -339.1
1482 -324.3 57
1483 -366.5 -30
1484 -126.9 114.3
1485 -94.3 120.5
1486 -273 -3.5
1487 -229.2 79.3
1488 -168.5 99.8
1489 -958.2 13.2
1490 502.1 287.4
1491 522 372.7
1492 726 -463.2
1493 527.4 280.9
1494 358.6 452.5
1495 411 435
1496 385.3 500.5
1497 405.3 400.8
1498 -40.3 515.1
1499 -56.9 468.6
1500 -67 446.1
1501 -3204.8 -420.2
1502 -3224.7 -417.6
1503 -990.7 310.9
1504 -3180.9 -372.5
1505 -3173.6 -438
1506 -3257.7 -416.8
1507 -3225.1 -361.2
1508 -3254.8 -346.9
1509 -3184.8 -469.4
1510 -3281 -325.6
1511 805.6 256.1
1512 752.9 165.2
1513 -2397.4 -557.4
1514 -1068.3 324.1
1515 -2385.1 -770.8
1516 -2297.6 -766.8
1517 -2422.6 -565
1518 -2459.7 22.4
1519 231 241.2
1520 355.8 253.4
1521 233 216.5
1522 359 160.4
1523 336.1 154.4
1524 357.4 205.2

# Edges
0 662
1 565
1 637
1 748
1 1436
1 1438
1 1441
1 1443
2 938
2 939
2 949
2 1414
3 14
3 610
3 611
3 1503
4 7
4 556
4 1293
5 1294
6 7
6 1080
6 1293
7 555
8 1310
8 1311
8 1463
9 10
9 11
9 1310
10 709
10 710
11 538
11 715
12 13
12 15
12 326
12 327
13 327
13 328
14 25
14 740
15 323
15 1044
16 17
16 18
16 334
16 831
17 98
17 340
18 19
18 88
18 92
19 20
19 21
19 97
19 103
20 106
20 108
20 843
20 1050
21 98
22 31
22 351
22 353
22 834
23 356
23 823
23 834
24 27
24 361
24 815
24 1058
25 968
25 1067
26 793
26 815
26 1058
26 1259
27 360
27 805
27 815
28 32
28 127
28 891
28 1281
29 32
29 1057
29 1259
29 1281
30 37
30 799
30 822
30 823
31 352
31 354
31 355
31 823
32 33
32 365
33 370
33 891
33 894
34 370
34 379
34 384
34 894
35 366
35 384
35 892
35 894
36 47
36 58
36 195
36 221
36 975
37 356
37 357
38 39
38 375
38 820
38 1056
38 1057
38 1326
39 394
39 1326
40 421
40 423
40 644
40 1392
41 723
41 724
42 574
42 724
43 1221
43 1243
44 1244
44 1245
44 1252
45 568
45 1252
46 1221
46 1245
47 212
47 220
47 222
47 228
47 764
48 49
48 1221
49 568
49 1252
50 61
50 1385
51 791
51 849
52 57
53 54
53 617
54 55
55 56
55 619
56 57
56 618
58 765
58 975
59 63
59 1024
59 1385
60 62
60 63
60 1024
61 1386
62 63
62 1027
64 505
64 506
64 1214
65 664
65 730
66 913
66 914
66 1335
67 922
67 923
67 929
68 898
68 899
68 929
69 80
69 91
69 102
69 878
70 71
70 916
70 1327
71 182
71 1327
71 1521
71 1523
72 928
72 1524
73 164
73 657
73 717
74 75
74 76
74 77
75 78
75 83
75 84
76 89
76 261
77 78
77 79
78 81
78 85
79 81
79 82
80 114
80 171
80 858
80 861
81 82
81 90
82 88
82 90
83 95
83 272
84 261
84 272
85 90
85 95
86 87
86 88
86 830
86 831
87 326
87 327
88 89
88 92
88 93
89 245
89 1043
89 1044
90 94
91 215
91 221
92 93
92 97
93 94
94 96
94 99
95 96
96 1492
97 100
97 103
98 811
98 813
99 100
99 101
100 104
101 889
101 907
102 201
102 1484
103 105
104 107
104 888
104 889
105 107
105 108
106 813
106 843
107 888
108 115
109 110
109 111
109 887
110 116
110 911
111 117
111 126
112 121
112 910
112 911
113 594
113 949
113 1414
114 854
114 861
114 875
114 878
115 118
115 837
115 860
116 121
116 123
117 126
117 920
118 119
118 910
119 120
119 848
119 918
120 122
120 910
120 918
121 122
122 135
123 124
124 128
124 129
125 136
125 147
125 158
126 900
127 837
127 1050
128 130
128 131
129 130
129 900
130 133
131 132
131 133
132 133
132 134
134 139
134 140
135 157
135 917
136 485
136 1490
136 1520
137 144
137 157
137 372
137 917
138 139
138 673
139 143
140 141
140 142
141 143
141 148
142 151
142 157
143 146
144 145
144 893
145 153
145 155
146 149
146 150
147 615
147 1520
148 150
148 151
149 150
149 152
151 156
151 159
152 676
152 1512
153 154
153 155
154 371
154 372
154 389
155 160
156 157
158 1454
158 1497
159 161
159 719
159 893
160 395
160 882
161 162
161 1512
162 163
162 1511
163 719
163 1511
164 654
164 655
165 655
165 656
165 657
166 167
166 168
166 177
167 170
167 391
168 170
168 173
168 174
169 1267
169 1284
169 1381
170 172
170 1485
171 172
171 883
171 1485
172 174
173 175
173 176
174 175
174 883
175 178
176 177
176 178
176 179
177 182
178 181
179 181
179 182
179 1521
180 1278
180 1283
180 1284
180 1381
181 874
183 184
183 186
183 1443
184 187
185 196
185 197
185 1482
185 1486
185 1487
186 188
186 189
187 189
187 943
188 190
188 192
189 192
189 194
191 202
191 213
191 464
192 203
192 1203
193 198
193 199
193 943
194 199
194 203
194 204
195 208
195 1482
196 200
196 1482
197 200
197 207
197 208
198 199
198 204
198 206
198 764
200 208
201 207
201 1488
202 225
202 560
203 205
204 209
205 217
206 209
206 210
207 215
208 216
209 211
210 211
210 212
211 214
212 214
213 464
213 643
213 744
214 218
214 220
215 216
216 221
217 218
217 1167
218 983
218 1167
219 969
219 1167
219 1203
220 223
220 983
222 227
222 228
223 227
223 957
224 335
224 446
224 557
224 593
225 560
225 736
226 957
226 983
226 984
227 229
228 229
228 766
229 958
230 235
230 237
230 240
231 233
231 234
231 1181
232 298
232 1181
233 239
233 1358
234 235
234 239
234 241
235 242
236 247
236 258
236 490
237 238
238 240
238 246
238 250
240 243
241 244
241 245
242 251
242 257
242 271
243 251
244 245
244 1043
244 1226
245 257
246 248
246 249
247 258
247 492
248 250
248 252
249 252
250 252
251 260
252 254
252 256
252 285
253 1041
253 1045
253 1226
254 256
254 263
255 259
255 260
256 285
257 261
259 263
259 264
259 265
260 262
262 266
262 267
263 264
264 268
265 266
265 268
266 270
267 270
267 271
268 273
269 280
269 291
269 790
270 273
271 272
273 274
274 1492
275 276
275 1347
276 1170
277 1355
277 1362
277 1363
278 1349
278 1360
278 1362
279 1349
279 1357
281 283
281 284
281 1367
282 1362
282 1364
282 1367
283 1360
284 285
286 288
286 289
287 290
287 1148
288 294
288 296
288 300
288 301
289 293
289 294
291 302
292 298
293 306
293 307
294 295
295 311
295 315
296 297
297 300
297 311
297 1040
298 299
300 301
300 304
301 303
302 620
302 623
303 305
303 1181
304 305
304 1040
304 1237
305 1215
306 307
306 308
306 309
306 310
307 308
308 310
309 312
309 314
310 312
310 317
311 1039
312 314
313 324
313 1069
313 1073
313 1295
314 319
315 770
315 1039
316 317
317 321
318 319
318 320
319 322
320 321
322 323
322 1041
323 1045
324 709
324 710
324 1301
325 326
325 1044
327 830
328 830
328 832
329 330
329 331
329 333
330 337
330 338
330 339
331 332
331 832
332 333
332 334
332 832
333 337
333 340
334 340
334 829
335 675
335 714
335 735
336 347
336 358
336 1112
336 1149
337 811
337 812
338 344
338 345
339 341
339 342
339 812
340 811
341 343
341 348
342 345
342 346
343 349
343 812
344 345
344 346
346 350
347 369
347 585
348 349
348 774
349 816
350 774
351 352
351 749
352 354
353 760
354 824
356 833
357 373
357 799
357 833
358 470
358 1456
359 373
359 802
359 833
360 361
360 377
360 805
361 368
361 839
362 366
362 367
362 892
363 373
363 374
363 376
363 802
364 376
364 802
364 805
365 370
365 375
365 1057
366 371
366 385
367 371
367 372
368 789
368 1056
368 1058
369 380
369 524
369 585
369 982
369 1160
369 1162
371 388
374 799
374 807
374 890
375 378
376 890
377 838
377 839
377 890
378 820
379 381
379 382
380 546
381 386
381 819
382 383
382 384
383 385
383 386
383 387
383 388
383 392
384 385
385 388
386 392
387 389
387 390
387 393
388 389
389 395
390 392
390 393
391 402
391 1407
391 1422
391 1445
391 1484
392 399
392 819
393 395
394 397
394 631
394 820
396 400
396 924
396 1286
397 630
397 660
398 399
398 721
399 631
400 930
400 932
400 1285
401 405
401 409
401 410
401 851
402 1486
402 1487
403 419
403 660
403 1337
404 896
404 897
404 1264
405 406
405 986
406 409
406 429
407 408
407 418
407 630
408 418
408 423
408 634
409 410
409 442
410 425
411 412
411 628
411 897
412 415
412 1247
413 424
413 435
413 447
414 420
414 428
414 1264
414 1288
415 416
415 420
415 426
416 417
416 427
416 1247
417 425
417 1247
418 419
418 423
419 421
420 422
420 897
421 423
422 426
422 428
422 430
424 876
424 878
425 427
425 433
426 427
426 431
427 432
428 1289
429 442
429 926
430 431
430 434
430 1289
431 432
431 436
432 433
432 437
433 437
433 1227
434 436
434 438
434 440
435 447
435 1498
435 1500
436 437
436 441
437 449
438 439
438 1273
438 1289
439 440
439 444
439 445
440 441
440 452
441 448
441 449
442 443
442 937
443 1227
444 450
444 1273
445 450
445 451
445 452
446 593
446 657
446 735
447 458
447 469
447 975
447 1092
448 452
448 453
448 454
449 454
449 457
450 1279
450 1284
451 456
451 1279
451 1280
452 456
453 455
453 456
453 1240
454 455
455 1239
456 459
457 1228
457 1241
458 469
458 480
458 486
458 513
458 1092
459 461
459 1240
459 1254
459 1280
460 461
460 1271
460 1272
460 1280
461 462
462 1261
462 1272
463 1231
463 1253
464 465
465 739
465 744
466 467
466 645
466 745
467 468
467 747
467 1370
468 743
468 745
469 1089
470 536
470 585
471 570
471 1378
471 1385
472 473
472 562
472 570
472 572
472 584
472 1112
472 1158
473 571
473 572
473 1112
474 589
475 479
475 698
475 700
476 477
476 700
476 988
477 1168
477 1303
478 521
478 1046
478 1168
479 705
479 1049
480 502
480 972
481 988
481 1049
481 1303
482 523
482 525
482 1049
483 484
483 653
483 1496
484 1495
485 1491
485 1497
486 487
486 1095
486 1096
487 488
487 872
488 513
488 759
489 549
489 1021
489 1063
490 492
490 499
491 502
491 513
491 758
492 493
493 499
493 500
493 683
494 500
494 681
494 683
495 542
495 609
495 1468
496 594
496 1061
497 498
497 1457
497 1460
498 547
498 553
499 500
501 723
501 1516
502 976
503 506
503 562
503 1209
504 1016
504 1130
504 1405
505 1028
505 1033
506 566
507 544
507 545
507 1046
508 543
508 1046
508 1513
509 542
509 543
509 661
510 512
510 580
510 1414
511 539
511 540
511 580
512 514
512 1414
514 994
515 532
515 1468
515 1471
516 517
516 581
516 1003
517 548
517 1006
518 1065
518 1207
518 1489
519 566
519 1033
519 1435
520 565
520 1436
521 522
521 1046
521 1513
521 1515
521 1517
523 708
523 1046
523 1047
524 535
524 1026
525 705
525 708
526 527
526 528
526 529
527 530
527 531
528 544
528 1169
529 530
529 537
530 554
531 547
531 553
532 563
532 564
533 534
533 1053
533 1169
534 537
534 1051
535 546
536 1051
536 1457
537 554
538 594
538 709
539 594
539 1403
540 594
540 1414
541 994
541 1052
541 1054
541 1213
543 547
544 545
545 547
546 935
546 947
548 1006
549 550
549 1062
550 1064
550 1489
551 1022
551 1388
551 1389
552 1412
552 1419
552 1422
553 554
554 1467
555 656
555 1079
556 738
556 1164
557 676
557 677
558 569
558 580
558 586
559 656
559 1072
559 1075
560 1075
561 591
561 1303
561 1518
563 564
563 1471
564 1460
565 1388
566 1435
567 1208
567 1503
567 1514
568 1251
569 991
569 995
570 1377
571 1458
571 1460
572 1377
573 578
573 750
573 1195
575 576
575 1312
576 577
576 1037
577 752
577 1312
578 750
578 1305
579 581
579 1001
579 1005
581 1005
582 996
582 999
582 1192
583 1007
583 1021
584 1210
586 591
586 995
586 1403
587 588
587 691
588 690
589 590
589 1510
590 692
591 996
592 594
592 595
592 1069
593 640
593 677
595 947
595 1069
596 597
596 598
597 1093
598 599
600 601
600 602
600 603
601 603
601 605
601 606
602 961
602 1013
603 1032
604 615
604 626
604 863
604 1519
605 606
605 607
606 1025
606 1031
607 1023
607 1104
608 609
608 1115
608 1467
610 612
610 613
610 614
610 693
610 1184
611 1067
611 1068
612 647
612 648
613 1100
613 1179
613 1186
614 693
614 1186
615 1454
616 617
616 618
617 619
618 619
618 620
620 985
621 622
621 623
621 828
621 851
622 985
622 986
623 828
623 835
624 625
624 627
624 628
625 851
625 1229
626 855
626 870
626 1454
627 895
627 896
627 897
628 1229
628 1246
629 630
629 631
629 632
631 819
631 820
632 633
632 634
633 635
633 721
634 642
635 636
635 639
635 719
635 1071
635 1072
636 720
636 721
637 1203
638 649
638 660
638 671
638 682
639 640
639 658
640 1511
640 1512
641 642
641 643
641 644
642 1071
643 645
643 646
644 646
645 742
646 1392
647 740
647 741
648 741
648 965
649 788
649 1292
650 651
650 652
650 866
650 1091
650 1097
650 1098
651 652
651 1496
652 866
652 870
653 654
653 655
654 1491
656 657
656 658
656 1075
656 1079
657 658
659 661
659 1513
659 1515
660 1326
661 1513
662 1070
663 664
663 1082
663 1481
664 1481
665 666
665 1470
665 1481
666 667
667 668
667 669
668 670
668 900
669 672
670 672
670 673
670 674
670 675
671 1269
671 1337
672 899
672 922
673 900
674 718
674 898
674 899
675 676
678 679
678 681
679 694
680 681
680 683
680 684
680 685
682 788
682 1255
683 1509
684 685
684 694
684 696
685 686
686 687
686 688
687 688
687 1173
688 690
689 690
689 691
689 692
689 1504
691 692
692 1507
693 704
693 1120
693 1143
693 1201
693 1299
693 1514
694 695
694 696
695 696
695 697
695 1081
695 1168
696 697
697 1174
698 699
698 700
699 701
699 702
700 1168
701 703
701 707
702 987
702 988
703 705
703 706
704 1296
704 1298
706 707
706 708
706 990
706 1054
707 987
710 1309
711 712
711 713
711 1061
712 713
713 1061
714 716
714 717
714 718
715 726
716 718
716 928
716 1490
717 735
717 1493
719 720
719 882
720 904
721 904
722 723
722 724
722 725
725 1515
725 1516
725 1517
726 1461
727 728
727 729
727 730
728 1427
728 1429
729 730
729 1333
731 732
731 733
731 852
732 873
732 1098
733 734
733 852
734 754
734 763
736 738
736 739
737 749
737 760
738 746
738 1164
740 966
741 966
741 967
742 743
742 744
742 745
743 746
746 747
747 962
748 1205
748 1206
750 751
750 1316
751 1299
751 1316
752 753
752 1078
752 1317
753 1300
753 1314
754 1164
754 1165
755 756
755 757
755 1305
756 1099
756 1100
757 1182
757 1198
758 759
758 964
759 761
760 775
761 762
761 763
762 852
762 853
763 853
764 941
765 766
765 945
766 944
767 768
767 769
767 978
768 1087
768 1088
769 964
769 977
770 772
771 782
771 793
771 804
771 815
772 1039
773 774
773 775
773 776
775 782
776 782
776 804
776 816
777 778
777 779
777 780
777 781
778 784
778 795
779 780
779 791
780 790
780 792
780 836
781 784
781 806
781 847
783 784
783 785
783 786
784 844
785 796
785 844
786 806
786 847
786 849
787 838
787 839
787 840
787 1315
788 840
788 909
788 1315
789 839
789 1304
789 1315
790 791
791 847
792 794
792 795
792 808
793 814
793 1270
794 825
794 841
794 884
794 905
794 924
795 809
795 844
796 797
796 821
797 822
797 844
797 850
798 799
798 800
798 807
798 808
798 809
800 822
800 850
801 802
801 803
801 805
803 833
803 834
804 814
804 816
806 847
807 817
807 818
808 817
808 924
809 850
810 811
810 812
810 813
814 842
817 1286
818 845
818 890
818 930
821 822
821 823
821 824
825 827
825 828
826 837
826 848
826 860
826 871
827 835
827 841
828 851
828 884
829 830
829 831
829 832
835 836
836 841
837 891
838 845
838 846
840 846
842 843
842 1270
846 909
846 930
847 849
848 860
848 917
852 853
852 873
854 855
854 856
854 857
855 862
855 869
856 858
856 861
856 862
857 868
857 869
857 877
858 863
858 883
859 970
859 1081
862 863
863 874
864 865
864 866
864 867
865 868
865 869
865 870
867 868
867 880
868 881
870 1455
871 891
871 892
871 894
872 873
872 1096
874 883
875 876
875 877
876 1500
877 879
879 881
879 1499
880 881
880 1498
882 893
882 904
884 895
884 905
885 886
885 887
885 888
885 889
886 910
886 911
887 906
887 919
895 931
895 932
896 1265
898 925
901 902
901 903
901 909
902 1265
902 1266
903 1255
903 1256
905 931
906 907
906 908
907 1492
908 919
908 920
908 1470
909 1285
912 913
912 914
912 916
913 921
913 923
914 1333
914 1335
915 926
915 937
915 948
916 927
917 918
919 920
921 922
921 923
923 927
924 931
925 927
925 928
925 929
927 1523
928 1522
930 1286
932 1285
933 934
933 935
933 993
934 936
934 938
934 939
935 938
936 940
936 993
937 1216
937 1225
939 940
940 952
940 953
941 942
941 943
942 954
942 1483
943 954
944 945
944 946
944 958
945 955
946 955
946 1448
947 949
948 1216
948 1224
950 951
950 1034
950 1144
951 1149
951 1158
952 1211
952 1212
953 1213
953 1414
954 1442
955 965
956 957
956 958
956 1448
959 971
959 1004
959 1211
960 961
960 1017
961 1387
962 963
962 1370
963 1276
963 1277
964 976
965 967
965 979
965 1085
965 1086
966 968
966 1437
967 1437
968 969
969 981
969 1167
969 1188
969 1437
970 1172
970 1174
971 1051
971 1052
972 973
972 974
973 976
974 977
977 1089
978 979
978 1198
979 980
980 1088
981 983
981 984
982 993
982 1004
984 1448
985 986
985 1453
987 992
987 1518
989 990
989 991
989 992
990 1054
991 994
992 1060
995 1060
996 997
996 1192
997 998
997 999
998 1000
999 1001
1000 1001
1000 1002
1002 1003
1002 1005
1003 1006
1004 1212
1007 1008
1007 1009
1007 1010
1008 1011
1008 1012
1009 1390
1009 1449
1010 1390
1010 1391
1011 1387
1012 1021
1012 1389
1013 1014
1013 1016
1014 1405
1015 1026
1015 1037
1015 1048
1015 1073
1015 1074
1015 1077
1015 1078
1015 1136
1016 1017
1016 1388
1017 1021
1018 1019
1018 1020
1018 1154
1018 1163
1019 1130
1019 1131
1020 1062
1020 1063
1020 1205
1021 1022
1021 1152
1021 1163
1021 1208
1021 1489
1022 1389
1023 1024
1023 1025
1025 1027
1025 1028
1026 1073
1027 1029
1027 1030
1028 1031
1029 1209
1029 1210
1029 1214
1030 1210
1030 1385
1031 1032
1031 1033
1034 1035
1034 1130
1035 1110
1035 1131
1035 1144
1036 1059
1036 1070
1037 1048
1037 1290
1038 1039
1038 1040
1038 1237
1041 1237
1042 1043
1042 1044
1042 1045
1042 1226
1046 1047
1046 1513
1047 1049
1048 1076
1050 1270
1050 1281
1051 1052
1051 1053
1051 1467
1052 1053
1053 1054
1055 1056
1055 1057
1055 1058
1055 1259
1056 1304
1059 1070
1059 1082
1060 1518
1062 1063
1062 1064
1064 1065
1064 1066
1065 1191
1065 1199
1066 1199
1066 1205
1066 1206
1067 1176
1067 1187
1068 1176
1068 1190
1071 1072
1074 1117
1074 1118
1074 1136
1076 1290
1076 1295
1077 1078
1077 1296
1078 1297
1079 1080
1079 1083
1080 1083
1081 1303
1083 1084
1084 1090
1084 1091
1085 1184
1085 1185
1086 1185
1086 1198
1087 1088
1087 1089
1090 1165
1091 1098
1092 1094
1093 1104
1093 1115
1094 1095
1094 1096
1096 1097
1097 1098
1099 1179
1099 1182
1100 1196
1101 1102
1101 1103
1101 1150
1102 1122
1102 1124
1103 1107
1103 1127
1103 1160
1104 1115
1105 1106
1105 1114
1105 1514
1106 1114
1106 1135
1107 1108
1108 1119
1108 1129
1108 1132
1109 1110
1109 1111
1110 1123
1110 1142
1111 1125
1111 1142
1112 1158
1113 1114
1113 1116
1113 1119
1116 1120
1116 1133
1117 1120
1117 1139
1118 1136
1118 1138
1118 1139
1119 1125
1119 1147
1121 1122
1121 1123
1121 1124
1122 1141
1122 1150
1123 1141
1123 1144
1124 1145
1125 1140
1125 1142
1126 1137
1126 1148
1126 1166
1127 1128
1127 1129
1127 1138
1128 1155
1128 1157
1129 1147
1130 1404
1130 1435
1131 1154
1132 1140
1132 1150
1133 1134
1133 1135
1134 1135
1134 1143
1136 1156
1137 1344
1137 1346
1138 1147
1138 1155
1139 1146
1140 1141
1141 1142
1143 1514
1144 1145
1145 1149
1146 1147
1148 1170
1149 1162
1151 1152
1151 1153
1151 1514
1152 1514
1153 1154
1153 1163
1155 1156
1156 1157
1157 1160
1159 1170
1159 1181
1159 1193
1160 1161
1161 1162
1165 1291
1171 1450
1171 1451
1172 1173
1173 1174
1175 1176
1175 1177
1175 1190
1176 1178
1177 1191
1177 1197
1177 1199
1177 1200
1178 1189
1178 1197
1179 1180
1180 1183
1180 1184
1180 1185
1181 1215
1182 1183
1183 1185
1186 1194
1186 1201
1187 1188
1187 1189
1188 1189
1189 1197
1190 1191
1191 1207
1192 1303
1193 1351
1194 1195
1194 1196
1195 1201
1196 1305
1199 1202
1200 1202
1200 1203
1202 1206
1204 1215
1204 1226
1204 1237
1207 1208
1208 1514
1209 1214
1211 1212
1211 1213
1216 1217
1216 1218
1217 1224
1217 1231
1218 1225
1218 1230
1219 1220
1219 1221
1219 1282
1220 1222
1220 1223
1222 1223
1222 1233
1222 1282
1223 1238
1223 1243
1224 1244
1224 1252
1225 1227
1225 1228
1228 1241
1229 1246
1230 1231
1230 1253
1231 1232
1231 1243
1232 1242
1233 1234
1233 1235
1234 1257
1234 1258
1235 1254
1235 1260
1235 1261
1236 1238
1236 1239
1236 1240
1238 1253
1238 1254
1239 1241
1242 1243
1242 1244
1242 1245
1246 1247
1248 1259
1248 1270
1248 1281
1249 1250
1249 1251
1249 1277
1250 1258
1250 1277
1255 1256
1256 1266
1256 1269
1257 1260
1257 1275
1257 1283
1258 1275
1258 1282
1260 1261
1260 1271
1260 1272
1262 1263
1262 1264
1262 1288
1263 1266
1263 1268
1263 1269
1264 1265
1264 1266
1265 1285
1267 1274
1267 1348
1268 1274
1271 1272
1271 1278
1273 1274
1273 1287
1274 1284
1275 1276
1275 1277
1276 1283
1278 1279
1278 1280
1287 1288
1287 1289
1290 1301
1290 1307
1291 1293
1291 1294
1292 1304
1292 1315
1292 1326
1295 1301
1296 1297
1297 1298
1298 1299
1298 1300
1300 1314
1301 1302
1302 1308
1306 1307
1306 1308
1307 1312
1307 1313
1308 1309
1308 1311
1309 1310
1311 1318
1312 1317
1313 1317
1313 1318
1314 1316
1318 1462
1319 1320
1319 1321
1319 1323
1320 1430
1320 1431
1320 1432
1321 1434
1321 1439
1321 1440
1322 1323
1322 1324
1322 1410
1323 1324
1323 1433
1323 1434
1324 1444
1325 1327
1325 1328
1325 1412
1328 1395
1328 1413
1329 1330
1329 1331
1329 1332
1330 1423
1330 1424
1331 1400
1331 1402
1332 1333
1332 1334
1333 1335
1334 1399
1334 1402
1336 1345
1336 1365
1337 1348
1338 1339
1338 1340
1338 1341
1339 1342
1340 1341
1340 1350
1341 1343
1341 1344
1342 1345
1343 1349
1343 1353
1344 1346
1344 1347
1345 1346
1346 1365
1348 1359
1350 1354
1350 1368
1351 1352
1352 1357
1352 1358
1353 1354
1353 1355
1354 1355
1354 1363
1354 1368
1356 1357
1356 1358
1356 1360
1359 1370
1359 1381
1359 1392
1361 1362
1361 1363
1361 1364
1362 1364
1364 1366
1366 1367
1366 1368
1369 1371
1369 1372
1369 1373
1371 1374
1371 1375
1372 1375
1372 1460
1373 1376
1373 1377
1373 1378
1374 1376
1374 1379
1374 1380
1375 1469
1375 1472
1376 1378
1377 1460
1379 1385
1379 1478
1380 1382
1380 1476
1382 1383
1382 1384
1383 1476
1384 1475
1385 1386
1386 1478
1387 1388
1387 1389
1390 1391
1391 1451
1393 1394
1393 1395
1393 1400
1393 1420
1394 1396
1394 1401
1395 1420
1396 1397
1396 1398
1397 1398
1397 1399
1397 1401
1398 1399
1400 1401
1400 1409
1401 1402
1403 1415
1403 1426
1404 1405
1406 1407
1406 1408
1406 1409
1407 1410
1407 1411
1408 1417
1408 1418
1409 1417
1410 1444
1411 1444
1411 1445
1412 1413
1413 1416
1416 1417
1416 1418
1416 1420
1418 1419
1419 1421
1421 1422
1423 1428
1423 1429
1424 1425
1424 1428
1425 1427
1425 1428
1427 1429
1430 1447
1430 1450
1431 1433
1432 1440
1432 1449
1434 1446
1437 1448
1438 1440
1438 1441
1439 1446
1439 1452
1441 1452
1442 1443
1442 1483
1445 1452
1446 1452
1447 1449
1450 1451
1454 1455
1455 1494
1456 1457
1456 1458
1458 1460
1459 1470
1459 1481
1459 1492
1461 1462
1461 1463
1462 1463
1464 1465
1464 1466
1464 1467
1465 1468
1465 1469
1466 1469
1466 1479
1469 1471
1472 1473
1472 1479
1473 1474
1473 1475
1474 1479
1476 1477
1477 1478
1480 1482
1480 1483
1480 1486
1482 1486
1484 1485
1484 1488
1487 1488
1490 1491
1490 1493
1491 1493
1494 1495
1494 1496
1495 1497
1498 1499
1499 1500
1501 1502
1501 1504
1501 1505
1502 1506
1502 1507
1503 1514
1504 1505
1504 1507
1505 1509
1506 1508
1506 1509
1507 1508
1508 1510
1513 1515
1519 1520
1519 1521
1520 1524
1522 1523
1522 1524
