# Nodes
0 1336.5 -1463.1
1 1633.7 -1377.1
2 -640.7 -2456.2
3 -749.2 -568.1
4 -619.5 867.8
5 -668.9 846.6
6 -543.9 1166.2
7 -758 783.6
8 -1172.3 219.8
9 -930.4 -1269.2
10 -1045.1 -1247.4
11 -917.2 -1228.2
12 -371.4 -3008.5
13 -2500.2 470.9
14 -811.1 -155.2
15 -2367 474.8
16 1284.3 -1511.4
17 1491.5 -1388.9
18 1548.9 -1349.2
19 -1479.9 494.8
20 -1114.9 198.4
21 -1282.7 459.5
22 -1272.5 440
23 -1134.4 336.4
24 -1147.7 357.4
25 -1483.8 -495.1
26 -1425 696.2
27 -1360 577.5
28 -1254.7 465.7
29 -1119.3 593.3
30 -1860.3 474.4
31 -2341.1 462.9
32 1512.2 790.4
33 -1508.4 1332.1
34 1725.6 -1193.6
35 2175.2 -803.3
36 -1272.4 -1026.1
37 2231.8 -693.8
38 -1199.5 -1339.5
39 -1190.1 -1381.4
40 -1224.5 -1295.8
41 -984 -2656.9
42 56.1 -2253.1
43 -1848.5 2320.4
44 -1142.2 -873.6
45 -1298.4 1922.3
46 -1269.6 1917.2
47 -1730.1 -538.5
48 -1372.3 1929.2
49 -1392.3 1873.4
50 -877.9 -1545
51 -818.2 -1620
52 -818.3 -1645.7
53 -1170.6 363.1
54 -1157.1 -306.2
55 -662.2 -2531.6
56 -661.2 -2510.8
57 -528 -2450.4
58 -1245 -1082.1
59 -594 -2393.2
60 -1597.4 -1180.3
61 178 -519.8
62 140.9 -414.1
63 314.5 -459.1
64 -662.5 -2481.1
65 83.3 -268.4
66 246.7 -198.8
67 -7.8 -102.8
68 -301.6 1070.7
69 -778 776.6
70 702.6 2466.1
71 726.7 2306.2
72 -841.8 747.3
73 -1152.2 -306.2
74 -820.9 384
75 -703.5 -2114.6
76 -774.9 286
77 -866.7 503.9
78 -926.4 335.3
79 -726.4 428.4
80 -856.9 165.4
81 -745.3 210.9
82 -890.3 239
83 -657.1 230.6
84 -727 105.1
85 -949.8 -2632.8
86 -380.9 -3009.1
87 -625.8 -2561.1
88 -313.4 -2392.7
89 -663.5 -2189.1
90 -1081 -1002.9
91 -1139.4 -1272.8
92 -934.9 693.9
93 -763 529.4
94 -541.5 41.1
95 -562.3 84.9
96 -580.4 63.7
97 -1473.3 247.9
98 -421.2 41.9
99 -303.3 104.7
100 -1005.7 199.2
101 -687.4 318.4
102 -274 28.1
103 -114 94.6
104 -125.5 122.8
105 871.9 219.7
106 892 220.5
107 659 212.2
108 -1412.8 106.5
109 690.6 129.2
110 577.7 405.5
111 451.8 124.1
112 -917.8 -1316.5
113 -1144 -830.5
114 352.6 1259.8
115 478.4 1493.4
116 469.6 1527.9
117 627.3 1551.9
118 320.2 1493.9
119 -1481.6 402
120 432.4 1684.1
121 605.8 1625.9
122 679.4 1398.6
123 -196.3 -656.4
124 -168.1 -755.6
125 30.6 -559.2
126 -237.4 -388.6
127 -538.7 -792.1
128 -513.8 -890
129 -369.6 -725.8
130 -1241.8 301.4
131 389.1 1137.5
132 350.6 1125
133 2139.8 -860.7
134 2249.6 -664.5
135 2205.4 -797.9
136 1171.7 1104.6
137 1191.7 1115.3
138 1338.6 930.9
139 1696.7 503.9
140 1492.2 576.3
141 -1877.3 183.7
142 2248 -549.3
143 1077.8 1229.8
144 978.3 1347.5
145 824.6 1290.6
146 533.1 2312.7
147 695.6 2158.5
148 510.4 2180.1
149 705.4 1997.6
150 430.8 2171.9
151 409.7 2226.9
152 -1482.7 451.3
153 324.2 2136.1
154 522.5 1947.3
155 308 2609.8
156 461.1 2632.3
157 328.2 2530.4
158 547 1854.6
159 581.9 1714
160 715.9 1892.8
161 386.1 2312.2
162 443.9 2314.8
163 1581.5 -1309.7
164 -1319 502.2
165 270.9 2300.5
166 306.6 2187
167 97.9 2290.5
168 448.5 2545.8
169 212.6 2486.6
170 -1947.2 473.2
171 -1390.4 474.9
172 -1569.9 451.5
173 -790.6 751.8
174 -692.4 800.9
175 -1632.8 453.2
176 -1506.5 -1598.4
177 -1592.4 -1634.3
178 -1548.1 -1376.3
179 -1628.6 -1033.2
180 -1640.7 -958.5
181 -2050.6 -1236.9
182 -1658.9 -872.6
183 -1688.6 -748
184 -1873.5 -957
185 -1746.2 -453.3
186 -1597.1 433.8
187 -1974.2 -627.6
188 -1520.4 -391.4
189 -1769 -353.5
190 -1826.3 -87.7
191 -1637.4 0.1
192 -2081.8 -210.5
193 -2177.6 122.6
194 -1893.5 358.1
195 -2490.6 262.1
196 -2449.9 163.5
197 -1249.1 422.3
198 -1207.2 1268.4
199 -1054.8 1500.9
200 -1498.4 1242.4
201 -1179.7 1158
202 421.1 995.4
203 752.9 1064.8
204 596.7 892.4
205 890.1 1060.8
206 1316.8 768.3
207 1236.5 874.9
208 -1091.4 159.9
209 1367.4 595.7
210 1167 736
211 -249 647.6
212 -305.8 754.9
213 -113.2 710.4
214 -878.6 1999.6
215 -921.1 2120.7
216 -740.1 2183.2
217 191.9 2556
218 141.9 2154.5
219 1327.9 201.4
220 -46.1 2252.6
221 -158.3 2211.5
222 -168.3 2242
223 -287.1 2164.1
224 -111.3 2083.2
225 -67.7 2303.8
226 401.8 1819.4
227 280 1650
228 164.6 1616.2
229 76.7 1589.9
230 1187.2 237.9
231 165.7 1545.2
232 -437 1392.9
233 -499.3 1365
234 -500.1 1536.9
235 -796.8 1647.3
236 393.8 1910
237 227.6 1862.4
238 137.3 1838.8
239 247.1 1781.8
240 -1.8 1794.7
241 1128.9 244.5
242 32.6 1717.3
243 -202.1 1709.7
244 -276.2 1915.7
245 -309.9 1665.5
246 -606.5 1285.2
247 -362.4 1570.4
248 -516.7 1609.1
249 -240 1605.4
250 -321.4 1442.7
251 -165.3 1638.4
252 1061.8 249.4
253 -608.4 1585.5
254 -573.5 1509.5
255 -751.1 1552.5
256 -470.8 1299.3
257 -621.5 1313
258 -342.6 1053.8
259 -438.4 996.4
260 148 1757.8
261 -456.9 1624.8
262 -565.7 1804.1
263 -106.6 -131.9
264 -416.1 1745.8
265 -383.6 1644.5
266 -349.5 2147.2
267 -248.1 1321.7
268 -139.1 1372.6
269 -180.9 1246.9
270 -370.3 1264.1
271 -328 1283.4
272 -404.8 1329.3
273 -440.7 1233.4
274 -251.5 -2377.7
275 -31.6 -305.1
276 -410.7 1166.3
277 -538.1 1184.7
278 -578.5 1251.3
279 -313.4 1167.4
280 -113.9 1288.7
281 -127.8 1166
282 -547.3 1985.5
283 -312.8 2029.3
284 -508.6 1905.1
285 -590.3 2214.4
286 -192.8 -166.2
287 -417.2 2267
288 -579.8 2078.6
289 -566.1 2030
290 -638 2061.6
291 -436.6 2120.7
292 42 2408.6
293 535.7 498.6
294 407.2 484
295 65.8 205.1
296 221 301.4
297 -319.5 -208.2
298 32.1 338.5
299 179.3 -72.3
300 889.2 595.3
301 654.6 545.2
302 972.5 610.2
303 890.4 510
304 1098.8 642.5
305 1089.6 721
306 1190.9 606.7
307 1180.3 500.5
308 -400.3 -23.3
309 1387.9 556.5
310 -1 477.9
311 -2.7 500.2
312 -20.3 472.1
313 80.2 803.1
314 44.8 731.6
315 22.3 773
316 123.3 842.3
317 276.5 -182.1
318 305.2 -322
319 -449.6 -254.5
320 1488.3 317
321 -147.6 297.8
322 -1184.8 -1551.2
323 -994.6 -1511.6
324 -1137.4 -1495.7
325 -299.4 -1047.1
326 -270.3 -1027.1
327 -308.3 -1016.7
328 -1162 -1495.9
329 -1305.4 -1557.2
330 -511.9 -2435.5
331 -328.1 -976.1
332 -394.1 -1069.9
333 -472.3 1834.2
334 -1569.4 2150.9
335 -1498.3 2005.3
336 -1543.9 2164.7
337 -1749 2077.8
338 -1494.2 2178.3
339 -1305.4 2097.1
340 -1373.4 1748.8
341 -583.1 -2408.7
342 -1401.8 1735.8
343 -1225.8 1811.6
344 900.2 235.8
345 896.1 349.3
346 482.1 152.9
347 1135.9 867.2
348 1493.3 770.9
349 633 667.2
350 613.7 780.3
351 436.3 876.3
352 -1497.5 915.8
353 309.5 361.7
354 354 623.5
355 449.9 378.6
356 1073.1 525.2
357 1060.3 356.1
358 1070.1 642.6
359 1064.5 232.4
360 1073.6 152.1
361 1130.7 223.3
362 1195.2 362.4
363 -1512.1 1253.7
364 1369.6 375.4
365 1190.6 294.2
366 1373.7 290.8
367 1364.9 459.4
368 957.5 875.5
369 1369.4 186.1
370 1607.9 354
371 1525.2 214.2
372 1773.4 420.5
373 1839.3 355.5
374 -1483.3 874.6
375 1790.6 433.7
376 1558 445.6
377 1660.7 256.1
378 1699.6 160.3
379 1534.7 128.3
380 1356.3 152.6
381 1912.1 260.4
382 1930.5 268.5
383 1951 210
384 2006.2 300.9
385 3.7 -2280.4
386 -1481.8 910.8
387 1788.8 202.1
388 1744.5 33.2
389 1532 99.4
390 2107.1 183.3
391 2366.5 -681.3
392 2330.8 -405.4
393 2268.3 -923.2
394 777.9 1118
395 742.4 1266.4
396 868.4 1149.5
397 -1484.7 978
398 925.6 881.6
399 957.8 695.4
400 12 1282.3
401 907.1 -533.1
402 922.1 -608.5
403 782.4 -565.5
404 957.8 -797.1
405 1030.4 -805.8
406 1183.6 -550
407 887.7 -441.5
408 -1504.6 1283.9
409 921.5 91.5
410 964.2 -71.6
411 950.6 -21.4
412 820.6 -163.2
413 1105.3 -36.1
414 1032.9 -421.3
415 1161.9 -429.2
416 1010.8 -271.1
417 1419.9 -509.9
418 1204.3 -639.9
419 -1506 1221.6
420 1205.3 -678.8
421 1400.4 -661.3
422 1201.5 -779.5
423 1203.2 -759.5
424 1407.1 -911.1
425 1216.7 -900.9
426 1360.8 -340.6
427 1367 -102.4
428 1372.7 -374.9
429 1219.6 -265
430 -1482.7 1063
431 1392.9 140
432 1134.7 -236.6
433 1079 124.1
434 792.1 -81.1
435 387 -415.4
436 353 -438
437 552 -316.7
438 486.7 -509
439 986.8 -125.2
440 1185.7 -241.9
441 -1167.3 316
442 577.6 -583
443 657.5 -519.7
444 555.5 -604.2
445 637.5 -606
446 865.6 -317.7
447 1449.2 -417.6
448 756.1 -487.2
449 680.3 -597.8
450 612.6 -427.3
451 1455.6 -526.7
452 -1113.8 242.9
453 1413.5 -575.8
454 1707.3 -553.4
455 1734.6 -376.1
456 1849.7 -589.1
457 1747.5 -179
458 1903 -401.2
459 1466.6 -355.6
460 2112.6 -157.6
461 632.4 -270.5
462 665.4 -251.9
463 -55.8 -2285.2
464 658.3 -317.4
465 798.7 -652.9
466 817.2 -802.6
467 819.3 -822.6
468 617.1 -829.6
469 212.6 -66
470 1508.3 14.8
471 1613.6 -15
472 1478.2 -122
473 1989.9 131.4
474 -1067.8 -2669
475 2054.3 -21.9
476 1852.3 79.6
477 2016.7 141.3
478 1972.5 214.3
479 2153 102.6
480 2180.3 -771.6
481 1799 -1118
482 1771.1 -1107.4
483 1741.6 -1160.3
484 2155.8 -859.1
485 -693 -2111.6
486 2216.1 -792.3
487 2152.6 -813
488 1680.8 -1352.8
489 1866.9 -1087.7
490 1708.5 -1061.6
491 1606.9 -951.6
492 1579.6 -1289.8
493 1755.7 -1235.8
494 1443.9 -946.6
495 1433.5 -1005.8
496 -528.7 -2507.1
497 -825.5 -1653.1
498 1601.4 -978.4
499 1404.4 -877.4
500 1364 -806
501 735.3 1747.1
502 762.1 1678.9
503 654 2520.4
504 699.3 2520.6
505 -1105.5 985.8
506 -524.7 910.2
507 -205.7 1098.2
508 -567.1 621.7
509 372.2 1231
510 417.9 1222.8
511 439.8 1156.7
512 497.1 1277.5
513 528.1 1311.2
514 626.3 1317.8
515 658.2 1238
516 698 1370.3
517 35.7 1252.8
518 -10.5 1250.8
519 -523.2 521.8
520 -1132.9 619.9
521 827.1 -873.5
522 -1315.4 884.5
523 -1219.2 691.1
524 -1210.7 588.9
525 -1326.5 540.2
526 -1422.4 673
527 -1392.3 1092
528 -1327 1521.3
529 -1306.7 1529.6
530 -422.3 701.7
531 -1571.3 1671.8
532 -1128.3 1579.3
533 -1241.3 186.5
534 -1203.2 311
535 -1203.5 369.8
536 -1085.6 192.5
537 -1205.2 420.3
538 -1163 567.5
539 -1211.2 592
540 -1447.9 480.7
541 -660.4 577.5
542 -1400.8 645.6
543 -1429.9 635.2
544 -970.5 658.2
545 -182 1498.2
546 -146.4 1346.2
547 -77.2 1222.2
548 -273.1 1098
549 -321.1 1038
550 -248.9 928.8
551 -258.1 1071.6
552 -658.4 800.8
553 -55.1 1037.1
554 49.7 1217.8
555 217.6 1245
556 234 1188.9
557 289.8 1233.1
558 94.8 1269.1
559 -696.2 2045.8
560 -300 1987.6
561 -74.1 1990.8
562 41.9 2034.2
563 -1018.7 866.2
564 166.5 2079.4
565 -606 1961
566 -621.2 2009.2
567 -661.7 1939.9
568 -677.4 1988.7
569 -726.1 1915.7
570 -739 1967.1
571 -708.8 1849.3
572 -774.7 1897.6
573 -760.8 1836.2
574 -975.4 782.4
575 -839.6 1844.1
576 -642.1 1866.5
577 -584.2 1882.4
578 -794.7 1979.1
579 -394.8 1411.3
580 -591.2 2364.3
581 -374.6 2239.5
582 288.2 1579.2
583 -120.1 -340.9
584 -416.7 -451.4
585 -1078.6 936.7
586 494.8 1311.9
587 556.8 1201.7
588 465.3 1040.4
589 264.7 1088
590 302.5 1107.3
591 260.9 957.7
592 199.7 931
593 164.7 1150
594 254.8 1202.6
595 -63.1 898
596 -1269.6 883.3
597 -128.7 997.2
598 -37.1 745.5
599 -119.5 864.1
600 -182.4 827.1
601 -187.2 963.4
602 31 708.8
603 54 1197.5
604 129 1235.2
605 280.8 -882.9
606 627.1 -848
607 -557.3 -2434.6
608 -728.7 805.2
609 259.6 -884.9
610 255.2 -798.5
611 -407.2 575.2
612 -621.6 476.6
613 -492.2 446.4
614 -375.7 215.4
615 -468 192.1
616 -353.3 732.8
617 -319.9 615.2
618 -291.8 526.9
619 -936 -443.9
620 -1024.2 289.2
621 -1298 510.7
622 -1219.1 545.6
623 -2147.6 370.4
624 -2113.9 473.8
625 -2167.6 232.8
626 -1880.5 462.1
627 -1349.2 530.4
628 -489.8 249.6
629 -581.8 161.9
630 -946.4 -186
631 475.2 638.4
632 -167 419.1
633 -253 397.7
634 -223.2 292.2
635 110.1 545.5
636 235.6 589.5
637 158.2 388.6
638 67.4 683
639 184.6 754.2
640 316.3 790.1
641 -901.4 -621.7
642 298.9 856.4
643 424.8 874.3
644 299.7 945.9
645 251.9 207.3
646 513.1 -244.7
647 537.3 -228.7
648 439.5 -279.8
649 568.7 -759.2
650 678.9 -693.3
651 409.4 -774.4
652 -1165.7 -463.1
653 481.6 -643.9
654 1679.8 -723.7
655 1653.6 -791.7
656 1515.7 -687.6
657 1744.7 -59
658 1698.6 -612.1
659 1487.8 -529.8
660 1478.2 -922.1
661 1541 -1083.5
662 1893.3 -40.7
663 -951.8 -33.5
664 1938.5 -179.5
665 2078 -15.3
666 384.9 -713
667 424.1 -855.3
668 324.7 -795.1
669 345.1 -866.1
670 361 -728.9
671 315.2 -769.7
672 208.6 -594
673 381.6 -484.5
674 -832.8 -0
675 263 -556.5
676 340.9 -509.2
677 481.5 300.3
678 1843.2 -920
679 1958 -1007.3
680 2157 -870
681 2148.4 -1152.5
682 1788 -1310.2
683 2022.1 -1335.1
684 1919 -1488.3
685 -983.2 106.3
686 1557.1 -1308.8
687 1324.3 -1451.6
688 1305.7 -1455.7
689 1695.7 -1205.9
690 336.6 -154.7
691 377.1 -150.1
692 279.6 -61.9
693 265.7 -34.1
694 391.5 65.4
695 227.5 -91.2
696 -1064.3 -63.3
697 416 -230
698 475.7 -99.6
699 618.3 -176.4
700 678.7 -138.5
701 -2.2 -921.7
702 -122.5 -929.8
703 134.4 -911.1
704 -50.1 -711.8
705 -157.3 -937.6
706 -149.2 -825.2
707 -712.7 33.9
708 -116.1 -948.8
709 14 -1224.7
710 -20.6 -837
711 -183 -366.4
712 57 -257.7
713 -225.4 556.6
714 -418.6 265.3
715 -596.7 227.2
716 -1101.6 -83.4
717 -1143.8 -246
718 -612 -2544.5
719 -678.4 -125.2
720 -1795.3 -228.4
721 -1590.9 -167.8
722 -1556.5 -279
723 -1267.9 -39.3
724 -1063.2 178.2
725 -1241.7 135
726 -1108.1 159.7
727 -1075 210.7
728 -2040 -378.2
729 -2296.6 -312.7
730 802.9 1615.5
731 -2417.9 64.2
732 -1456.8 752.7
733 -1048.8 85.5
734 -1136.9 311.5
735 -1229.9 -661
736 -1191.3 -706.2
737 -1194.2 -660.9
738 -937.7 -1242.2
739 -958.5 -1185
740 -962.2 -1294
741 867.2 1472.7
742 -1050 -986.7
743 -849 -909.5
744 -760 -1850.4
745 -788.8 -1857.1
746 -793.7 -1740.4
747 -456.9 -1699.2
748 -806.7 -1689.8
749 -477.4 -1649.2
750 -807.1 -1713.4
751 -556.9 -2464.9
752 192.6 1422.3
753 -598.1 -2488.3
754 -581.7 -2429.9
755 -978.9 -1246
756 -1005.6 -1171.9
757 -1177.7 -816.1
758 -989.4 -1210.9
759 -707.1 -2119.2
760 -1166.8 -1955.5
761 -616 -2445.1
762 -633.7 -329.2
763 323.6 1439.2
764 -595.9 -514.3
765 -1506.7 1320.9
766 -1526.8 1447.6
767 -1531.7 1478.6
768 -1553.9 1599.9
769 -1677.2 1903.5
770 -1814.1 2262.5
771 -1839.2 2372.7
772 -2227 -492.9
773 -2371 -119.8
774 215.5 1286.7
775 -2031.2 -1450.2
776 -1584.6 -1235.8
777 -2012.5 -1807.7
778 -1616.5 -75.5
779 -1458.2 -2044.4
780 -1564.9 -1679.2
781 829 -214.6
782 57.8 2424.2
783 98.6 -1550.2
784 52.8 -1462.3
785 148.2 1023.1
786 135.6 -1434.1
787 166.6 -1860.4
788 143.4 -1783.1
789 200 -1958.7
790 -62.9 -2014.5
791 204.4 -2010.6
792 506.2 -1802.2
793 340.5 -1080.1
794 -871.5 1915.1
795 -1038.5 1908.8
796 4.8 938.2
797 -1020.3 1511.1
798 -628.2 877.6
799 -157.6 297.9
800 128.1 -424.2
801 -701.3 -854.2
802 -656 -1158
803 -681.7 -1166.9
804 -643.2 -1174.7
805 -1204.2 429.4
806 -1220.5 450
807 97 1117.7
808 -361.9 865.1
809 -425.3 970.6
810 -1055.9 -1307.1
811 -899.2 -1493.1
812 -866.3 -1487
813 -572.6 -1431.2
814 -888.5 -1384.3
815 247.2 -1120.5
816 -263.1 -1391.7
817 379.3 -1236.1
818 209.4 1058.1
819 679.4 -964.7
820 -883.1 -1564.7
821 -692.8 -1189.3
822 -1267.5 2083.9
823 -1167.7 1843.6
824 -1111.3 2051.9
825 -622.4 1790.5
826 1600.4 105.7
827 -1284.9 -2754.1
828 -1351.5 -2451.1
829 -471.9 -2756.5
830 -35.1 1391.6
831 -1264.2 -2945.9
832 -1280.6 -2786.1
833 -1120.9 -2912.9
834 -863.7 -2835.1
835 -921.7 -2622.9
836 -489 -2734.6
837 -749.5 -2829
838 -445.2 -2714.3
839 -554.9 -2495.1
840 -1244 -3138.6
841 67.5 1403.1
842 -1073.7 -3109
843 727.9 -2482.8
844 727.5 -2350.7
845 827.7 -2448.5
846 708.9 -2312
847 706.4 -2408
848 -624.4 -2486.4
849 -1157.5 -2689.6
850 -1061.6 -2370.7
851 -1145.8 -2718.9
852 -10.9 1338.9
853 -621.6 -2527.4
854 -219.8 -2352.8
855 221.1 -2202.1
856 214.4 -2174.9
857 338.6 -2462.7
858 621.4 -2049.5
859 696.2 -2265.8
860 608.1 -2025
861 2.2 -2254.2
862 9.6 -2279
863 -97.3 1533.3
864 845 -1885
865 1262.3 -1490
866 1030.1 -1686.6
867 521.2 -1782.6
868 1740 -1422.3
869 1686.8 -1317.5
870 1631.6 -1348.8
871 824.2 -1863.4
872 1097.6 -2154.8
873 1048.8 -1713.8
874 2253.2 -525.4
875 697.2 -1716.7
876 628.2 -1272.6
877 411.3 -1343.8
878 1358.8 -2316.5
879 1551.5 -2071.8
880 920.3 -2500.4
881 1139.6 -2185.7
882 162.4 -2220.6
883 -102.9 -2621.7
884 -313.9 -2133.1
885 2183.5 -404.2
886 -489.5 -2435.6
887 -11.1 -2938.9
888 -90.2 -2643.3
889 124.2 -2629.1
890 -312 -3021.1
891 690.8 -2555.5
892 110.8 -1359.7
893 -205.6 -1558.2
894 -157.9 -1708.7
895 -128.9 -1527.1
896 1632.1 630.8
897 -293.8 -1315.9
898 -383.9 -1089.4
899 462.4 -1672.9
900 796.9 -1219.9
901 833.9 -1311.7
902 700.4 -1016.7
903 1017.9 -1195.4
904 1375.4 -1276.6
905 1418.3 -1089.5
906 1222.3 -1225.6
907 1616 610.8
908 1464.9 -1342.6
909 1349.8 -1414
910 1309.9 -1445.2
911 -1196.9 -1864.9
912 -820 -1751.1
913 -1298.9 -1580.7
914 -415.2 -1832.8
915 -584.5 -1379
916 -598.7 -1330
917 -667.3 -2271.5
918 1867.9 480.2
919 -632.9 -2262.9
920 -678.6 -2130.5
921 961.7 -1580.1
922 903.9 -1460.6
923 1189.8 -1382.8
924 1237.7 -986.9
925 1029.2 -977
926 1030.1 -864.1
927 112.4 -1689.4
928 -83.1 -1941.7
929 1611.2 674
930 -132.7 -1782
931 -197.5 -1203.4
932 -938.9 -1372.8
933 -808 -1771.7
934 732.4 1072.5
935 153.8 898.8
936 -1303.8 1999.6
937 -1460.3 1933.8
938 -1289.1 1964.1
939 -1431.5 1882.6
940 -635.3 -2427.1
941 1063.1 1051.1
942 -1011.1 1849.7
943 -847.3 1822.6
944 -1079.8 1822.3
945 -948.6 1725
946 -1048.1 1739.1
947 -1206.1 1769.3
948 -1018.4 1671.5
949 -1171.8 1685.5
950 -1261.9 1898.5
951 257.4 -347.8
952 1135.9 1021.2
953 520.6 200.2
954 458.7 115.4
955 486.5 131.3
956 615.2 199.9
957 412.1 21.2
958 519.8 69.5
959 713.3 81.9
960 768.5 -49.2
961 1987.5 -1029.2
962 2253.2 -136.9
963 1129.6 1083.4
964 2194.8 12.8
965 2048.9 62.5
966 855.3 -316.1
967 -697.5 1461.7
968 1582.5 711.2
969 501.7 1310.5
970 830.1 1447.3
971 810.7 1623.7
972 671 1374.3
973 -378.8 -3026.8
974 915.8 1059
975 -360.3 -2902.3
976 -376.3 -2890.2
977 -417.6 -2930.9
978 -829.2 -3155.4
979 102.7 -2562.8
980 354.2 -2613.9
981 349.6 -2559
982 542.1 -2617
983 540.2 -2581.4
984 678.2 -2608.6
985 709.5 1071.3
986 852.8 -2462.8
987 1197.7 -1878.4
988 1246.2 -1544.2
989 1453.5 -1600.6
990 1433.9 -1594.4
991 1684.9 -1437.1
992 1285.1 -1519.6
993 1535.3 -1371
994 737.5 -2277.8
995 820.3 -2485
996 399.4 1014.1
997 511.2 -2428.9
998 702.2 -2290.5
999 692.3 -2198.9
1000 -2494.6 470.9
1001 -2200.6 472.8
1002 686.8 1061.1
1003 143.3 853.1
1004 -4.5 2124
1005 -1524.6 1367.1
1006 -1439.9 491.3
1007 593.6 1070.8
1008 587.4 -1089.2
1009 834.8 -924.5
1010 1029.6 -931.2
1011 633.3 -1351.1
1012 -482.7 -73.8
1013 -1101.5 -1262.6
1014 -1094.8 -1294.9
1015 -349.8 2235.7
1016 -301.4 2228
1017 -955.9 2251.4
1018 -1195.5 -456.1
1019 -926.2 2097.5
1020 -755.7 2367.1
1021 73.6 1263.7
1022 -350.7 -836.9
1023 841.6 -261.6
1024 939.9 -294.2
1025 1173.6 215.9
1026 1184.6 87.5
1027 1196.6 0.3
1028 870.4 -171.5
1029 -1106.9 -223.2
1030 832.6 -187.1
1031 1789.2 -747.5
1032 1483.4 -592.9
1033 1402.5 -619.2
1034 1472.2 -677.7
1035 1478.2 -633
1036 1471 -1103.4
1037 652.8 -632
1038 -1092.4 -138.1
1039 -918.8 682.5
1040 -776.1 -383.1
1041 -1039.1 636.2
1042 541.7 1300.7
1043 676.8 1368.8
1044 822.3 1638.3
1045 821.7 1467
1046 461 1279.6
1047 -46.8 1192
1048 134.4 1246.5
1049 24.6 1226.8
1050 121.5 1265.2

# Edges
0 1
0 42
0 163
1 16
1 868
2 64
2 607
2 718
2 940
3 641
3 764
3 801
3 1040
4 5
4 259
4 608
5 608
5 798
6 246
6 259
6 798
7 92
7 608
8 452
8 533
8 534
9 112
9 738
9 821
10 758
10 1013
10 1014
11 738
11 739
11 803
12 485
12 496
13 15
13 31
13 195
14 630
14 674
14 719
14 1040
15 31
15 1001
16 17
16 988
17 18
17 993
18 163
18 993
19 627
19 1006
20 73
20 452
20 726
21 22
21 119
21 164
21 535
22 535
23 24
23 452
23 620
24 53
24 734
24 805
25 36
25 47
25 188
25 1018
26 526
26 732
27 525
27 526
28 53
28 621
28 806
29 92
29 520
29 622
30 626
31 624
32 137
32 348
32 968
33 408
33 768
33 1005
34 483
34 493
34 689
35 37
35 134
35 679
36 58
36 60
37 383
37 487
38 39
38 40
40 91
40 178
41 835
41 851
42 88
42 385
43 1005
44 73
44 756
44 933
45 46
45 48
45 49
45 938
45 950
46 938
46 950
47 183
47 185
47 187
48 939
49 939
50 811
50 820
50 912
51 52
51 812
52 748
52 750
52 812
53 734
54 717
54 1018
55 753
55 835
55 853
56 753
56 835
56 848
57 751
57 754
57 886
58 90
58 91
58 776
59 754
59 886
59 919
60 179
60 776
61 62
61 63
61 125
61 672
61 800
62 65
62 951
63 436
63 676
63 951
64 474
64 940
65 66
65 67
65 712
66 299
66 317
66 318
67 103
67 263
67 299
67 712
68 69
68 517
68 969
69 72
69 259
70 71
70 503
70 504
71 146
71 147
71 149
72 539
72 540
73 208
74 76
74 77
74 78
74 79
75 86
75 933
75 940
76 81
76 82
76 101
77 78
77 92
77 93
78 82
78 620
79 93
79 101
79 612
80 81
80 82
80 674
80 685
81 83
81 84
82 100
83 101
83 715
84 96
84 707
85 87
85 88
86 829
87 89
87 829
88 274
89 341
89 485
90 742
90 756
90 757
91 1013
92 506
92 520
92 524
92 552
92 574
93 541
94 95
94 96
94 98
95 96
95 629
97 108
97 119
97 130
97 141
98 99
98 308
98 615
99 102
99 614
100 620
100 685
100 724
102 103
102 286
102 308
103 104
104 295
104 321
104 799
105 106
105 107
105 955
106 359
106 409
107 109
107 110
107 111
107 344
107 434
107 956
108 191
108 533
109 956
109 959
110 293
110 303
110 355
111 299
111 346
112 497
112 812
112 814
113 497
113 739
113 1038
114 509
114 763
114 774
115 116
115 117
115 513
115 763
116 118
116 120
117 121
117 122
117 730
118 227
118 763
119 152
119 194
120 159
120 226
120 227
121 159
121 502
122 513
122 516
122 969
122 1045
123 124
123 125
123 126
123 129
124 704
124 706
125 704
125 800
126 297
126 584
126 711
127 128
127 129
127 764
127 801
128 332
128 1022
129 584
129 1022
130 534
130 535
131 132
131 509
131 511
131 996
132 590
132 996
133 134
133 135
133 679
134 142
134 391
134 456
134 480
134 486
134 874
135 478
135 484
136 137
136 138
136 143
136 963
137 143
138 207
138 348
139 372
139 376
139 907
140 309
140 376
140 907
141 190
141 193
141 194
142 885
143 144
143 396
144 145
144 741
145 395
145 396
146 148
146 162
147 148
147 149
148 150
149 154
149 160
150 151
150 153
150 154
151 161
151 166
152 164
152 175
152 186
153 166
153 236
153 564
154 158
154 236
155 156
155 157
155 217
156 168
156 503
157 161
157 168
157 169
158 159
158 160
158 226
159 501
160 501
161 162
161 165
162 168
163 689
164 621
164 627
165 166
165 167
165 169
166 218
167 218
167 220
167 292
167 782
169 217
170 171
170 172
170 1000
171 197
171 542
172 1041
173 174
173 1039
173 1041
174 1042
174 1047
175 186
176 177
176 178
176 329
176 780
177 777
178 776
179 180
179 181
180 182
180 183
181 775
182 183
182 184
184 187
185 188
185 189
186 626
187 728
188 722
189 720
189 722
190 191
190 192
190 720
191 778
192 193
192 728
192 729
193 625
193 731
194 623
194 626
195 196
195 623
196 625
196 731
197 208
197 539
198 199
198 200
198 201
198 528
199 235
199 532
199 797
200 419
200 430
200 765
201 505
201 527
202 203
202 351
202 643
202 644
202 996
202 1002
203 204
203 205
203 394
203 985
204 350
204 351
205 396
205 974
206 207
206 209
206 210
207 347
207 952
209 306
209 309
210 305
210 306
210 347
211 212
211 213
211 617
211 632
211 713
212 600
212 616
212 808
212 809
213 312
213 598
213 600
214 215
214 559
214 575
214 578
214 794
214 795
214 824
214 1019
215 216
215 1017
216 285
216 559
217 782
218 564
218 1004
219 230
219 369
220 221
220 225
220 1004
221 222
221 223
221 224
222 225
222 1016
223 266
223 1016
224 283
224 561
224 1004
225 292
226 236
226 239
227 228
227 239
227 582
228 229
228 231
228 260
229 242
229 863
230 241
230 365
231 582
231 752
232 233
232 234
232 272
232 579
233 254
233 256
233 257
234 247
234 248
234 254
235 255
235 943
236 237
237 238
237 239
237 564
238 240
238 260
239 260
240 242
240 243
241 252
242 251
242 260
243 244
243 245
243 251
244 333
244 560
244 561
245 249
245 264
245 265
246 257
246 278
246 585
247 249
247 250
247 265
248 253
248 261
248 262
249 251
249 545
250 267
250 545
250 579
251 863
252 344
252 357
253 254
253 255
254 967
255 257
255 575
255 797
255 967
256 272
256 273
256 278
257 967
258 259
258 276
258 548
259 277
259 798
259 809
261 265
262 333
262 577
262 825
263 275
263 286
264 265
264 333
266 283
266 291
266 581
266 1015
267 268
267 269
267 271
268 545
268 546
268 830
269 279
269 280
269 281
269 546
270 271
270 272
270 273
270 279
271 579
273 276
273 277
274 385
274 496
275 583
275 712
276 277
276 279
277 278
279 548
280 546
280 547
280 852
281 507
281 517
281 547
281 548
281 553
281 554
281 1049
282 283
282 284
282 289
282 565
283 560
284 333
284 560
284 577
285 287
285 288
285 580
286 297
286 583
287 580
287 581
288 289
288 290
288 291
289 566
290 559
290 566
292 782
293 294
293 301
293 631
294 353
294 354
294 355
295 296
295 298
295 299
296 353
296 637
296 645
297 308
297 319
298 310
298 321
298 637
299 469
300 301
300 302
300 303
301 349
302 358
302 399
303 345
303 356
304 305
304 306
304 358
305 399
306 307
307 362
307 367
308 1012
309 320
310 311
310 312
311 602
311 635
312 632
313 314
313 315
313 316
313 796
313 935
314 315
314 602
315 595
315 598
316 1002
316 1003
317 690
317 695
317 697
318 435
318 648
318 951
319 584
319 762
319 1012
320 366
320 370
320 371
321 632
322 323
322 324
322 913
323 324
323 810
323 811
324 755
324 810
324 821
325 326
325 327
325 898
326 708
326 931
327 331
327 332
327 705
328 329
328 803
328 1014
329 913
330 341
330 463
330 607
331 1022
332 802
332 898
334 335
334 336
334 337
335 769
335 937
336 338
337 769
337 770
337 771
338 339
339 822
339 936
340 342
340 343
340 939
341 607
342 529
342 531
343 823
343 947
343 950
344 345
344 346
345 357
346 953
347 368
348 907
349 350
349 631
351 631
352 363
352 536
352 542
353 636
354 631
354 636
354 640
355 677
356 357
356 358
357 362
359 360
359 361
360 433
360 1026
361 1025
362 364
362 365
363 408
363 1005
364 366
364 367
365 366
366 369
368 398
369 379
370 372
370 376
370 377
371 377
371 379
372 373
373 381
373 971
374 386
374 522
374 732
375 382
375 896
375 918
377 378
378 379
378 387
378 388
378 826
379 389
380 431
380 1025
381 382
381 383
381 387
382 384
382 478
383 473
384 390
384 918
385 882
386 397
387 476
388 471
388 476
388 657
389 431
389 470
389 826
390 477
390 479
391 392
391 393
392 885
392 962
393 680
393 681
394 395
394 396
395 515
395 516
397 408
397 419
397 430
398 399
398 974
400 517
400 518
400 852
401 402
401 403
401 406
401 407
402 404
402 418
402 465
403 448
403 449
403 465
404 405
404 423
404 466
404 467
405 422
405 926
406 415
406 417
406 418
407 414
407 446
407 448
407 966
409 411
409 433
410 411
410 412
410 413
410 439
411 434
412 434
412 462
412 781
412 960
412 1030
413 432
413 433
414 415
414 416
415 417
415 432
416 432
416 439
417 447
417 451
418 420
418 421
420 423
421 500
421 1033
421 1034
422 423
422 424
422 425
423 500
424 488
424 494
425 924
425 1010
426 427
426 428
426 429
427 431
427 472
428 447
428 459
429 440
430 527
432 440
435 436
435 437
435 438
436 673
437 450
437 461
437 646
438 442
438 450
439 1028
441 452
441 534
441 535
442 443
442 444
442 445
443 448
443 449
443 450
444 653
444 1037
445 449
445 1037
446 1024
446 1030
447 459
448 464
451 453
451 659
452 620
452 696
452 716
452 727
452 734
453 1032
453 1033
454 455
454 456
454 658
454 659
455 457
455 458
455 459
456 1031
457 472
457 657
457 664
458 885
459 472
460 475
460 664
460 665
460 885
460 962
461 462
461 464
462 699
463 474
463 687
464 1023
465 466
465 650
466 467
466 468
467 521
467 606
468 606
468 649
468 667
469 693
469 695
470 471
470 472
471 826
473 475
473 476
475 662
475 665
476 662
477 478
477 965
479 964
479 965
480 487
480 679
481 482
481 483
481 489
482 489
482 490
483 489
483 490
483 492
483 493
483 498
483 682
483 689
484 486
484 869
485 497
486 680
487 488
488 868
489 678
489 679
489 683
489 961
490 491
491 498
491 655
491 660
492 686
492 908
493 682
494 495
494 498
495 905
495 924
496 607
496 718
498 661
499 500
499 660
499 869
501 502
501 730
502 730
503 504
505 585
505 596
506 552
506 809
506 1039
507 551
507 597
508 519
508 530
508 541
508 552
509 510
509 557
509 763
509 1046
509 1049
510 511
510 512
511 587
511 588
512 513
513 514
513 586
513 587
513 972
513 1043
514 515
514 516
515 587
516 970
516 1042
517 518
517 1021
517 1050
518 547
519 611
519 612
519 613
520 524
521 926
521 1009
522 527
522 596
523 524
523 526
523 574
523 596
524 525
525 621
525 627
526 732
528 529
528 767
529 532
530 611
530 616
531 768
531 769
532 948
532 949
533 725
536 537
536 1038
537 538
538 543
538 544
539 542
541 612
544 1039
544 1041
545 863
548 551
549 550
549 551
549 809
550 600
550 601
550 808
551 601
553 597
553 796
553 807
554 603
554 604
554 1048
555 556
555 557
555 604
556 589
556 593
556 594
557 594
558 774
558 841
558 1021
559 568
561 562
562 564
562 1004
563 574
563 585
563 596
563 608
565 566
565 567
565 577
566 568
567 568
567 569
567 576
568 570
569 570
569 571
569 572
570 578
571 573
571 576
572 573
572 575
572 578
575 943
576 577
576 825
580 1020
581 1015
582 763
583 711
584 764
586 1046
587 1007
588 996
588 1007
589 590
589 818
590 594
591 592
591 818
591 996
592 785
592 935
593 604
593 807
593 818
595 597
595 599
595 796
597 601
598 599
599 600
599 601
602 638
603 807
605 606
605 609
605 610
605 669
605 793
606 819
609 610
609 701
609 703
609 793
610 671
610 672
610 710
611 617
613 618
613 714
614 615
614 714
615 628
615 629
616 617
617 618
618 633
618 713
619 630
619 641
619 652
619 1040
621 622
622 806
623 624
623 625
624 1001
627 1006
628 714
628 715
629 715
630 663
630 1029
631 643
632 633
632 713
632 799
633 634
634 714
634 799
635 636
635 637
635 638
636 639
639 640
639 1003
640 642
641 737
641 743
642 643
642 644
644 1003
645 677
646 647
646 648
647 698
647 699
648 697
649 650
649 651
649 653
650 1037
651 666
651 667
651 668
652 737
652 1018
652 1029
653 666
653 673
654 655
654 656
654 658
654 1031
655 678
656 660
656 1034
657 662
658 1032
659 1032
661 1036
663 674
663 685
663 696
665 964
665 965
666 670
667 669
668 669
668 671
670 671
670 675
672 675
672 704
673 676
674 707
675 676
677 953
678 679
679 961
680 961
681 683
681 961
682 684
682 991
683 684
684 991
685 733
686 687
686 688
687 870
688 865
688 870
690 691
690 692
691 697
691 698
692 693
692 695
692 957
693 694
694 954
694 957
696 716
696 733
696 1029
698 700
698 957
699 700
700 960
701 702
701 703
701 708
701 710
702 705
702 706
702 708
703 815
704 710
706 1022
707 719
708 709
709 815
709 816
709 892
712 800
716 717
716 723
716 726
718 829
719 762
719 1012
720 721
720 728
721 722
721 723
721 778
723 725
724 727
724 733
725 726
727 1038
728 772
729 772
729 773
730 741
731 773
735 737
735 757
735 1018
736 737
736 742
738 739
738 740
739 742
739 755
739 803
740 755
740 810
740 932
741 970
741 1045
742 743
743 801
744 745
744 746
744 747
744 920
745 759
745 760
745 912
746 748
746 749
746 750
746 912
747 749
747 893
747 914
749 813
750 912
751 753
751 754
751 839
751 854
752 763
752 774
752 841
753 761
753 836
753 839
753 848
753 853
755 758
756 758
759 917
760 779
760 850
760 911
761 917
762 764
762 1040
765 766
766 767
767 768
775 776
775 777
779 780
779 828
780 913
781 1023
783 784
783 786
783 927
784 786
784 895
785 796
785 807
785 818
786 877
786 892
787 788
787 789
787 928
788 899
788 927
789 790
789 791
790 861
790 884
790 928
791 792
791 856
792 860
792 867
792 899
793 815
793 817
793 819
794 942
794 943
795 823
795 824
795 942
801 802
802 803
802 804
804 821
804 898
804 916
805 806
808 809
811 812
811 820
811 932
812 813
812 814
813 816
813 915
814 916
816 893
816 897
817 877
817 892
817 1008
819 902
820 912
822 823
822 824
827 828
827 832
827 849
828 850
830 841
830 852
830 863
831 832
831 833
831 840
832 851
833 834
833 842
834 835
834 837
834 978
835 848
835 849
835 850
835 853
836 837
836 838
836 977
837 978
838 839
838 883
838 888
838 976
839 854
840 842
842 978
843 844
843 845
844 994
844 999
845 986
845 995
846 847
846 998
847 891
847 998
849 851
850 917
854 861
854 862
854 883
854 884
854 886
855 856
855 857
855 858
855 882
856 860
856 861
857 981
857 997
858 859
858 860
858 864
858 999
859 998
860 867
860 871
861 862
862 882
864 871
864 872
864 873
865 866
865 910
866 871
866 873
866 921
867 875
867 899
869 870
871 875
872 881
872 986
872 987
873 987
873 988
874 885
875 921
875 1011
876 877
876 900
876 1008
876 1011
877 899
878 879
878 880
878 881
879 987
879 989
880 881
880 984
880 986
881 987
883 888
883 979
884 914
884 919
887 888
887 889
887 890
888 889
889 979
889 980
890 975
891 983
891 984
891 995
893 894
893 895
894 895
894 914
894 930
896 907
896 918
896 929
896 1044
897 898
897 915
897 931
900 901
900 902
900 903
901 903
901 922
901 1011
902 1008
902 1009
903 906
903 925
904 905
904 906
904 908
904 909
905 1036
906 923
906 924
908 909
909 910
910 923
911 912
911 913
915 916
917 919
919 920
921 922
921 923
925 1010
926 1010
927 930
928 930
929 968
932 933
934 935
934 996
936 937
936 938
937 939
941 952
941 963
941 974
942 944
942 945
943 945
944 946
944 947
945 948
946 948
946 949
947 949
952 963
954 955
954 956
955 958
957 958
958 959
959 960
962 964
966 1023
969 972
970 1045
971 972
973 975
973 977
975 976
976 977
979 981
980 981
980 982
981 983
982 983
982 984
983 997
985 996
985 1007
986 994
986 995
987 989
987 990
988 992
989 990
989 991
990 991
990 992
991 993
992 993
994 999
997 998
1000 1001
1009 1010
1013 1014
1015 1016
1017 1019
1017 1020
1021 1050
1025 1026
1026 1027
1028 1030
1032 1035
1033 1035
1034 1035
1042 1043
1043 1044
1047 1048
1047 1049
