# Nodes
0 197.9 -1542.8
1 543.6 -2119.3
2 602.7 -1372.3
3 1144.7 -2111.2
4 958.6 -2314.3
5 -1256.1 700.6
6 -971.2 -791.4
7 -748.4 -999.7
8 -648.6 -848.7
9 -548.1 143.7
10 -517.9 478.5
11 -573.3 113.7
12 -557.1 12.3
13 -801.5 107.1
14 1273.9 -2081.4
15 1194.4 -2161.2
16 1543.8 -2380.9
17 1388 -2316.7
18 1535.3 -2536.3
19 1607.3 -2499.7
20 1325.4 -2688.4
21 1565.2 -2592.6
22 120.5 488.5
23 -252.7 552.2
24 -579 75.8
25 -416.4 -205.6
26 -141.2 -298.6
27 -557.7 -243.5
28 -890.4 1578.4
29 -901.4 1542
30 -849.8 -576.9
31 -1468.9 -208
32 -1438.9 -250.5
33 -1570.9 -214.5
34 -1391.1 -318.1
35 -612.4 -257.9
36 -1339.2 -390.1
37 331.2 566
38 544.3 646.5
39 189.6 741.8
40 1238.9 415.2
41 906.7 426
42 1201.2 403.8
43 1235.2 258.5
44 1253 877
45 1048.4 940.5
46 -529 -493.9
47 1248.8 728.5
48 1246 639
49 1196.4 640.5
50 1243.3 536.9
51 1131.3 649.2
52 849 -1611.7
53 880.5 -1646
54 803.7 -1652.1
55 1002.6 -1785.6
56 644.1 -1753
57 -461 -776.5
58 670.2 -1739.7
59 678.4 -1786.2
60 687.6 -1756.4
61 564.6 -1591.7
62 504.2 -1483.5
63 839.2 249.8
64 770.6 109.4
65 759.6 271.6
66 789.7 380.5
67 895.7 -55.2
68 -422.3 -950.1
69 1233.6 190.6
70 1228.9 1.8
71 1142.5 206.7
72 1091 129.6
73 971.5 361.3
74 1091 351.5
75 961.9 -69.5
76 1224.4 -80.8
77 1156.7 290.6
78 1172.2 351.7
79 -669 -887
80 1092.8 407.6
81 757.4 62.4
82 718.9 124.6
83 745.2 13.8
84 845.3 -17
85 837.8 -46.2
86 735.7 -29.2
87 797.7 428.8
88 711.2 443.4
89 759.3 312.6
90 -416.8 -996.6
91 706.6 419.3
92 689.4 -22.2
93 888.2 364.8
94 819.2 473.1
95 978.5 690.7
96 1154.8 429.9
97 836.8 439.1
98 912.6 468.8
99 841.2 471.9
100 911.5 546.1
101 -314 -982.6
102 912.4 508.1
103 850 564.1
104 743.4 1390.6
105 1050.8 1284.6
106 670.4 1410.5
107 1046.4 1045.2
108 991.2 1031.3
109 1260.4 1100.5
110 963.7 1024.4
111 950 971.2
112 335.4 -1795.6
113 -257.8 -836.9
114 871.7 994.7
115 656.4 1062.5
116 897.2 775.6
117 1262.1 1210
118 970.5 965
119 -215.2 1300.2
120 -277.9 1327.9
121 46.5 1232.2
122 -187.9 1563
123 -262.3 1582.8
124 -407.7 -467.9
125 -704.1 1677.1
126 -656.4 1657.9
127 -701.8 1555
128 -708.9 1442.6
129 -712.8 1302.2
130 -613.7 1408.4
131 -1075.5 1422.2
132 -1049.2 1421.5
133 -691.4 -1137
134 -524 -1165.7
135 -544.8 -431.9
136 -1648.1 -319.7
137 -1650.3 -373
138 -210.6 -177.8
139 -73 -248.1
140 112.9 -687.8
141 398.8 132.5
142 495.8 78.1
143 432.7 253.5
144 -253.3 -708.3
145 -380.2 -513.6
146 -689.7 -106.7
147 -451.7 -405.6
148 -648.6 -101.1
149 1101.3 -2048.9
150 1179.9 -1976.4
151 961.4 -1826
152 -968.2 1303.2
153 -1090.6 1305.8
154 -993.6 1213.9
155 -899.3 1213.7
156 -1024.3 1101.6
157 51.6 -832.2
158 -894.6 890.7
159 -891.7 981.7
160 -1084.7 884.7
161 -915.8 649.8
162 -1016.9 663.8
163 -904.2 776
164 -1100.3 827.7
165 -1003.6 791.1
166 -1139.4 684
167 -1281.1 170.8
168 184.8 -803.1
169 -1393.9 206.9
170 -1223.7 152.5
171 -1297.5 74
172 -1307.3 26.3
173 -1231.1 1
174 -1312 -21.3
175 48.1 -1314.2
176 22 -1349
177 88 -1266.5
178 -14.2 -1339.7
179 221.4 -984.5
180 -27.6 -1433.6
181 253.6 -1421
182 214.1 -1462.2
183 326 -1499
184 -318.8 -1197.7
185 -271.2 -872
186 -181.9 -1017.2
187 -183.4 -911.5
188 -159.7 -918.2
189 -155.8 -1023.1
190 -0 -780
191 71.2 -1001.4
192 -158.8 -1208.7
193 -158.7 -1343.4
194 -318.6 -1334
195 -319.5 -1223.4
196 -297.9 -1414.7
197 -634.8 -518.5
198 -1136.4 -407.5
199 -1172.4 -517.5
200 -1048.3 -633.2
201 -161.1 -864
202 -1206.7 -578.7
203 -926.2 -691.5
204 -1204.9 881.8
205 -718.8 1017.2
206 -720.2 896.3
207 -629.9 1015.4
208 -617.3 1300.6
209 -621.3 1210.5
210 -533.8 1299.3
211 -533.2 1393
212 -363.6 -799.9
213 -714.4 1211.9
214 -716 1140.8
215 -646.8 742.5
216 -661 620.3
217 -633.9 895.8
218 -738.9 755.2
219 -1148.4 1066.8
220 -1142.3 1111.6
221 -813.9 1212.9
222 -907.6 1305.1
223 423.8 -1490.2
224 -225.1 -750.1
225 -1114.2 1214.7
226 -534.6 1208.9
227 -626.7 1086.9
228 -717.2 1089.3
229 -534 1247.9
230 -887.8 1097.7
231 -917.5 1409.5
232 -422.1 1354.3
233 -286.4 1315.4
234 -168.9 1556.4
235 -463.6 -741.6
236 -139.7 1551.5
237 -857.1 1557.5
238 -390.5 1596.6
239 179.9 1379.3
240 210.6 1495.3
241 125.1 1210.5
242 98.7 1077.2
243 268.2 1030.1
244 63.9 942.4
245 729.4 -2543.6
246 -422.4 -752.7
247 753.8 -2516.8
248 -120.6 1261.9
249 749.3 275.3
250 740.5 244.5
251 676.7 294.7
252 721.2 173.5
253 538.7 223
254 513.7 135.5
255 512.4 340.1
256 460.4 353.6
257 -595.7 -725.3
258 522.9 377.6
259 565.2 366
260 554 328.2
261 -426.2 1150.4
262 -423.9 1246.6
263 233.3 212
264 -368.3 1009.8
265 -535.5 1150.8
266 -1362.9 332.4
267 -1531 -82.7
268 275.3 -943.7
269 -1399.1 -211.9
270 -1470.7 -413.7
271 -1650.7 -453
272 -1650.1 -413.4
273 -1492 -4
274 -1563.6 -437.5
275 327.7 147.6
276 1133.5 430.6
277 1193.5 509
278 1032.7 433.7
279 -11.7 -490.6
280 1137.4 491.9
281 1035 494.4
282 672.2 444.8
283 717.3 488.8
284 607.7 446.5
285 805.5 473
286 834.2 516.5
287 1083.8 493.6
288 1142.2 513
289 1012.1 530
290 10 -542.3
291 1195.5 610.8
292 1236.9 507.3
293 514.1 547.7
294 1135.8 599.3
295 821.1 519
296 747.1 539
297 1077.5 546.3
298 628.6 572.2
299 760.7 588.4
300 530.7 599.7
301 -89.5 -538.4
302 155.5 610.6
303 864.5 606.2
304 781.1 661.6
305 641.8 621.6
306 584.4 634.6
307 961.2 633.1
308 1082.3 662.2
309 666.3 777
310 -801.3 144
311 -309.1 535.8
312 -376.8 69.6
313 -274.5 492.3
314 -99.6 1211.5
315 -70.6 1261
316 -988.5 -502.3
317 -1234.8 -352.6
318 -304.1 421.6
319 -522.9 107
320 594.8 107
321 669.5 263.6
322 638.4 271.6
323 -528.5 68.2
324 647 302.8
325 687.2 332.4
326 594.7 317.1
327 658 340.4
328 605.2 355
329 580.5 423.6
330 623.8 422.1
331 536.1 425.1
332 -1569.4 -316.9
333 288.9 1105.3
334 478 -1481.1
335 360.4 -1112.6
336 -187.1 845.3
337 905.3 907.7
338 750.2 969.9
339 833.4 850.9
340 925.8 883.4
341 -144.3 1000.5
342 1648.6 -2584.2
343 1346.7 -2722.3
344 1185 888.8
345 1152.2 -2163.7
346 423.9 -1169.2
347 -429.5 1010.4
348 -537.7 1011.6
349 -432.6 779.5
350 -484.8 589.7
351 -223.5 714.5
352 -1413.3 -492.4
353 -1474.7 -548.3
354 -1259.1 -676.1
355 -1539.7 -602.6
356 -1475.5 -682.3
357 -169 -588.4
358 -1030.8 532.2
359 755.4 813.9
360 935.1 916.8
361 954.4 909.7
362 -778.3 -735.3
363 -1392.5 51.5
364 -1369.4 97.5
365 -1429 115.1
366 -1228.9 55.1
367 -1321.4 -62.8
368 -283.9 -662.3
369 -1436.9 -28.3
370 -1414.9 7.8
371 -1473.1 26
372 -1284.8 -402.4
373 1001.8 568.8
374 1070 582.8
375 947 584
376 880.9 654.9
377 1065.8 604.1
378 1074.6 636.2
379 -288.4 -394.9
380 169.9 -1058.2
381 127.8 -1063.5
382 54.6 -1051.4
383 267.4 -1516.9
384 175.4 -1502.1
385 127.5 -1378.4
386 95 -1413.3
387 165.5 -1339.1
388 202.3 -1299.9
389 -166 -1455.6
390 152.1 -525.5
391 -377.2 -1237.6
392 -576.4 -1052.5
393 -597.3 -1129
394 -1011.1 -918.9
395 -840.8 -1116.1
396 -343.4 62
397 790.6 -1556.8
398 -1052.7 -1057.5
399 -1136.4 -832.9
400 550.4 -1601.7
401 -1241 318
402 -47.8 -1483.8
403 -671.9 495.9
404 -763.3 505.2
405 -1007.6 -774.7
406 -1233.6 -627.5
407 -1167.1 -632.5
408 -1315.6 -423.1
409 -805.7 1127.2
410 -814.5 1168.7
411 -848.5 1153.6
412 -1177.9 549
413 -209.2 -1455.6
414 -980.7 78.8
415 654.2 696
416 605.9 707.7
417 -753.9 632.3
418 396 1128.4
419 382 1081.7
420 368.3 1035.4
421 462.3 1041.5
422 304.5 1160.7
423 -1349.4 362.1
424 -804 1092.2
425 -1078.6 -602.9
426 549.2 -2157.3
427 -1350.9 -259.7
428 910.6 824
429 -88 -580.4
430 -48.7 -582.6
431 732 -1716.5
432 617.6 -1662.8
433 -938.2 1410.1
434 -1253.3 281.3
435 888.9 1328.6
436 616.4 1425.8
437 349.1 1485.9
438 392 1482.2
439 -312 -745.5
440 -746 -645.3
441 -647.9 -457.4
442 -556.4 -431.7
443 -1304.8 -872
444 207.9 -225.9
445 334 -1333.7
446 -1294.1 560.1
447 -1152.9 -1018.4
448 -1334.4 -784.8
449 -1295.9 -730.5
450 -690.1 -279.5
451 -756.2 1448.3
452 -873.1 -604.2
453 758.1 -2483.6
454 471 391.9
455 -1332.3 -700
456 -1405 -704.6
457 -236.6 -148.2
458 1135.2 619.9
459 41 1517.3
460 -146.9 421.8
461 -138 402.8
462 104 1505.3
463 1533.3 -2354.7
464 -1172.9 977.3
465 -1 -111.2
466 -967.8 191.6
467 -973 152.4
468 -931 522.9
469 184.6 -1042.6
470 247.7 -1100
471 -1282.6 -319
472 -1361.9 -241.5
473 386.1 -1480
474 484.1 439.1
475 303.9 464.5
476 503 508.5
477 128.8 -1537.3
478 148.5 -1528.7
479 112.3 -1130.1
480 49.6 -1225
481 146.8 -1084.1
482 168.7 -1175.9
483 42.7 -1087.8
484 1208.1 -2003
485 -816.2 -1117.8
486 409.1 847.3
487 232.1 897
488 583.9 800.5
489 366.8 693.5
490 619.6 929.9
491 445.9 977.3
492 638.4 997.8
493 358 1001.9
494 633.5 786.3
495 1228.9 -2027.1
496 -320 1191.7
497 -106.8 1133.2
498 -305.6 1244.8
499 -333.9 1146.8
500 892.4 724.3
501 802.1 738.3
502 837.5 566.9
503 290.4 -1381.9
504 247.2 -1251.1
505 803 -1857.3
506 573.3 -1338.8
507 1075.6 -2072.6
508 723 -1790.6
509 706.5 -2399
510 -226.6 1411.8
511 -1.8 1427.4
512 527.3 1282.1
513 481.3 1111.5
514 351.7 1330.6
515 712.6 -1472.5
516 1168.1 -2140.5

# Edges
0 1
0 112
0 223
0 383
0 384
0 478
0 485
1 505
1 509
2 62
2 506
2 515
3 149
3 495
3 507
3 516
4 247
4 345
4 516
5 166
5 204
5 446
6 79
6 203
6 394
6 405
7 79
7 392
7 394
7 395
8 79
8 257
9 10
9 11
9 319
10 318
10 350
10 403
11 24
11 310
11 319
12 24
12 25
12 148
12 323
13 24
13 35
13 146
13 310
13 467
14 15
14 16
14 495
15 17
15 345
15 516
16 19
16 463
17 18
18 19
18 20
18 21
19 342
21 342
21 343
22 23
22 302
22 457
22 475
23 311
23 313
23 351
24 323
25 27
25 379
25 457
26 138
26 139
26 279
26 379
26 457
27 35
27 147
27 148
28 29
28 237
29 128
30 197
30 198
30 257
30 316
30 440
30 452
31 32
31 33
32 34
32 269
33 332
34 36
34 136
34 332
34 427
34 471
35 135
35 146
35 442
35 450
36 199
36 270
36 372
36 408
37 302
37 475
37 476
37 489
38 300
38 306
38 488
38 489
39 302
39 336
39 487
39 489
40 41
40 42
40 43
40 50
40 96
40 292
41 80
41 87
41 93
41 97
41 98
41 278
42 78
42 80
43 69
43 77
44 45
44 47
44 109
44 344
45 95
45 107
45 118
45 344
46 57
46 124
46 135
46 197
46 235
46 442
47 48
48 49
48 50
49 51
49 291
50 292
51 308
51 344
51 458
52 53
52 54
52 397
52 515
53 55
53 484
53 508
54 397
54 431
55 150
55 151
56 58
56 59
56 400
57 68
57 113
57 212
57 235
57 246
57 257
58 60
58 432
59 60
59 508
60 431
60 508
61 62
61 432
62 334
62 515
63 64
63 65
63 93
64 81
64 82
65 66
65 82
66 87
66 93
67 75
67 85
68 79
68 90
68 101
68 391
69 70
69 71
70 76
71 72
71 73
71 77
73 74
73 93
74 77
74 78
74 80
75 76
77 78
81 83
81 84
82 92
83 84
83 86
84 85
85 86
86 92
87 88
87 89
87 91
87 94
87 97
87 285
87 474
88 282
88 283
89 249
89 325
90 391
90 392
91 325
91 330
92 142
92 252
94 99
94 286
95 307
95 308
95 500
96 276
96 277
97 99
98 99
98 102
100 102
100 103
100 375
101 184
101 185
101 186
102 286
102 289
103 286
103 303
104 105
104 106
105 108
105 110
105 117
105 435
106 122
107 108
107 109
108 110
108 118
109 117
110 111
110 114
111 114
111 118
111 360
112 426
112 477
113 185
113 201
113 212
113 224
114 115
115 492
115 512
115 513
116 359
116 428
116 500
118 361
119 120
119 121
119 233
120 211
120 315
120 510
121 241
122 123
124 145
124 147
124 379
125 126
125 127
126 238
127 128
127 237
128 129
128 130
128 211
128 451
129 208
129 213
129 222
130 208
130 211
131 132
132 153
132 433
133 134
134 413
135 147
136 137
136 332
137 272
138 139
138 457
139 465
140 168
140 190
140 279
140 290
140 390
141 142
141 143
141 263
142 254
143 253
143 256
144 224
144 368
144 439
145 368
146 148
149 150
149 151
149 507
150 484
152 153
152 154
152 222
152 433
153 225
154 155
154 156
154 225
155 221
155 222
155 230
156 219
156 220
156 230
157 168
157 179
157 190
157 201
157 469
158 159
158 160
158 163
158 206
159 230
160 164
160 204
160 464
161 162
161 163
161 468
162 165
162 166
162 358
163 165
163 218
164 165
164 166
164 204
166 412
167 169
167 170
167 171
167 434
168 268
168 506
169 266
169 365
170 366
170 414
171 172
171 364
171 366
172 173
172 174
172 363
173 366
173 367
174 367
174 370
175 176
175 177
175 385
176 178
176 386
177 387
177 480
177 482
178 180
178 480
179 268
179 335
179 469
180 402
181 182
181 183
181 387
181 503
182 383
182 384
182 385
183 383
183 473
184 192
184 195
185 187
186 187
186 189
187 188
188 189
188 191
188 201
189 192
189 483
190 357
191 381
191 382
192 193
192 480
193 194
193 389
194 195
194 196
195 391
196 389
196 393
197 257
197 441
198 199
198 316
198 317
198 450
198 471
199 200
199 202
199 372
199 425
200 203
201 224
202 406
202 407
202 408
203 257
203 362
203 425
203 452
204 220
204 464
205 206
205 207
205 228
206 217
206 218
207 217
207 227
207 348
208 209
208 210
209 213
209 226
209 227
210 211
210 229
211 232
212 439
213 214
213 221
214 228
214 409
215 216
215 217
215 218
216 350
216 403
216 417
218 417
219 220
219 464
220 225
221 410
222 231
223 334
223 477
226 229
226 265
227 228
228 424
229 262
230 424
231 433
231 451
232 233
232 262
233 248
233 498
234 236
234 238
235 246
236 459
239 240
239 241
239 511
239 514
240 437
240 462
241 242
241 315
241 422
242 243
242 244
242 497
243 333
243 487
243 493
244 341
244 487
245 247
245 426
246 368
247 509
248 314
248 315
249 250
249 251
250 252
250 321
251 321
251 324
251 325
252 253
253 254
254 320
255 256
255 258
255 260
256 454
257 362
257 440
258 259
258 331
258 454
259 260
259 328
259 329
260 326
261 262
261 265
261 347
261 499
262 498
263 275
263 313
263 460
263 461
263 475
264 347
264 349
264 499
265 348
266 423
266 434
267 269
267 273
267 472
268 346
269 472
270 274
270 352
271 272
271 274
273 371
274 353
276 278
276 280
277 288
277 291
277 292
278 281
279 290
279 301
279 390
280 287
280 288
281 287
281 289
282 284
282 476
283 285
283 293
284 474
284 476
285 295
287 297
288 294
288 297
289 297
289 373
290 430
291 294
293 300
293 476
294 374
294 458
295 296
295 502
296 298
296 299
297 374
298 300
298 305
299 304
299 305
299 502
301 357
301 429
303 375
303 376
304 415
304 501
305 306
305 415
306 416
307 375
307 376
307 377
308 378
309 415
309 494
309 501
310 404
310 466
311 313
311 350
312 318
312 319
312 323
312 396
312 457
312 465
313 318
313 460
313 461
314 315
314 497
315 497
315 511
316 425
317 372
317 471
319 323
321 322
322 324
324 326
324 327
325 327
326 328
327 328
328 330
329 330
329 331
331 474
333 419
333 422
334 400
334 445
334 473
335 346
336 341
336 351
337 338
337 339
337 340
337 360
338 359
338 492
339 359
339 428
340 360
340 428
341 497
342 463
345 516
346 506
347 348
349 350
349 351
352 353
352 354
352 408
353 355
354 406
354 449
355 356
357 368
357 379
358 412
358 468
359 494
360 361
361 500
362 440
363 364
363 370
364 365
365 371
367 369
367 472
369 370
369 371
373 374
373 375
374 377
376 500
377 378
378 458
380 469
380 481
381 382
381 481
382 483
384 386
384 478
385 386
385 387
387 388
388 503
388 504
389 402
392 393
393 395
394 398
394 399
395 398
395 485
396 465
397 515
398 447
399 405
399 406
401 412
401 423
401 434
401 466
402 478
403 404
404 417
404 468
405 407
409 410
409 424
410 411
412 446
413 477
414 467
415 416
418 419
418 422
418 513
419 420
420 493
421 491
421 492
421 513
422 513
422 514
423 446
427 471
427 472
429 430
431 432
434 467
435 436
436 438
437 438
438 514
441 442
441 450
443 447
444 465
445 503
445 504
448 449
449 455
453 509
454 474
455 456
459 462
459 511
460 461
463 495
466 467
466 468
469 470
470 482
471 472
473 503
474 475
474 476
479 480
479 481
479 482
479 483
482 504
484 495
486 487
486 488
486 489
486 491
488 490
488 494
490 491
490 492
491 493
496 497
496 498
496 499
500 501
500 502
505 507
505 508
506 515
510 511
512 513
512 514
