# Nodes
0 -1072.2 1699.2
1 -797.7 1584.1
2 64.1 -1652.7
3 339.1 1856.6
4 -750.7 1822.3
5 -804.9 1229.6
6 -736.7 1220.5
7 -799.7 1300.1
8 -959.4 1980.4
9 -652.6 904.6
10 -608.3 924.3
11 -701.3 952.7
12 -710.2 880.3
13 -697 884.9
14 -382.9 2083.8
15 -706.8 705.8
16 -668.2 668.5
17 -564.9 942.7
18 -531.1 863.8
19 -602.5 1203.6
20 -609.6 1118.8
21 -676.4 1212
22 -466.6 1438.3
23 -498.4 1322.2
24 -412.6 1413.5
25 -348.4 2134.9
26 -460 1253.9
27 -406.3 1156.7
28 -374.6 1226.6
29 -423.4 1242.2
30 -392.1 1190.7
31 -683.6 1124.1
32 -690.9 1094.9
33 -484.4 1137.4
34 -458.3 1115.8
35 -469.5 1156.8
36 -334.7 2073.2
37 -588.1 1094.3
38 -303.8 1260.4
39 -362.4 1285.4
40 -284.2 1304.3
41 -684.5 1046.9
42 -431.8 1214.3
43 -470 888.5
44 -673.6 1809.3
45 -323.7 1666.6
46 -368.7 1685.8
47 -695.1 1048.2
48 -662.6 2114.9
49 -553.7 2096.9
50 -648 1519.1
51 -389.1 1633.8
52 -706.9 1544.4
53 -722.1 2122.9
54 -581.4 2324.7
55 -583.8 2215.7
56 -342.7 1600.3
57 -280.7 1582.4
58 -697.1 1008.3
59 -379.2 1501
60 -289.3 1550.5
61 -281.8 1810.3
62 -271.8 1615.4
63 -237.8 1605.7
64 -174.6 1587.8
65 -232.7 1794.5
66 -264.5 1642.2
67 -159.2 1643.6
68 -353.1 1386.5
69 -821.9 1059.8
70 -262.9 1347.9
71 -308.5 2067.4
72 -214.1 1957.9
73 -221.2 1928.3
74 -223.1 2165.4
75 -233 2124.1
76 -264.7 2173
77 -419.3 2214.2
78 -432.1 2147.5
79 -392.8 2213.8
80 -515.2 2376.5
81 -171.8 2134.8
82 -294.2 1975
83 -208.8 1980.1
84 -280.5 2019.3
85 -28.6 2100.8
86 -545.3 2147.9
87 -320.3 2183.1
88 -277 2131.9
89 -243.6 2080.5
90 21.9 1899.8
91 -588.5 2380.5
92 -180.4 2099
93 -375.3 1941.8
94 -363.6 1979.4
95 -468.4 1970.9
96 -252 2364
97 -251.9 2416.8
98 -253.2 2464.1
99 -325.5 2419.3
100 -414.7 2268.1
101 -105.2 2413.5
102 -514.7 2323.7
103 -91.9 2468.8
104 -164.2 2414.8
105 -85.9 1684.7
106 -102.9 1628
107 -143.2 1701.4
108 -133.4 1526.5
109 289.2 2263.3
110 300.8 2303.2
111 145.3 1947.8
112 93.3 1943.7
113 -565.8 2024.2
114 -520 2418.8
115 83.9 1903.6
116 102.5 1982.5
117 168.1 1809.3
118 110.6 2016.8
119 151.1 1971.6
120 190.4 1962.1
121 51.2 2026.9
122 223.7 1990.3
123 244.7 2083.2
124 238.1 2053.8
125 -451.5 2465.3
126 166.8 2035.4
127 133.5 1564.2
128 144.5 1608.7
129 -436 964.6
130 -428.1 871.7
131 -390.9 851.7
132 -426.2 755.4
133 -34.6 1041.7
134 -43.6 1022.1
135 -118.6 1077.3
136 -228.9 1896
137 43.3 898.4
138 -21.6 928.4
139 -86.8 1187
140 -128.3 1204.3
141 -18.2 1077.1
142 -43 994.8
143 -64.7 948.3
144 -97.4 963.4
145 3.5 1073
146 -217.1 1061.7
147 -308.4 1920.9
148 -248.5 1076.1
149 -197.6 1054.1
150 -377.1 967.1
151 -171.9 996.8
152 -194.8 949.4
153 -207.2 1033.7
154 703.9 2228.2
155 769.8 2252.3
156 590.2 2186.8
157 673.8 2357.4
158 -153.8 2210
159 968.7 2366
160 943.2 2416.4
161 1026.7 2454.5
162 959.9 2494.5
163 1052.5 2443.9
164 1124.6 2497.9
165 1105 2470.4
166 386.6 2488
167 1008.2 2105.4
168 979.9 2132.1
169 -5 2207.5
170 1021.2 2133.5
171 955.7 2119.9
172 877.9 1942.7
173 1159.3 1824.8
174 1194.5 1840.6
175 1119.6 1957.4
176 891.9 2032
177 888 2006.8
178 642.2 2045.3
179 608.1 2086.9
180 -166.9 2155.2
181 763.8 2156.9
182 867.4 2118.3
183 1002 2154.6
184 890.9 2181.5
185 833.8 1837.2
186 795.4 1871.6
187 882.6 1972.3
188 668.3 2064.2
189 1179.2 1882.8
190 1187.1 1861
191 -4.4 2290.5
192 1156.7 1944.7
193 859.4 2215.4
194 818.5 2160.2
195 1019 1929.7
196 1036.3 1983.7
197 915.8 2078.6
198 944.2 2095.7
199 1066.4 1858.5
200 1108.4 1843.8
201 1078.3 2077.5
202 92.6 2206
203 1048.5 2107
204 999.7 1869.5
205 998.1 1989.7
206 822.6 2001.9
207 734.5 2051.7
208 768.8 2041.7
209 695.2 2383.4
210 1174.8 1707.5
211 1131 1784
212 1181.7 1654.3
213 174.6 2204.8
214 1136.9 1619.9
215 1207.4 1242.2
216 1160.9 1295.6
217 1207.1 1355.5
218 1091.4 1362.1
219 1173 1496.5
220 1210.8 1530.8
221 1209.5 1459.3
222 1225.4 1379.2
223 1311.7 1283.6
224 -569.5 2002.6
225 -114 2376.6
226 1281.5 1293.5
227 1272.5 1586.5
228 1243.5 1490.7
229 1246.3 1421.7
230 1179.4 1575
231 1157.2 1591.3
232 1392.6 1272.6
233 1311.3 1519.3
234 1349.8 1316.2
235 1369.4 1296.3
236 -58.4 2371.6
237 1231.2 1217.5
238 1147.5 1522.4
239 1238.5 1326.4
240 1282.4 1176.3
241 1356.9 1236.7
242 1111.6 1401.1
243 1036.7 1381
244 732.1 1869.5
245 925.5 1747.7
246 904.7 1767.6
247 1124.5 2033.2
248 630.1 1978.1
249 587 1938.7
250 597.9 2067.2
251 521.1 2081.2
252 887.8 1785
253 872.6 1799.7
254 766.3 1769
255 763.9 1902.1
256 790.1 1746.5
257 584.6 2051
258 1105.8 2086.1
259 679.2 1997.1
260 552.8 2115.9
261 766.4 1488.2
262 663.6 1429
263 788.9 1540.2
264 559.3 1912.2
265 885.1 1560.9
266 479.1 1884.4
267 524.1 1864.6
268 460.7 1797.8
269 1137.3 1998.1
270 827.9 1489.6
271 741.5 1559.6
272 967.8 1657
273 579.3 1677
274 901.7 1640.8
275 922.6 1621.1
276 636.2 1789
277 618 1753.2
278 449.1 1653.5
279 645.7 1807.7
280 1229.1 1745.6
281 946.4 1606.2
282 599.5 1716.7
283 414 1660.3
284 795.8 1564.4
285 811.9 1597.4
286 1000.8 1522.9
287 1019.8 1568.2
288 1031.4 1595.7
289 307.7 1677.7
290 366.4 1733.9
291 1209.5 1799.5
292 385 1950.3
293 346.6 1671
294 703.9 1501.2
295 685.5 1468.4
296 537.9 1549.2
297 550.2 1573
298 562.8 1597.3
299 717.5 1525.6
300 577.9 1626.7
301 641.1 1525.3
302 1159.3 1774
303 518.8 1579.8
304 523 1503.8
305 525.3 1524.8
306 626.8 1503.3
307 613.5 1435
308 471.8 1453.8
309 387.2 1577.5
310 381 1558.4
311 395.4 1602.9
312 402.1 1623.7
313 1293.8 1567.5
314 492.9 1589.6
315 564.8 1441.5
316 516.8 1447.5
317 600.3 1072.1
318 617.7 998.5
319 577.7 1259
320 762.7 1143.5
321 667.3 1216.2
322 700.7 1299.3
323 651.5 1265.5
324 1281.8 1600.4
325 637.1 1230.8
326 609 1163
327 681.6 1251.9
328 646.4 1164.1
329 586.2 945.9
330 559.9 901.1
331 502.6 663.6
332 507 689.3
333 515.8 999.8
334 495.9 968.5
335 -400.6 2069
336 1388.2 1307.4
337 709.1 1001.3
338 573.3 794.1
339 547.9 791
340 618.9 925.3
341 375.4 754.4
342 453 923.7
343 585.7 840
344 133.9 739.1
345 907.7 1054.4
346 908.3 1088.6
347 1338.1 1445.3
348 827.9 979.8
349 1134.8 1311
350 1162 1272.3
351 869.3 1246.4
352 864.2 1223.5
353 542 745.8
354 311.2 770.6
355 367.3 758
356 281.8 770
357 314.5 689.7
358 1426.7 1317.4
359 1308.1 1029.6
360 960.5 1141.3
361 953.9 1114.8
362 978.3 1212.2
363 1101.2 1266.7
364 779.4 1407.2
365 852.1 1169.4
366 847.3 1142.5
367 64.7 737.7
368 158.2 739.5
369 1421.3 1243.4
370 788.8 951.7
371 901.6 1391
372 889.9 1339
373 1084.2 1354.9
374 1197.8 1240.1
375 506.9 794.1
376 1007.2 1095.4
377 973.9 1026
378 45.9 678.9
379 282.5 727.8
380 132.9 2378.4
381 576.2 1178.3
382 922.7 1124.6
383 858.1 1196.4
384 1109.1 1100.6
385 1052.8 1078.9
386 840 1116.5
387 368.8 689.7
388 547.6 1191.2
389 1070.5 1151.2
390 1030.8 1086.9
391 192.9 2352.8
392 150.7 637.5
393 1338.3 685.2
394 1341.9 743.1
395 1242.3 788.5
396 1128.1 839.5
397 1146.9 765.4
398 1219.1 703.4
399 1252.1 824.5
400 1212.3 986.1
401 1183.1 880.5
402 125.1 2344
403 1358 902.5
404 1360.7 929.4
405 928.5 831.8
406 968.7 818.9
407 886.6 838.5
408 851.5 723.6
409 844.9 683.8
410 834 905.1
411 808 515.4
412 822.4 545.2
413 -10.7 2370.8
414 864.6 897.6
415 627.4 602.5
416 726.1 821
417 909.3 887.2
418 886.6 887.2
419 866 538.7
420 963.5 1003.5
421 697.9 574.8
422 770.7 918.8
423 1051.4 920.8
424 1018.7 1769.9
425 1102 888.7
426 911 574.7
427 884.6 619.1
428 987.9 870.3
429 902.8 533.2
430 947.1 968.4
431 978.3 954.2
432 727.5 745
433 774.5 552.4
434 1113.8 918.3
435 1156.8 1672.8
436 944.3 527
437 943.4 1039.2
438 741 1085.2
439 829 588.2
440 835.5 627.3
441 815.1 692
442 929.6 930.9
443 1096.3 639.7
444 1213.8 606.5
445 1378 484.5
446 -671.2 1997.3
447 982.2 1690.9
448 730.7 559
449 1235 601
450 1058.6 409.9
451 1067.6 455.5
452 1304.1 470.9
453 1300.6 2197.3
454 1360.7 2177.9
455 1177.3 2454.9
456 1229 2419.8
457 1271.8 2435.5
458 947.6 1726.6
459 1282.8 2399.6
460 1385.6 2477
461 1256.7 2333.7
462 1241.4 2381.6
463 1298.3 2347.6
464 1230.4 2324.7
465 1234.6 2295.8
466 1265.6 2305.8
467 1261.6 2201.9
468 1233.1 2208.7
469 996.5 1721.8
470 1306.3 2321
471 1200.6 2360.5
472 1355 2354.6
473 1158.9 2262
474 1363.5 2315.6
475 1292.4 2367.7
476 1374.2 2267.1
477 1406.1 2222.7
478 1169.4 2224.1
479 1279.8 2261.2
480 1012.4 1660.2
481 1099.2 2260.1
482 1111.7 2226.6
483 1341 2279
484 1320.6 2273.2
485 1329.4 2243.7
486 1035.9 2283.4
487 1061.9 2209.8
488 1140.6 2231.8
489 1053.4 2233.9
490 1207.8 2214.8
491 899.4 1495
492 1177.6 2199.6
493 1189.8 2163.1
494 1202.3 1956.5
495 1257.2 1807.8
496 1180 2020.3
497 1275 1907.7
498 1286.4 1873.4
499 1209.2 2104.7
500 1271.9 1627.8
501 1139.8 2157.9
502 923.1 1551.1
503 1117.6 2150.5
504 1070.7 2185
505 1218.9 2075.6
506 1362.7 1845.8
507 1346.3 1634.9
508 1331 1675.6
509 1229.9 2042.9
510 1079.2 2161.1
511 1198.3 2137.3
512 1233.8 1856.1
513 975.9 1463.6
514 1263.4 1651
515 1086.4 2140.8
516 1380.2 1897.8
517 1323.9 1484.4
518 1402.9 1601.6
519 1394.1 1857.1
520 1395.3 1555.6
521 1380.3 1593.3
522 1366.8 1937.3
523 1402.6 1911.5
524 842.2 1518.4
525 1440.3 1664.5
526 1344.6 2020.7
527 1353.4 1976.6
528 1262.2 2034.6
529 1242.4 2005.5
530 1395.7 2145.1
531 1467.3 2151.2
532 1347.4 2114.3
533 1361.8 2056.4
534 1380.8 1981.8
535 751 1112.6
536 1284.6 2092.8
537 1272.9 2118.8
538 1391.2 2023.5
539 1421.9 2082.1
540 1251.7 1977.5
541 1267.6 2157.5
542 1320.3 2105.3
543 1252 2084.9
544 1454.1 1778.6
545 1462.7 1935.6
546 828.1 1080.7
547 826.6 -999.9
548 807.2 -979.8
549 802.6 -878.3
550 894.8 -853.9
551 790.4 -922
552 899.4 -978.5
553 136.3 370.1
554 175.7 359.4
555 106.3 378.3
556 163.4 297.8
557 820.3 -2093
558 658.6 758.2
559 129.1 25.5
560 80.3 280.5
561 43.4 95.1
562 40.9 33.4
563 3.4 74.2
564 187.8 287.1
565 201.9 352.2
566 102.6 524.2
567 3.4 564.8
568 38.3 337.4
569 1389.3 722.3
570 -24.4 353.7
571 -16.3 411.7
572 148.5 188.3
573 140.2 142.2
574 168 230.8
575 31.1 489.6
576 242.6 339.8
577 221.3 402.3
578 -34.8 276.4
579 237.6 472.8
580 1385 631.4
581 191.7 490.3
582 244.8 540
583 356.9 380.6
584 54.7 158.3
585 138 114.5
586 136.6 81.1
587 93.3 112.7
588 416.2 -27.6
589 432.2 -55.5
590 539.3 -35.6
591 1327 641.4
592 511.4 -75.3
593 511.2 -103.6
594 616.1 -62.8
595 -6.7 17.6
596 15.8 -99.3
597 44.9 -20.5
598 46.9 -89.5
599 282.9 53.8
600 189.3 65.3
601 341.7 49.7
602 1383.4 598.1
603 62.6 244.3
604 22.3 258.1
605 -85 -103
606 -62.9 -121.3
607 -59.2 93.7
608 107.5 -64.5
609 42.3 -303
610 19.4 -365.3
611 65 -302.3
612 -39.6 -290.3
613 1044.4 1627.5
614 108.4 -128.8
615 -1 49.4
616 335.7 -102.3
617 351.5 -79.3
618 495.5 -193.5
619 -16.9 -114
620 -16.1 -177.6
621 -17.2 75.6
622 270.8 -233.4
623 194.6 -219.9
624 1059.8 1611.8
625 171.9 -474.3
626 276.2 -493.6
627 82.7 -2.4
628 -83.6 -49.3
629 350.4 -396.9
630 96.8 83.7
631 373.9 357.1
632 317.4 -487.9
633 188.4 133.2
634 254.4 -63.9
635 744 1921.3
636 556.6 -204.4
637 501 -241.7
638 446.2 -271.3
639 14.2 -184.6
640 416.8 22.8
641 378.5 40.8
642 225.5 -332.7
643 252.4 -297.3
644 87.5 -305.9
645 63.5 207.4
646 701.6 1970.7
647 -45.8 227.1
648 -82.8 159.6
649 4 -408
650 296.7 476.1
651 321.9 449.6
652 110.7 -203.3
653 164.5 -213.9
654 73.9 -196.1
655 193.1 -407.2
656 113 -452.6
657 706.7 1888.3
658 206 -377.5
659 178.5 -454.1
660 146.4 -422
661 -38.7 -364.1
662 -28.8 -338.6
663 -125.3 -407.6
664 285.8 512.6
665 -2.8 -427.3
666 345.5 403
667 411.7 418.6
668 783.3 -2097.4
669 553.7 1635.6
670 411.9 279.5
671 360.4 433.6
672 435.4 343.4
673 321.9 314.2
674 276.3 328.7
675 382.8 127.1
676 426 124.9
677 407.4 312.9
678 396.1 402.7
679 420.6 377.9
680 1034.8 692.2
681 420.4 76.6
682 434.6 202.3
683 402.8 216
684 491.6 377.4
685 473.1 439.6
686 442.2 242.8
687 371.5 225.9
688 429.4 154.2
689 288.3 252.4
690 243.3 122.7
691 916.1 712.4
692 309.4 -72
693 184.9 22.5
694 318.4 -43.5
695 330.7 -7.6
696 418.4 -4.4
697 372.3 -58.9
698 338.7 236.3
699 226.6 -162.5
700 297.7 -158.2
701 284 -180
702 1045.9 747.4
703 548.3 200.5
704 510.5 188.6
705 580.9 84.8
706 530.7 259.4
707 546 76.6
708 479.2 185.6
709 493.2 -304.6
710 484.7 -343.5
711 511.2 -124.2
712 506.3 19.8
713 1025.7 643.8
714 533.9 12.5
715 612.3 -211.4
716 608.9 -340.4
717 562.6 21.7
718 471.9 -476.7
719 457.4 -525.2
720 498.6 -484
721 427.1 -519.3
722 440.7 -488.7
723 526.5 -490.9
724 376.1 629.7
725 513.8 -529.8
726 501.9 -565.7
727 562.3 -555
728 423.4 -437.9
729 316.3 -288.7
730 336.2 -443.1
731 221.9 -477.6
732 261.1 -271.2
733 431.6 -356.3
734 488.8 -394.4
735 253.6 592.9
736 667.1 312.3
737 655.1 177.2
738 1208.2 234.4
739 838 191.4
740 968.4 247.4
741 1001.8 287.1
742 972.5 270.7
743 1031.3 277.8
744 723.2 304.4
745 778.4 354.2
746 1164.6 1038.3
747 887.2 281.1
748 697.5 363.6
749 1254.6 346.2
750 1331 316.2
751 1252.4 194.6
752 1237.3 223.4
753 1266.3 176.7
754 946.6 336.6
755 1259.2 154.6
756 961.4 216.7
757 1114.4 1056.7
758 917.3 224.2
759 661.8 417.9
760 705.8 210.9
761 710.5 241.6
762 1047.6 339.1
763 756.8 271.7
764 915.2 191.6
765 876.4 195.1
766 753.3 357.1
767 696.7 308.1
768 1002.4 518.3
769 866.1 406.9
770 1037.7 298.6
771 1061 384.2
772 974.3 116.4
773 994.1 318.6
774 1359.5 169
775 1001.2 401.9
776 1009 221.7
777 1299.3 -7.8
778 1294.5 -51.1
779 829.9 -2050.1
780 975.4 522.3
781 994.7 198.8
782 1290.6 143.4
783 1047.3 171.7
784 1079.2 109.8
785 1110.6 94.2
786 1029.8 134.4
787 1275.4 36.6
788 1170.1 113.6
789 1148.2 75.5
790 1231.7 -3.7
791 1009.3 555.4
792 1121.8 133.6
793 1089.4 150.1
794 1231.1 128.3
795 1180.7 145
796 1210 74.7
797 738 -55.5
798 849.1 -64.6
799 888.8 -84.8
800 821.7 -57.1
801 800.3 20.8
802 996.9 488.7
803 970.8 -1.9
804 939.9 13.3
805 805.4 -150.2
806 778.7 -116.8
807 751.7 -4.9
808 759.6 29.5
809 795.9 -15.8
810 828.8 14.7
811 854 92.2
812 1128.9 -75.4
813 1129.8 958.7
814 766.9 61.6
815 897.1 -256
816 924.2 -293.3
817 1233.3 -449.3
818 1221.1 -351
819 1324.8 -454
820 1281.6 -236.3
821 1202.9 -62.3
822 1015.3 -170.6
823 1273.2 -466.6
824 1151.3 1007.8
825 1207.7 -545.5
826 1100.1 -523.4
827 1114.4 -469.9
828 1118.8 -439.6
829 786 -456.8
830 747.7 -439.1
831 771.5 -487.6
832 851.1 -434.5
833 1016.9 -353.4
834 1021.1 -455.9
835 1169.5 941.5
836 1066.7 -462.7
837 1023.9 -425.5
838 967.4 -343
839 722.7 -427.5
840 685.8 -410.5
841 734.4 -362.8
842 872.8 -486.9
843 933.4 -490.1
844 889.9 -461.6
845 864.6 -537.9
846 1060.2 783.4
847 1046 -360.2
848 1051.3 -527.9
849 874.4 -574.8
850 993.1 -348.2
851 1280.5 -600.4
852 1313.5 -654.1
853 995.8 -499.6
854 996.9 -532.9
855 931.1 -540.6
856 1129.3 -395.6
857 950.9 771.5
858 1080 -393.1
859 961.2 -537
860 868.8 -396.9
861 881.4 -371.9
862 760.5 -335.3
863 800.9 -311.9
864 711.6 -224.6
865 777.4 -241.2
866 900.8 -331.5
867 835.1 -267.3
868 1084.7 735
869 760.7 -510.3
870 666.4 -60.9
871 702.4 -298.1
872 685.9 -363.5
873 708 -257.9
874 796.8 -249.5
875 680.8 -230
876 618.2 -149
877 609.8 -365
878 664.3 -435.3
879 1136.9 198.2
880 -46.7 590
881 -130.6 622.5
882 -197.6 590.3
883 -167.1 641.7
884 -188.4 413.6
885 -229.6 429.1
886 -188.9 385.6
887 -94.5 245.4
888 -273.6 459.2
889 -309.5 356.2
890 301.9 -2189
891 1161.5 251
892 -78.5 515.5
893 -66.7 481.2
894 -87.6 490.9
895 -327.4 309.2
896 -276.4 158.5
897 -273.6 201.6
898 -324.8 216.2
899 -265.7 80.7
900 -294.3 257.6
901 -367.1 194.4
902 1076.1 227.4
903 -351 140.7
904 -390 154.1
905 -354.7 230
906 -110.2 79.5
907 -117.7 -3.3
908 -170.3 102.6
909 -143.7 94.5
910 -250.8 111.9
911 -332.5 111.8
912 -191.3 57.5
913 -1849.8 -1791.5
914 -141.4 161.6
915 -341 269.2
916 -304.9 83.8
917 -322.4 9.5
918 -355.2 19.6
919 -146.6 -143.5
920 -185.6 -141.3
921 -133 -57.1
922 -148.8 -202.8
923 -125.1 -33.7
924 -1869.7 -1705.1
925 -242 68.3
926 -158.1 -51.3
927 -377 24.3
928 -329.5 -135.3
929 -313 -157.3
930 -349.8 -163.7
931 -325.3 -28.5
932 -277.2 -5.6
933 -240.5 -153
934 -300.9 -96.6
935 -2142.3 -1336.3
936 -325.2 -61.3
937 -269.2 -103
938 -278.6 -70.2
939 -367.8 -59.8
940 -391.6 -54.4
941 -347.9 -61.8
942 -445.8 -34.2
943 -423.8 -43.1
944 -463.6 24.6
945 -402.9 86.9
946 -2196 -1338.7
947 -484.6 -166.1
948 -430.2 -189.5
949 -388 -149.5
950 -368.3 -198
951 -457.2 -177.9
952 -404.8 -200.4
953 -255.3 -181.8
954 -293.7 -169.7
955 -313.7 -222.9
956 -379.3 649.2
957 -2198.4 -1626.5
958 -387.7 613.6
959 -377.6 676
960 -376.7 723.3
961 -528.4 -269
962 -505.6 -276.2
963 -199.3 -361.7
964 -187.6 -326.9
965 -175 -291
966 -460.1 -280.6
967 -346.8 -207.9
968 -2183.9 -1551.4
969 -330.9 -277.1
970 -436.4 646.8
971 -668.8 579.6
972 -618.5 677.1
973 -453 595.6
974 -457.4 570.8
975 -514.8 592.4
976 -628.2 599
977 -639.4 374.5
978 -634.3 394.5
979 -2141.9 -1635.3
980 -580.9 683.7
981 -631.4 574.3
982 -550.4 608
983 -538.6 548.7
984 -556.1 640.6
985 -616.7 420.5
986 -581.7 474.6
987 -1530 571.1
988 -1826 121.5
989 -1796.2 152.1
990 -585.4 1908.3
991 -1887.7 163.2
992 -1859.2 204.3
993 -1854.4 243.6
994 -1900.2 112
995 -1985.8 128.3
996 -1957.9 195.9
997 -1956.1 8.4
998 -1856.5 88.8
999 -1937.7 189
1000 -1675.6 98.8
1001 312.2 -2144.4
1002 -594.9 1852.6
1003 -1676.7 58.1
1004 -1705.2 -48.2
1005 -1774.5 41.7
1006 -1780.6 21.4
1007 -1505.8 74.8
1008 -1318.5 185.4
1009 -1422 -112.1
1010 -1372.1 -123.4
1011 -1393.2 -3.9
1012 -1457.6 60.9
1013 -126.8 1760.3
1014 -1904.3 -111.5
1015 -2017.4 -94.3
1016 -2002 -330.1
1017 -1937.3 -387.1
1018 -1982.9 -267.5
1019 -1932.4 -160.1
1020 -1962.6 -224.2
1021 -1914.5 -136.7
1022 -1752.2 -37.6
1023 -2031.4 -108.6
1024 -192.2 1781.4
1025 -1770.9 -105.8
1026 -1884 -393.1
1027 -1686.5 -126
1028 -1872.2 -151.5
1029 -1834.9 -164.6
1030 -1808.9 -170.5
1031 -1692.7 -184.9
1032 -1655.3 -196
1033 -1762.1 -178.2
1034 -1865.8 -347.2
1035 -99.3 1855.4
1036 -1773.9 -392.5
1037 -1913.8 -225.4
1038 -1697.3 -260.6
1039 -2106.3 -564.4
1040 -2102.8 -537.6
1041 -2015.8 -374.8
1042 -2094.2 -493.6
1043 -2088 -380.8
1044 -2021.7 -572.5
1045 -1959.7 -571.9
1046 -14.9 1723
1047 -1969 -538.2
1048 -1972.5 -473.5
1049 -1735.7 -535.8
1050 -1747.5 -561.3
1051 -1863.2 -585.4
1052 -1868.1 -621.2
1053 -1969 -653
1054 -1974 -690.5
1055 -1883.2 -729.8
1056 -1879.6 -704.2
1057 -1.9 1796.9
1058 -1846.7 -751.9
1059 -1979.7 -737.8
1060 -2121.8 -710.8
1061 -2117.5 -669.8
1062 -2044.6 -614.2
1063 -2114.6 -642.8
1064 -2111.1 -609.8
1065 -1874.3 -665.7
1066 -1785.3 -639.8
1067 -1767.9 -601
1068 -69.1 1740.7
1069 -1799.4 -675.8
1070 -2059 -728
1071 -2062.7 -769.9
1072 -2070.1 -957.7
1073 -2079.8 -1004.7
1074 -1939.6 -948.1
1075 -1938 -903.3
1076 -1854.9 -814.7
1077 -1858.4 -836.6
1078 -1869.1 -903.2
1079 102 1770.9
1080 -1841.1 -902.1
1081 -1828.5 -842
1082 -1848.8 -938.9
1083 -1950.4 -1000.9
1084 -2115.8 -1335.3
1085 -1798.9 -949.4
1086 -2201.3 -1048.2
1087 -2132 -1140.1
1088 -2102.2 -1144.6
1089 -2139.1 -1188
1090 19.1 1791
1091 -2123.3 -1082.1
1092 -2147.2 -1241.6
1093 -2151.4 -1075.5
1094 -1982.3 -1156.6
1095 -1999.7 -1241.6
1096 -1497.1 -139.3
1097 -1495.8 -239.7
1098 -1488.1 -215
1099 -1662.7 -232.7
1100 -1608.2 -207.4
1101 208.4 2204.1
1102 -1564.5 -219
1103 -1615.4 -274.1
1104 -1483.9 -325.7
1105 -1498.6 -387.1
1106 -1511.8 -442
1107 -1408.8 -236.6
1108 -1446.6 -316
1109 -1442.6 -436.4
1110 -1491.2 -437.7
1111 -1381.7 -179.8
1112 -1082.7 1835
1113 265.6 -2187.7
1114 188 2122.2
1115 -1376.3 -252.4
1116 -1389.9 -323
1117 -1562.9 -656
1118 -1568 -626.1
1119 -1506 -607.4
1120 -1569.1 -540.6
1121 -1569.7 -519.3
1122 -1690 -523.3
1123 -1540.6 -915.9
1124 -1612.2 -912.1
1125 266.4 2203.2
1126 -1541.3 -937.9
1127 -1486.9 -918.7
1128 -1539.1 -776.1
1129 -1429.7 -804.3
1130 -1435.6 -858.2
1131 -1645 -618.7
1132 -1437.4 -578.5
1133 -1382.6 -560.9
1134 -1667.7 -712.9
1135 -1645.9 -711.9
1136 82.8 1378.4
1137 -1676 -647.5
1138 -1805.3 -697.6
1139 -1476 -592.5
1140 -1669.2 -925.9
1141 -1701.5 -901.2
1142 -1642.2 -812.3
1143 -1382.2 -924.2
1144 -1442.3 -921.1
1145 -1374.1 -853.1
1146 -1683.3 -782.2
1147 118.4 1368.3
1148 -1703 -720.9
1149 -1727 -895.9
1150 -1731.2 -916.7
1151 -1478.3 -746.1
1152 -1416.9 -758.9
1153 -1364.8 -771.9
1154 -1351.7 -660.5
1155 -1376.7 -654.5
1156 -1408.8 -857.2
1157 -1542.5 -981.4
1158 4.1 1823.1
1159 -1490 -984.4
1160 -1570.3 -1193.9
1161 -1533.5 -1198.4
1162 -1622.8 -976.9
1163 -1515.6 -1118.2
1164 -1620.1 -931.3
1165 -1640.9 -1200.5
1166 -1648.4 -1242.2
1167 -1679.2 -1196.7
1168 -1581.4 -1312.5
1169 -1330.6 2010.2
1170 -1573.5 -1231.4
1171 -1620.3 -1316.8
1172 -1811.6 -1006.4
1173 -1654 -1051.3
1174 -1660.7 -1089.9
1175 -1675.2 -1173.3
1176 -1701.2 -1319
1177 -1668.7 -1135.8
1178 -1728.3 -1103.2
1179 -1611.3 -1247.5
1180 -1424.5 2003.9
1181 -1659.7 -1315.3
1182 -1765.2 -1154.3
1183 -1740.1 -1159.6
1184 -1798.4 -1089.4
1185 -1873 -1074.3
1186 -1892.5 -1176.8
1187 -1796.7 -1320.3
1188 -1808.7 -1145
1189 -1837.1 -1186.7
1190 -1864.9 -1326
1191 1072.9 815.5
1192 -1920.4 -1324.7
1193 -422.7 560.5
1194 -549.4 530.1
1195 -425.2 535.1
1196 -346.2 418.9
1197 -497.5 388.5
1198 -479.5 376.3
1199 -523.8 390.6
1200 -606.4 371.6
1201 -377 337.8
1202 1081.9 838
1203 -368.3 372.5
1204 -408.7 354.2
1205 -390.6 382.8
1206 -433 362.3
1207 -452.8 369.4
1208 -606.1 344.7
1209 -605.6 298.9
1210 -650.2 508.1
1211 -639.1 540.4
1212 -676 519.6
1213 1112.3 803.9
1214 -689.1 430.8
1215 -626.7 494.3
1216 -605.5 245.8
1217 -670.9 545.6
1218 -598.8 265.9
1219 -606.3 523.5
1220 -715.6 404.7
1221 -511.9 271
1222 -447 232.7
1223 -502.8 304.2
1224 1266.7 -1544.5
1225 -1704.1 -462.2
1226 -432.1 285.7
1227 -420.1 320.8
1228 -455.1 285.1
1229 -419.3 165.5
1230 -417.7 113.9
1231 -457.1 57.3
1232 -426 95
1233 -472 124.9
1234 -533.3 102.4
1235 -599.8 107.5
1236 -1721.9 -505.5
1237 -564.2 109.3
1238 -499.2 83.7
1239 -216.5 -276.4
1240 -255.3 -133.9
1241 -183.4 -231.5
1242 -246 -90.2
1243 -1290.8 -120.8
1244 -98.5 -468.7
1245 -129.7 -445.2
1246 -130.5 -522.3
1247 -1700.6 -373.4
1248 -49.8 -642.7
1249 -53.6 -589.3
1250 -144 -749.8
1251 -169.9 -747.3
1252 -129.8 -728.3
1253 -90.3 -444.2
1254 -30 -458.8
1255 -52.3 -453.2
1256 -37.2 -503.9
1257 -39.4 -704.9
1258 -1702.7 -346
1259 -82.3 -734.3
1260 -37.3 -543.9
1261 -48.5 -567
1262 -35.6 -725.4
1263 -65.4 -692
1264 -118.4 -705.4
1265 153.6 -523.2
1266 122.7 -505.4
1267 -91.8 -628.8
1268 26.9 -463.1
1269 -1677.9 -54.4
1270 -59 -829.7
1271 -92.1 -821.8
1272 134.1 -577.9
1273 104.4 -559.7
1274 20.5 -1099
1275 26.4 -1049.2
1276 -17.8 -1096.6
1277 51.9 -684.2
1278 125.4 -643.6
1279 26 -839.6
1280 -1552.7 -82.6
1281 -21.3 -841.4
1282 128.5 -618.1
1283 -180.1 -810.9
1284 1.8 -777.1
1285 27.1 -783.7
1286 56.2 -785.5
1287 -120.3 -907.3
1288 -186.6 -866.4
1289 -191.3 -892.6
1290 -41.1 -964.1
1291 -1923.2 1
1292 -58.7 -1019.2
1293 -52.8 -1051.6
1294 -5.1 -1050.2
1295 -41.1 -991.6
1296 -112.4 -1054.6
1297 -212.8 -1059.4
1298 27.4 -1017.3
1299 25.1 -590.7
1300 1.6 -555.1
1301 54.6 -536.4
1302 -1876.6 59.4
1303 -45.6 -1104.3
1304 60.1 -503.8
1305 71.8 -480.4
1306 3.1 -634.3
1307 158.1 -641.6
1308 248.4 -598.4
1309 213.6 -544.2
1310 50.2 -746.2
1311 71.9 -756.7
1312 409.3 -551.7
1313 -1849.8 -15.6
1314 350.1 -566.1
1315 358.1 -947.3
1316 368.1 -923.6
1317 419.5 -647.8
1318 410.8 -680.7
1319 377.1 -639.2
1320 225.5 -634.2
1321 268.5 -668.4
1322 181.3 -634.7
1323 207.1 -690.3
1324 -1987.3 -66.4
1325 103 -808.4
1326 148.4 -832.3
1327 123.2 -899.8
1328 214 -872.4
1329 102.7 -955.6
1330 57.3 -880.6
1331 86.8 -1018.2
1332 15.9 -934.6
1333 8.5 -885.9
1334 82.6 -1092.7
1335 1188.4 -1532.1
1336 -1697.5 -413.7
1337 24 -961.4
1338 167 -1011
1339 163.9 -1082.3
1340 181.5 -953
1341 117.9 -1091.4
1342 224.9 -963.2
1343 300.2 -685.5
1344 255.3 -895.4
1345 400.1 -720.6
1346 397.7 -752.5
1347 -1545.8 -447.2
1348 312.4 -736.9
1349 397.9 -787.6
1350 271.9 -715.2
1351 309.9 -778.9
1352 295.2 -916.3
1353 273.6 -858.3
1354 294.5 -817.6
1355 215.9 -1081.1
1356 386.5 -845.7
1357 361.4 -831
1358 -1582.2 -433.9
1359 295.9 -628.1
1360 272.5 -973.8
1361 221.7 -984.6
1362 339.2 -619.6
1363 268.7 -1076.9
1364 443 -578.9
1365 429.5 -621.9
1366 585 -592.6
1367 499 -677.6
1368 320.5 -1072.9
1369 -1767.2 192.2
1370 312 -1003.5
1371 375.5 -889.7
1372 445.6 -701.1
1373 474.7 -965.6
1374 462 -808
1375 412.6 -942.6
1376 -151.4 -1208.8
1377 -122.1 -1215.9
1378 -157.3 -1233.9
1379 -132 -1112.5
1380 -1764.2 233.6
1381 -27.4 -1326.4
1382 -35.8 -1361.8
1383 -17.1 -1279.9
1384 11.4 -1151.6
1385 -161.9 -1253.8
1386 -173.1 -1302.2
1387 -77 -1226.8
1388 -93.2 -1284.1
1389 -70.3 -1203.3
1390 -221.6 -1309.5
1391 -1673.5 171
1392 -63.9 -1180.4
1393 -246.3 -1307.3
1394 -102 -1316.9
1395 -99.6 -1444
1396 -8.4 -1241
1397 -134.5 -1314.9
1398 28.8 -1337.3
1399 33.7 -1312.6
1400 22.5 -1357.5
1401 -2.3 -1213.2
1402 -1672 223.8
1403 71 -1336.3
1404 53.8 -1395.3
1405 197.4 -1190.4
1406 203.8 -1143.8
1407 147.3 -1141.9
1408 289.9 -1233.4
1409 109.7 -1161.5
1410 115.3 -1122.4
1411 100.5 -1226.2
1412 240.3 -1214.3
1413 -1525.7 7.5
1414 211.6 -1333.5
1415 183.9 -1263.4
1416 199.6 -1383.5
1417 159.9 -1372.1
1418 139.5 -1366.3
1419 169.9 -1326.7
1420 92.9 -1262
1421 -229.4 -1403.7
1422 -221.4 -1369.1
1423 84.8 -1289.6
1424 -1487.6 -97.3
1425 43.2 -1265.1
1426 50.5 -1228.9
1427 54.9 -1206.9
1428 62.4 -1169.2
1429 -255.7 -1372.8
1430 -222.4 -1344.8
1431 17.5 -1219
1432 -220.7 -1121.1
1433 -120.2 -1514.7
1434 -9.5 -1458.9
1435 -1484.6 162.8
1436 -141.7 -1645.5
1437 -137.3 -1623.3
1438 -103 -1645.9
1439 169.7 -1420.9
1440 39.3 -1440.3
1441 14.3 -1383.6
1442 108.9 -1357.5
1443 205.5 -1434.1
1444 192.6 -1623.4
1445 -167.3 -1698.8
1446 978.7 -1444.5
1447 -1479.6 202.9
1448 -10.7 -1600.2
1449 86.3 -1647.2
1450 -56.3 -1578
1451 -89.1 -1548.3
1452 82.6 -1781.4
1453 145.9 -1727.9
1454 84 -1725.5
1455 -70.4 -1656.9
1456 121.6 -1782.5
1457 999.2 -588.6
1458 -1369.3 191
1459 871.7 -622.4
1460 856.7 -708.6
1461 776.1 -643
1462 833.9 -630.5
1463 736.5 -651.8
1464 916.1 -611.4
1465 910.6 -686.2
1466 908.5 -710.4
1467 826.7 -661.8
1468 847.3 -728.3
1469 -860.9 -1160.4
1470 1085.5 -691.9
1471 823.5 -681.7
1472 1019.5 -671
1473 1023.3 -634.7
1474 953 -711.9
1475 977.7 -597.1
1476 756.7 -733.2
1477 705.7 -731.6
1478 1078.3 -728.1
1479 1014.1 -716.9
1480 -776.9 -1103.7
1481 1001.5 -758.9
1482 1056.4 -683.6
1483 1063.5 -637.8
1484 1277.3 -627.3
1485 986 -804.4
1486 968.8 -854.9
1487 906.7 -825.5
1488 957.2 -885.7
1489 1062.6 -765.8
1490 978.8 -897.4
1491 -886.8 -1175.5
1492 559.7 -765.1
1493 611.8 -1010.7
1494 702.1 -996.5
1495 991.3 -970.6
1496 995.6 -942.3
1497 1002.8 -910.6
1498 864 -1112.8
1499 829.8 -1101
1500 941.2 -992.8
1501 846.4 -1044.6
1502 -812.1 -1103
1503 903 -1126.6
1504 911.1 -1097.1
1505 982.1 -1006.3
1506 931.5 -1027.4
1507 966.9 -1056.9
1508 975.1 -1032.8
1509 1007.9 -1071
1510 1062.7 -1089
1511 1057.6 -1109.8
1512 991.4 -1098.2
1513 -591.8 -1107.3
1514 938.7 -1146.4
1515 1081.2 -1023.2
1516 1073.8 -1050.8
1517 953.5 -1098.8
1518 1045.5 -822.4
1519 1310.4 -717.4
1520 1203 -1011.5
1521 1196.9 -984.5
1522 1214.2 -701.5
1523 1261.5 -705.1
1524 -594.8 -1076.8
1525 1219.7 -751.6
1526 1050.9 -934.7
1527 1239 -943.2
1528 1300 -946.8
1529 1138.5 -809.1
1530 1200.7 -911.2
1531 1198.6 -944.2
1532 1203 -874.5
1533 1144.8 -668.6
1534 1267.3 -768.1
1535 -622.9 -1106.7
1536 1307.9 -769.4
1537 1265.3 -812.1
1538 1273.3 -678.5
1539 1250.7 -1105.8
1540 1202.2 -1090.7
1541 1235.3 -1156.6
1542 1232.5 -1014.2
1543 1174.6 -1140.6
1544 1136.4 -1130.5
1545 1201.1 -1147.6
1546 -927.7 -1100.9
1547 1141.8 -1106.7
1548 509.2 -1195.5
1549 503.5 -1231.5
1550 1145.4 -1032.3
1551 1135 -1069.8
1552 1091.8 -1118.8
1553 1179.1 -1083.5
1554 1156.1 -1187.1
1555 499.6 -1255.8
1556 1219.4 -1193.6
1557 958.3 -1440
1558 -924.5 -1186.7
1559 444.5 -1455.5
1560 338.8 -1575.8
1561 351 -1534.6
1562 409.6 -1565.1
1563 478.3 -1579.7
1564 488.1 -1624.8
1565 379.6 -1544.7
1566 151.2 -2070.8
1567 94.1 -2034.5
1568 193.6 -2088.8
1569 -1402.7 -1102.4
1570 95.6 -1964.1
1571 278.6 -1789
1572 237.5 -1879
1573 292.4 -1758.9
1574 266.4 -1652.4
1575 109.3 -2101.5
1576 161.4 -2157.2
1577 133 -2112.3
1578 143.7 -2183.2
1579 254.3 -2040.5
1580 -1394.4 -1030.6
1581 242.4 -2105.2
1582 274.2 -2077.9
1583 274 -2158.3
1584 315.7 -1836.3
1585 263.8 -1960.1
1586 287.5 -1966.4
1587 308.4 -1969.2
1588 249.6 -1852.4
1589 414.5 -1861.8
1590 378.8 -1854.2
1591 -1507.4 -1080.3
1592 404.9 -2113
1593 371 -2096.7
1594 452.6 -2135.9
1595 365.9 -2159.3
1596 580.8 -2087.2
1597 357.2 -2185.9
1598 614.5 -2093.9
1599 476.4 -2115.6
1600 611.6 -2068.2
1601 598.2 -2021.9
1602 -593.8 -1176.1
1603 599.9 -1833.9
1604 579.9 -1920.1
1605 619.5 -1771.8
1606 539.2 -1956.7
1607 572.9 -1823.4
1608 525.2 -1804.7
1609 504.8 -1870.5
1610 476.3 -1659.9
1611 518.3 -1681.3
1612 559.3 -1464.5
1613 -950.6 -1205
1614 548.8 -1497.4
1615 524.4 -1452.8
1616 594.8 -1352.1
1617 446.1 -1612.3
1618 542.8 -1399
1619 505.1 -1398.4
1620 531.4 -1432.1
1621 398 -1691.9
1622 411.9 -1647.9
1623 459.3 -1710.2
1624 -1053.5 -1035.6
1625 506.3 -1718.8
1626 450.7 -1735.7
1627 568.3 -1343.9
1628 497 -1747.7
1629 467.6 -1500.9
1630 533.4 -1330.7
1631 488.6 -1548.9
1632 461.1 -1525.1
1633 449.2 -1569.3
1634 542.7 -1516.8
1635 -858.2 -908.5
1636 623.4 -1590.7
1637 624.9 -1361.5
1638 600.7 -1429.3
1639 569.2 -1527.9
1640 575.9 -1506.8
1641 585.5 -1476.9
1642 608.1 -1539.8
1643 634.5 -1547.8
1644 676 -1376.7
1645 644.2 -1510.7
1646 -931.3 -914.4
1647 689.4 -1318.5
1648 619.6 -1437.1
1649 649.5 -1640.9
1650 729.9 -1389.1
1651 747.9 -1344.1
1652 678.3 -1514.8
1653 688.8 -1468.8
1654 566 -1662
1655 667.2 -1563.4
1656 767.1 -1455.4
1657 -944.9 -974.1
1658 662 -1586
1659 750.4 -1521.3
1660 759.7 -1484.6
1661 697.9 -1729.1
1662 634.5 -1706.4
1663 515.6 -1153.1
1664 667.6 -1141.8
1665 600.1 -1257.5
1666 651.6 -1276.9
1667 707.8 -1242.5
1668 355.1 -1258.5
1669 -516.9 -1165.7
1670 621.6 -1179.2
1671 635.8 -1330.8
1672 642.7 -1305.8
1673 715.6 -1202.8
1674 608 -1221
1675 561.7 -1244.9
1676 543.3 -1159.2
1677 574.3 -1166.8
1678 696.4 -1288.3
1679 727.1 -1293.1
1680 -483.9 -1375.5
1681 727.1 -1155.1
1682 799 -1306.5
1683 792.4 -1338.6
1684 881.3 -1254
1685 911.6 -1236.3
1686 886.7 -1230.7
1687 861.7 -1337.6
1688 970.6 -1268.6
1689 874.7 -1282.5
1690 930.4 -1433.6
1691 -364 -1357.7
1692 810.4 -1260.6
1693 960.7 -1312.3
1694 948.8 -1363.5
1695 976.5 -1239.9
1696 992.3 -1169.6
1697 1170.5 -1223
1698 1120.6 -1210
1699 1198.5 -1310.6
1700 1084.7 -1197.3
1701 1072.6 -1254.2
1702 -457.8 -1541.3
1703 1285.8 -1318.6
1704 1151.9 -1515.6
1705 1121.1 -1502.9
1706 1150.6 -1440.9
1707 1092.9 -1491.4
1708 1057.7 -1471.7
1709 1017.7 -1460.5
1710 998.7 -1452.7
1711 1030.3 -1581.3
1712 1055.8 -1652.4
1713 -250.9 -1340.8
1714 1031.8 -1543.5
1715 1259.4 -1703.7
1716 1039.3 -1509
1717 883 -1423.2
1718 974 -1559
1719 981.9 -1525.9
1720 965 -1597.1
1721 965.5 -1629.6
1722 816.8 -1592.2
1723 936 -1525.2
1724 -396.3 -1147.5
1725 877.8 -1607.5
1726 912.1 -1616.2
1727 848.8 -1710.9
1728 785.5 -1688.5
1729 805.9 -1634.7
1730 776.6 -1742.4
1731 937.1 -1622.5
1732 921.9 -1578.8
1733 880.7 -1722.2
1734 1003.6 -1639.2
1735 -459.2 -1152.5
1736 763.9 -1786.7
1737 746.3 -1848.4
1738 1030.5 -1731.9
1739 940.6 -1886.6
1740 832.7 -1771
1741 993.5 -1689
1742 910.5 -1732.8
1743 827.1 -1923
1744 857.2 -1810.7
1745 794.9 -1910.4
1746 -342.7 -1500.3
1747 799 -2022.4
1748 1038.4 -1701.1
1749 752.5 -1826.7
1750 943.4 -1801.3
1751 980.1 -1757.4
1752 810.3 -1854
1753 779.9 -1967.9
1754 761 -1897.1
1755 944.7 -1744.9
1756 727.7 -1884
1757 -524.3 -1586.8
1758 689.7 -1761.5
1759 709.7 -1767.6
1760 1017.9 -1821.9
1761 964.3 -1852.4
1762 912.5 -1868.3
1763 914.1 -1817.5
1764 916.3 -1916.7
1765 960.4 -1933.3
1766 1254.4 -1771.8
1767 1156.7 -1900.4
1768 -529.5 -1553.3
1769 835 -2008.8
1770 665 -2055.2
1771 721.2 -1952.2
1772 744.5 -2103.2
1773 768.2 -2012.4
1774 1204 -2057
1775 739.6 -2057.6
1776 1103.3 -1915.3
1777 1053.1 -1957.6
1778 718.9 -2015.2
1779 381.6 -1202
1780 -503 -1604.1
1781 689.8 -2016.8
1782 1150.5 -1949.5
1783 761.8 -2037
1784 872.4 -2034.5
1785 1031.3 -2004.7
1786 676.5 -1940
1787 1166.6 -2060.8
1788 696.7 -1871.9
1789 1076.8 -1955.4
1790 1093.1 -2068.6
1791 -567 -1526.2
1792 1085.4 -2001.9
1793 1110.9 -1952.9
1794 1134.1 -2064.3
1795 1240.3 -2017.6
1796 -284.6 971.1
1797 -257.9 981.6
1798 -1900.8 736.2
1799 -1886.7 801.3
1800 856.3 2455.7
1801 926.3 2493.3
1802 -555.4 -1386.1
1803 856.3 2434
1804 -1574.6 1632.9
1805 89.5 1255.3
1806 -80.4 1291.3
1807 -108.5 1335.9
1808 546.9 2319.2
1809 590.4 2386.6
1810 600.3 2420.1
1811 582.9 2418.2
1812 479.3 2352.7
1813 -563.7 -1332.4
1814 607.1 2458.5
1815 -230.5 2464.8
1816 634.6 2488.6
1817 -412.4 2468.9
1818 -36.7 2470.8
1819 217.1 2480.2
1820 249.1 2481.1
1821 341.1 2481.8
1822 323.5 2460
1823 1208.2 2497.3
1824 -492.5 -1320.6
1825 -1551.1 -2299.6
1826 -720 -2234.3
1827 -52.3 -2208.6
1828 -25.7 -2176.8
1829 -413.8 -2007.7
1830 -446.1 -1996
1831 -575.4 -1985.9
1832 -516.9 -1987
1833 -700.1 -1971.1
1834 -677.8 -1973
1835 -571.1 -1284.4
1836 -814.8 -1948.4
1837 -802.2 -1849.6
1838 -785.5 -1824.7
1839 -780.4 -1903.5
1840 -859.4 -1816
1841 -834.1 -1837.5
1842 -859 -1826
1843 -911.6 -1796.2
1844 -933 -1789.7
1845 -895.4 -1752.9
1846 -596.1 -1334.7
1847 -970.9 -1783.7
1848 -1529.6 -1737.1
1849 -1473.9 -1634
1850 -1420.5 -1720.9
1851 -823.1 560.2
1852 -786.8 559.7
1853 -1373 711.9
1854 -1445.6 711.9
1855 595.7 884.4
1856 1417.3 2489.2
1857 -689.8 -1390.2
1858 1478.5 2448.6
1859 1417.3 1189.3
1860 1415.7 1144.2
1861 1430.3 1416.6
1862 1447.9 1734.1
1863 838.6 2347.4
1864 -832.5 1956.3
1865 829.8 -573.7
1866 756.2 -577.3
1867 647.8 -563.1
1868 -655.3 -1357.9
1869 614.4 -471.8
1870 588.9 -556.6
1871 -1204.5 684
1872 -986.7 685.7
1873 512.5 2222.1
1874 518.6 2165.1
1875 568.2 2147.8
1876 -1787 -2328.3
1877 -824.2 587.6
1878 -877.2 -1101.7
1879 -741.3 -1353.8
1880 -786.9 -1029.4
1881 -689.3 -1011.8
1882 -700.2 -1077.2
1883 -210.3 -1014.6
1884 -250.1 -1007.3
1885 -466.6 -1103.8
1886 -486.7 -1103.4
1887 -428.5 -1103.7
1888 -639.6 -1185.1
1889 -769.6 -1203.4
1890 -1478.1 2436.4
1891 -769.6 -1456.4
1892 -820.5 -1213.4
1893 -425.5 -1078.9
1894 -486.3 -1077.7
1895 -904.6 -989.6
1896 -824.4 827.9
1897 -852.9 728.3
1898 -839.9 855.5
1899 -688 999.5
1900 -810.8 682.3
1901 -838 709.4
1902 -850.7 -1524.9
1903 -827.2 661.1
1904 -331.8 1826.5
1905 -1346.7 -622.2
1906 -2013 21.2
1907 -1437.8 -1367.7
1908 -53.3 1558.5
1909 -87.4 1412.5
1910 -82.9 1432
1911 -898.1 1982.2
1912 -2109.8 -2264.3
1913 -797.3 -1479.4
1914 -1971.6 -2245.4
1915 -2104.2 -2223.8
1916 -1770.4 -2129.3
1917 -1666 -2129.6
1918 -1797 -2015.8
1919 -1878.6 -2232.7
1920 -1843.2 -2262.2
1921 -1848.2 -2228.5
1922 -2065.8 -1945.7
1923 -2103.9 -1941.4
1924 -939.7 -1584.1
1925 -2078.2 -2035.5
1926 -2074.5 -2008.6
1927 -1579.8 -2002.5
1928 -1600.7 -2000
1929 -1586.6 -2060.8
1930 -1594.6 -2129.8
1931 -1590.7 -2096.3
1932 -1525.3 -2130
1933 -1329.3 -2246.5
1934 -1306.2 -2234.9
1935 -885.4 -1316.3
1936 -1364.2 -2251.6
1937 336.5 2054.3
1938 345.8 2007.1
1939 301.5 2061.9
1940 273.9 2086.5
1941 -1553.8 -1452.6
1942 -1562 -1481.6
1943 -1454.5 -1464.7
1944 -1606.6 -1639.6
1945 -1762.9 -1322.1
1946 -936 -1283.2
1947 -2089.3 -1894.6
1948 -2186.1 -1932.2
1949 -2179.7 -1878.5
1950 -2253.7 -1924.5
1951 -1932.6 -1775.4
1952 -1909.6 -1705.9
1953 -1899.7 -1781.8
1954 -1994.7 -1763.4
1955 -1993.6 -1696.4
1956 -2021.4 -1877.9
1957 -855.4 -1273.2
1958 -2066.3 -1749.5
1959 -2025.2 -1757.5
1960 -2047.1 -1650.1
1961 -2156.6 -1732
1962 -2120.1 -1739
1963 -2169 -1810.9
1964 -1988.3 -1659.2
1965 -1979.5 -1597.6
1966 -2111.5 -1640
1967 -2109.8 -1575.2
1968 -830.9 -1241.6
1969 -1918.8 -1497
1970 -1935.2 -1427.2
1971 -1964.3 -1491.8
1972 -1972.9 -1551.4
1973 -2012.9 -1486.3
1974 -2094.7 -1477.1
1975 -2072 -1479.6
1976 -896.4 -1225.5
1977 -152.6 -622.5
1978 645.5 -573.3
1979 -798.9 -1313.1
1980 -88.6 -416.3
1981 142.7 -459.4
1982 71.4 -446
1983 564.1 -547
1984 1278.4 1389
1985 832.5 2176.8
1986 1412.5 1101.5
1987 -1096 -2264.3
1988 -991.6 1442
1989 -1064.8 1603.7
1990 -775 -1330
1991 -1200.6 -1658.1
1992 -1081.9 -1713.8
1993 -1211.6 -1705
1994 -1228.2 -1764.9
1995 -1245.9 -1699.6
1996 -1436.6 -1669.4
1997 -1382.3 -1678
1998 -1428.7 -1633.2
1999 -1447.1 -1717
2000 -1475.7 -1716.6
2001 -1477.9 2338.4
2002 -757 -1305.8
2003 -1421.1 -1598.8
2004 -1391.2 -1605.6
2005 -1461 -1591.3
2006 -1331.7 -1686
2007 -1349.7 -1639.8
2008 -1271.9 -1649.6
2009 -1291.8 -1692.3
2010 -1841.7 795
2011 -1876.6 867.2
2012 -1865.3 940.6
2013 -798.1 -1586.1
2014 -1840.6 936.3
2015 -194.4 -2192.3
2016 -149.8 -2188.8
2017 -294.9 -2200.4
2018 -27.6 1685.9
2019 111.3 2476.5
2020 148 2477.6
2021 -2328.9 -2340
2022 -2071.6 -2368.4
2023 -2315.5 -2246.5
2024 -753.9 -1643.5
2025 -2270.3 -2259.8
2026 -2227.9 -2253.9
2027 -2221.7 -2208
2028 -2208.1 -2108.2
2029 -2217.1 -2174.4
2030 -2135.5 -2117
2031 -1929.1 -2356.7
2032 -1875.9 -2177
2033 -1963.8 -2206
2034 -1955.9 -2151.9
2035 -619.2 -1767.7
2036 -2099.2 -2188
2037 -2094.3 -2152.2
2038 -2090.2 -2122.5
2039 -2084.9 -2084.5
2040 -1538.3 -2248.6
2041 -1662.7 -2092.4
2042 -1659.4 -1992.9
2043 -2081.2 -2057.5
2044 -2282.5 -1921.3
2045 -2271.7 -2051.2
2046 -561.4 -1811.7
2047 -2300.4 -2046.4
2048 -2292.9 -1994
2049 -1632.4 -2020.1
2050 -1630.2 -1996.4
2051 -2174.8 -1847.4
2052 -2254.8 -1833
2053 -2239.2 -1795.4
2054 -2201.5 -1723.2
2055 -2195.1 -1693.2
2056 -2225 -1718.7
2057 -597 -1736.4
2058 -2085.6 -1871.1
2059 -2029.2 -1908.1
2060 -2040.7 -1948.5
2061 -2137.8 -1552
2062 -2166.2 -1459.8
2063 -2141.5 -1580.4
2064 -2035.1 -1588
2065 -2023.5 -1544.6
2066 -1944.1 -1555.2
2067 -2004.3 -1419.2
2068 -373.5 -1656.3
2069 -1883.3 -1433.3
2070 -2061.6 -1412.6
2071 -2039 -1415.2
2072 -1903.9 -1560.7
2073 -1905.1 -1524.3
2074 -1772.7 -1569.5
2075 -1832.6 -1864.3
2076 -1861.7 -1860.4
2077 -1974 -1956
2078 -2027.6 -1335.5
2079 -401.3 -1655.5
2080 -1890.4 -1475
2081 -1771.2 -1531
2082 -1769.5 -1488.7
2083 -1767.7 -1442.7
2084 -1734.2 -1445.3
2085 -1630.6 -1467.2
2086 -1572.2 -1517.9
2087 -1459.5 -1503.2
2088 -29.7 826.7
2089 -1586.1 -1566.8
2090 -375.6 -1680.1
2091 -1597.9 -1608.7
2092 -1469.2 -1593
2093 -1774.4 -1613.5
2094 -1776.6 -1667.7
2095 -1484.5 -1758.5
2096 -1545.8 -1817.5
2097 -1556.9 -1853.8
2098 -1495.7 -1824.2
2099 -1522.1 -1821.1
2100 -1500.5 -1866.3
2101 -449 -1596.8
2102 -1528.9 -1860
2103 -1539.7 -2007.3
2104 -1739.3 -1576.8
2105 -1703 -1585
2106 -1697.5 -1556
2107 -1427.7 -1898.6
2108 -1390.8 -1801
2109 -1507.3 -1986.4
2110 -1440.9 -1779
2111 -1407 -2054.4
2112 -1432.6 2437.1
2113 -487.9 -1868.6
2114 -1380.4 -2087.5
2115 -1434.9 -2048
2116 -1304.5 -1962.4
2117 -1317.3 -1916.8
2118 -1280.7 -1936.1
2119 -1419.7 -2146.1
2120 -1328.3 -2168
2121 -1240.4 -2197
2122 -1307.7 -2120.4
2123 -1332.4 -2021.7
2124 -526.2 -1838.6
2125 -1302.7 -1322.2
2126 -1642.2 -1498.6
2127 -1733.8 -1549.8
2128 -1063.5 956.5
2129 -1024.9 956.1
2130 967 1800.3
2131 -1458.5 -2127.3
2132 -1447.8 -2229
2133 -1411.1 -2244.9
2134 -1387 -2249.1
2135 -716 -1498.6
2136 -1291.8 -1582.5
2137 -1281.4 -1549
2138 -1249.2 -1563.2
2139 -1214.8 -1577.7
2140 -744.1 2312.8
2141 -338 2223.3
2142 -371.4 2242.8
2143 415.4 2384.6
2144 144.6 2450.1
2145 139.3 2413.7
2146 -685.4 -1521.8
2147 305.5 2390.1
2148 258.5 2438
2149 243 2453.8
2150 249.3 2393.5
2151 227.5 2276.8
2152 188 2272.6
2153 179.5 2224.6
2154 168 2275.2
2155 118.1 2314.2
2156 221.4 2254
2157 -698.6 -1480.4
2158 269.5 2268.7
2159 220.3 2404.3
2160 199 2410.6
2161 193.2 2390.3
2162 284.5 2411.5
2163 424.3 2405.7
2164 452.5 2366.1
2165 -1178.2 -1863.8
2166 -1243.4 -1808.2
2167 -1033.8 -1669.7
2168 -836.8 -1625.6
2169 -1053.8 -1687.9
2170 -1045.3 -1753.6
2171 -983.9 1360.3
2172 -982.5 1335.6
2173 -811 1173.6
2174 -860.4 1176.5
2175 -765.8 1570.1
2176 -735.3 1252
2177 -816.7 1107.2
2178 -1026.6 1073.9
2179 -905.9 -1702.4
2180 -629.1 995.4
2181 -836.4 890.8
2182 -175.7 1101.5
2183 -352 956.9
2184 -472.5 765.4
2185 -480.8 745.5
2186 -340.1 983.6
2187 -327.3 945.8
2188 -303.3 929.4
2189 -408.4 952.4
2190 -886 -1678.8
2191 -301.1 868.6
2192 -228.4 827.3
2193 -259.2 844.2
2194 -431.4 1093.3
2195 -451.6 1182.8
2196 -385.2 1293.5
2197 -560 1091
2198 -591.9 1050.2
2199 -556.6 1113.8
2200 -214.5 1232.4
2201 -551.3 -1474
2202 -153.1 1150.6
2203 -216.6 1149.3
2204 -231.1 1114.7
2205 -149 986.7
2206 -127.5 977.3
2207 -152.2 924.5
2208 -92 892.1
2209 -79.6 916.7
2210 -70.3 844.1
2211 37.8 1305.9
2212 -627.3 -1484.9
2213 -98.7 1378.4
2214 -1035.2 -1776
2215 -925.2 -1770.9
2216 -860.3 -1701.5
2217 -840.4 -1777.5
2218 -795 -1746.9
2219 -870.2 -1660.7
2220 -820.2 -1788.2
2221 -703.4 -1695
2222 -667.3 -1656.8
2223 1370.4 341
2224 -690.1 2457.9
2225 -389 -1857.2
2226 -774.2 -1767.7
2227 -758.1 -1783.7
2228 -760.2 -1544.8
2229 -734.1 -1570.9
2230 -714 -1589
2231 -696.8 -1863.4
2232 -511.8 -1924.9
2233 -576.8 -1927.5
2234 -519 -1957.8
2235 -459.1 -1892.7
2236 -361 -1875.6
2237 -474.7 -1913.1
2238 -577.8 -1953.1
2239 -571.6 -1844.5
2240 -607.7 -1892.3
2241 -677.2 -1839.3
2242 -690.5 -1945.8
2243 -630 -1948.9
2244 -368.1 -2037.1
2245 -316.8 -2084.2
2246 -351.8 -1981.7
2247 -394.9 -1908.8
2248 -245.7 -2038.8
2249 -311.6 -1908.1
2250 -279.2 -1929.5
2251 -124.4 -1887
2252 -161.8 -1894.2
2253 -114.4 -1930.9
2254 -235.7 -1821.3
2255 -184.1 -1880.7
2256 -218.4 -1841.4
2257 -159.6 -1732.5
2258 -371.9 -1746.7
2259 -147.4 -1786
2260 -240 -1692.2
2261 -467.2 -1735.5
2262 -476.1 -1796.3
2263 -568.9 -1712.9
2264 -551.2 -1671.9
2265 -955.2 -1319.5
2266 -1043.6 -1356.8
2267 -1018.7 -1588.9
2268 -219.6 -1968.7
2269 -383.8 -1789.9
2270 -186.2 -1990.8
2271 -424 -1692.6
2272 -499.9 -1273.4
2273 -508.1 -1221.5
2274 -524.7 -1634.6
2275 -662.4 -1539.5
2276 -598.3 -1530.7
2277 -333.3 -1893.9
2278 -652 -1268.2
2279 -667.4 -1296.4
2280 -430.7 -1740.1
2281 -691.3 -1339.5
2282 -709.3 -1276.5
2283 -738.2 -1235.9
2284 -597.6 -1392.4
2285 -643.8 -1423.1
2286 -661.8 -1441.9
2287 -686.9 -1422.3
2288 -782.6 -1519.3
2289 -813.2 -2241.8
2290 -814.1 -2173.1
2291 -335.4 -1759.5
2292 -854.6 1983.9
2293 -956.3 1924.8
2294 -223.3 1441.3
2295 -212.6 1465.2
2296 -356 2003.9
2297 395.1 2131.5
2298 374.6 2154.5
2299 335.6 2152.8
2300 247.8 2158.5
2301 228.3 2010.6
2302 -297.4 -1779.8
2303 290.2 1988.1
2304 318.4 1980
2305 288.5 2027.7
2306 278.9 1890.3
2307 279.1 1751.7
2308 239.1 1815.8
2309 247.7 1686.6
2310 200.4 1701.1
2311 -113.5 2051.3
2312 -622.7 1507.5
2313 -922.4 -1375.2
2314 578.3 2356.6
2315 734 2156.2
2316 626.4 2158.2
2317 982.4 2180
2318 1002.5 2013.9
2319 1244.6 1561.6
2320 1193.7 2477.4
2321 -1012.6 948.8
2322 -1025 1051.9
2323 1238.1 2152.7
2324 -899.3 -1391.7
2325 1262.6 1944.8
2326 1419.8 2021.5
2327 966.5 2074.4
2328 797.3 2030.9
2329 790 2001.6
2330 760.4 2011.9
2331 1097.9 1573
2332 859 1681.2
2333 879.9 1661.4
2334 706.4 2017.5
2335 -524 2462.2
2336 -950.5 -1451.6
2337 855.5 460.7
2338 827.4 473.5
2339 171.4 498
2340 129.1 514.1
2341 372.3 1666.6
2342 1159.7 1123.2
2343 1176.4 1194.6
2344 1112.4 1008.3
2345 486.5 -439.3
2346 528.4 -451.2
2347 -878.1 -1406.9
2348 511.8 -397.2
2349 900.1 946.4
2350 817.8 1289.6
2351 794.2 1227
2352 554.7 1092.3
2353 505.4 1090.1
2354 517.6 823.8
2355 536.2 -573.7
2356 575.4 119.7
2357 -1310.1 -1347.1
2358 -681.9 -1191.9
2359 -1268.5 -1353.1
2360 -883.4 -2210.3
2361 1276.6 -1472.8
2362 1237.7 -1469.7
2363 556.2 2178.2
2364 -1181.1 -1884.9
2365 -1031.6 -1796.4
2366 -625 -1980
2367 364.2 2088.9
2368 -481.9 1510.9
2369 -717.9 -1197.3
2370 192.9 2479.3
2371 364.3 971.5
2372 377.9 1003.7
2373 59.8 977.5
2374 452.3 1058.4
2375 -1445.3 -1458.3
2376 -1515.3 -2039
2377 -1711.5 2270.5
2378 -1373.3 2301.8
2379 -1292.5 1630.3
2380 -577.4 -1244
2381 -1092 -1532.7
2382 -1065.5 -1543.9
2383 -902.9 -1479.9
2384 -966.8 -1545.7
2385 -298.4 -1960.8
2386 -279.8 -1972.5
2387 -333.7 -1970.6
2388 470.5 796.1
2389 375.1 901.2
2390 475.5 1033.1
2391 -630.7 -1221.1
2392 366.5 821.3
2393 183.2 739.9
2394 787.2 2355.4
2395 -1005.9 -1787.9
2396 1096.1 1654.5
2397 421.3 946.4
2398 -105.3 169.4
2399 347.7 265.8
2400 -229.1 1038.2
2401 932.9 -1180.9
2402 -609.1 -1580.6
2403 -1121.2 -1386.9
2404 913.2 -2085.6
2405 1155 -1992.1
2406 -959.6 1185.8
2407 -656.2 1396.4
2408 -655.1 1474.3
2409 -130.1 2467.6
2410 593.7 -454.2
2411 -1041.5 718.6
2412 -1009.3 751.2
2413 -630.6 -1564
2414 -996 733.1
2415 -875.6 672.3
2416 -974.3 719.9
2417 -201.4 2415.7
2418 -1205.7 2038.7
2419 -1227.5 2017.1
2420 -1634.2 2428
2421 -914.7 -1806.5
2422 -582.2 -1545.6
2423 -636.8 -1616.9
2424 -1478.3 2236.1
2425 -649.7 -1633.7
2426 -739.5 -1523.2
2427 -378.5 -1719.3
2428 -295.5 -1687.3
2429 -195.5 -1581.6
2430 -178.3 -1650.5
2431 -303.4 -1603.8
2432 -1081.7 -1262.8
2433 -1179.4 -1266
2434 -1101.5 -1326.6
2435 -1433.1 2229.1
2436 -1066.2 -1347.5
2437 -1150 -1474.8
2438 -1175.3 -1465
2439 -1159.2 -1504.3
2440 -1135.2 -1429.6
2441 -1040.4 -1566.9
2442 -1189.2 -1588.6
2443 -1198.6 -1630.9
2444 -1164.2 -1601.6
2445 -1207.5 -1459.7
2446 -713.3 2214.7
2447 -1157.8 -1315
2448 -1011 -1370.3
2449 -954.9 -1254
2450 -1015.3 -1391.9
2451 -1039.2 -1408.7
2452 -1019.1 -1244.7
2453 484.5 -2154.2
2454 658.5 -2107.7
2455 568.8 -2136.1
2456 974.5 -2079.9
2457 -655.1 2215.2
2458 952 -2082.2
2459 337 -2190.6
2460 327.6 -2075.8
2461 286.5 -2056
2462 337.3 -2034.9
2463 317.4 -2121.6
2464 180.1 -2004.8
2465 205.5 -1948.8
2466 120.5 -1976.1
2467 50.3 -1942.3
2468 -702.5 2328
2469 106.5 -1816.4
2470 380 -1747.7
2471 353.7 -1678.7
2472 449.8 -1895
2473 498.3 -2027.4
2474 448.5 -2030.1
2475 573 -2023.3
2476 508.9 -2075.7
2477 102.8 -2181
2478 1.9 -2177.7
2479 311.7 2202.3
2480 124.5 -2131.5
2481 311 -1718.1
2482 337.5 -1729.4
2483 329.8 -1677
2484 483.9 -1788.6
2485 438.8 -1770.8
2486 648.8 -1853.1
2487 638.3 -2019.8
2488 678.2 -1806.9
2489 936.2 -1966.5
2490 341.4 2270.2
2491 859.9 -1934.3
2492 1021.7 -1960.2
2493 960.4 -1965.1
2494 1028.2 -1912.3
2495 459.9 -1934.8
2496 543.4 -1602.7
2497 530.2 -1644.2
2498 509.5 -1590.7
2499 611.8 -1627
2500 556.7 -1567
2501 358.2 2173.5
2502 738.3 -1569.4
2503 770.1 -1580.4
2504 1061.8 -1786.5
2505 1017.6 -1770.7
2506 1050.8 -1827.5
2507 1072.1 -1747.7
2508 714.5 -1663.3
2509 680.2 -1651.2
2510 744.9 -1674.1
2511 729.4 -1604.4
2512 1366.2 269
2513 438.8 2080.4
2514 781.6 -1391.9
2515 270.9 -1447.6
2516 298.3 -1522.7
2517 288.8 -1405.9
2518 415.9 -1129
2519 404.8 -2032.2
2520 348.2 -1987.5
2521 966.5 -2010.6
2522 891.4 -2005.7
2523 1049.3 -1140.2
2524 476.4 2043.4
2525 1132.9 -856
2526 1019.7 -868
2527 580.7 -701.7
2528 690.6 -758.4
2529 554.1 -707.7
2530 773.4 -808.7
2531 633 -680
2532 607.7 -591.1
2533 696.1 -660.8
2534 507.4 -884
2535 474.6 2141
2536 524.8 -830.5
2537 777.9 -974.1
2538 715.2 -955.1
2539 751.3 -1068.4
2540 647.9 -932.3
2541 747 -859.7
2542 683.7 -1053.4
2543 695.7 -1016.6
2544 618.5 -1042.5
2545 598.2 -915.1
2546 196.6 1490.9
2547 659.4 -907.4
2548 628 -975.6
2549 726.7 -784.4
2550 694.8 -830.5
2551 1281.7 -1396.9
2552 1280 -1430.5
2553 1213.3 -1391.2
2554 991.6 -1375.5
2555 1231 -1347.3
2556 999.4 -1333.6
2557 259.5 1685.9
2558 1008.1 -1288.2
2559 1156 -1298
2560 1288.8 -1253.3
2561 1203.2 -1249.8
2562 528.5 -1068.1
2563 523.9 -1110.2
2564 739.5 -1109.4
2565 1109.7 -942.4
2566 1089.9 -996.1
2567 1159.6 -994.3
2568 133.1 1415.4
2569 1295.7 -1017.2
2570 1254.8 -1014.9
2571 1291.6 -1198.3
2572 800.2 -763.4
2573 818.1 -826
2574 1140.4 -741.9
2575 1112.6 -735.7
2576 1141.7 -718.8
2577 837.4 -1131.3
2578 823.3 -1196.6
2579 20.4 685.6
2580 905.8 -1148.2
2581 938.2 -1156.2
2582 843.9 -1414.4
2583 806.6 -1406.1
2584 837.4 -1448.6
2585 852.6 -1377
2586 1097.4 -592.2
2587 1208.7 -610.9
2588 1050.7 70.5
2589 1012.5 89.8
2590 -44.4 715.9
2591 1031.6 -3.9
2592 779.7 -301
2593 829.4 -174.1
2594 853.2 -200.2
2595 848.9 -121.1
2596 860.5 8
2597 859 -16.6
2598 941 127
2599 910.3 142.1
2600 895.9 34.9
2601 1040.2 1816.3
2602 946.7 -330.7
2603 968.8 -267.1
2604 981.4 -221.5
2605 1080.8 -237.2
2606 1216.5 -258.5
2607 1277 -270.3
2608 1223.4 -222.6
2609 1208 -302.5
2610 1335.2 -279.6
2611 1330.1 -357.1
2612 984.7 1836
2613 999.7 -141.6
2614 1006.2 -114.6
2615 990.9 -178.9
2616 976.9 -166.4
2617 929.5 -105.5
2618 1229.1 -192.6
2619 1170.9 -209.4
2620 1015.1 -78.4
2621 1061.1 -88.8
2622 1027.2 -28.8
2623 1345.5 -50.9
2624 859.8 1400.8
2625 1239.1 -140.9
2626 1188.4 -128.5
2627 1256.2 -52.2
2628 1146.2 -558.6
2629 1161.1 -511.6
2630 1058.6 -580.1
2631 1268 -3.5
2632 1210.1 -29.5
2633 1177.6 -3.7
2634 1196 -94
2635 878.8 1446.4
2636 1142.2 -117.1
2637 1179 -172.2
2638 1094.7 -190.4
2639 1161.4 -249.8
2640 1048.6 -178.9
2641 1118.2 -111.2
2642 1105.9 -152.7
2643 1143.4 21.8
2644 1141.7 -32.5
2645 924.2 -385.3
2646 732.9 1421
2647 1043.7 -391.3
2648 1189.3 -399.6
2649 1199.9 -344.5
2650 1171.7 -478.4
2651 1271.9 -502.4
2652 906.2 -425.5
2653 958.7 -446.5
2654 1320.8 -522.5
2655 1275.7 -531.3
2656 1317.8 -583.5
2657 771.6 1167.1
2658 1305.4 -835.8
2659 1264.4 -834.2
2660 1303.1 -878.1
2661 -741.8 -1911.9
2662 -714.2 -1885
2663 -690.7 -1917.6
2664 -921 -2111.6
2665 -918.8 -2155.9
2666 -1247.8 -1845.3
2667 -1289.6 -1837.2
2668 784.2 1200.7
2669 -1269.7 -1891.7
2670 -1875.8 -1678.7
2671 -1625.3 -1705.5
2672 -1893.8 -1603.7
2673 -401.1 -1953.1
2674 -427 -1919.6
2675 -115.8 745.8
2676 -247.7 782.2
2677 -140.5 692.3
2678 -243.9 534.8
2679 633.3 628.6
2680 -231.8 551.6
2681 -260.7 495.4
2682 -422.5 -1660.2
2683 -536.7 -1506.4
2684 -1221.2 512.3
2685 -1218.4 537.7
2686 -538.5 735
2687 -488.9 844.8
2688 -667.6 713.1
2689 370.2 -1933.3
2690 698.9 614.3
2691 483.6 -1989.7
2692 222.3 -1390
2693 357 -1737.9
2694 -57.4 -1321.1
2695 332.6 -1795.9
2696 347.1 -1761.4
2697 321.7 -1929.7
2698 370.8 -1889.2
2699 234.1 -2030.8
2700 249.2 -1995
2701 648.6 706.4
2702 525.2 -2147.2
2703 511.1 -2122
2704 440.1 -2166.7
2705 391.3 -2177.7
2706 278 -1926.4
2707 256.2 -1924.7
2708 295.5 -1884.4
2709 449.4 -542.5
2710 509.9 -544.1
2711 306.3 -596.8
2712 603.2 321.6
2713 266.4 -571.1
2714 324.6 -573.4
2715 -1572.4 575.9
2716 -1690.7 589.4
2717 -1563.9 708.1
2718 -1574.7 1109.8
2719 1328.6 283.4
2720 1361.9 205.2
2721 1313.1 879.6
2722 1353.6 861.9
2723 602.8 368.7
2724 1272.1 897.5
2725 1261.4 858.5
2726 1199.9 938.1
2727 1297.4 990.2
2728 1282.9 937.2
2729 1220.1 1018
2730 1228.2 1048.3
2731 1187.4 1030.1
2732 1341.2 1151.1
2733 1318.9 1069.1
2734 1336.1 -248.6
2735 604.2 190.8
2736 1369.7 1142.6
2737 1262.2 1179.1
2738 1158.8 790.2
2739 1204.7 776.7
2740 1167 820.9
2741 1236.5 767.3
2742 1228.6 738.1
2743 1291.3 751.2
2744 1300.8 807
2745 1017 596.8
2746 552.1 199.9
2747 916.8 613.6
2748 1071.8 586.1
2749 1274.3 650.5
2750 1207.7 662
2751 1142.8 673.2
2752 1194.1 611.7
2753 1106.2 679.6
2754 1125.5 720.5
2755 1245.5 480.1
2756 1161.8 493.2
2757 603.9 232.8
2758 1241.5 447.8
2759 1257.3 549.7
2760 1077.4 506.5
2761 1194.2 335.2
2762 1249.9 313.6
2763 1052.1 239
2764 1019.2 256.9
2765 848.2 286.6
2766 844.2 244.8
2767 758.9 299.3
2768 1402.3 951
2769 1181.2 564.6
2770 1170.6 525.6
2771 1113.4 577.9
2772 1235.3 398.4
2773 1238.9 427.7
2774 1293.3 440.7
2775 1345.5 532.3
2776 1088.8 609.1
2777 699.5 650.4
2778 701.3 682.6
2779 1364.7 965.8
2780 761.3 639.8
2781 612.4 532.1
2782 619 564
2783 695.1 511.4
2784 669.1 366.9
2785 602.6 425.3
2786 854.5 350.8
2787 850.9 324.3
2788 1113.7 371.1
2789 1018.2 410.3
2790 1396.3 843.4
2791 -43.5 -2148
2792 -28.2 -2117.8
2793 -67.3 -2146
2794 -89.6 -2184
2795 -463.2 -2213.8
2796 -1010 -2257.5
2797 -913.2 -2249.8
2798 -926.8 -2187.2
2799 -430.8 -2085.1
2800 -437.8 -2121.4
2801 1376.8 459.5
2802 -548.2 -2076
2803 -906.9 -2185.1
2804 -75 -2110.6
2805 -271.4 -2085.9
2806 -86.8 -2056.2
2807 405.7 -2075.2
2808 428 -1072.2
2809 462.2 -1015.3
2810 1350.6 38.9
2811 1206 -843.5
2812 1328.3 467.1
2813 1354.1 87.7
2814 1279 112.5
2815 1129.8 161.8
2816 599.7 27.3
2817 585.3 85.6
2818 671.1 -0.7
2819 1036.2 999.1
2820 1013.4 938.2
2821 681.7 913.5
2822 692.5 956.8
2823 434.8 524.9
2824 669.1 824.5
2825 676.6 885.5
2826 1244.9 -1940.5
2827 1188.1 -1945.4
2828 1243.1 -1977.7
2829 504.4 367.1
2830 786.4 146.9
2831 777 105.5
2832 699.1 166.6
2833 833.3 147.4
2834 455.3 605.1
2835 865.5 793.1
2836 833.7 801.1
2837 788.3 810.7
2838 821.3 728.8
2839 785.4 896.5
2840 761.1 900.9
2841 815.3 868.3
2842 -1574.7 1329.4
2843 -742.8 1905.4
2844 -735.7 1980.2
2845 1317.4 -51.5
2846 362.7 553.3
2847 -614.5 1736.8
2848 -625.3 1673.4
2849 -603.1 1804
2850 -1488.8 1602.2
2851 -1410.5 1716.4
2852 -552.6 1476.9
2853 -504.7 1456.3
2854 -568.1 1226.5
2855 -1040.6 1291.8
2856 -1204 1261.9
2857 530.7 2193.6
2858 474.8 1936.5
2859 671.3 1859
2860 655 1825.8
2861 733.2 1800.3
2862 -1496.8 1999
2863 -1495.6 1935
2864 -1301.1 1473.9
2865 -1379 1461.9
2866 -1359.4 1266.8
2867 -1203.9 1240.8
2868 892.7 2297.1
2869 352.1 1469
2870 956.9 2348
2871 1015.2 2341.8
2872 752.5 2112.1
2873 734.1 2125.2
2874 -1205.6 2442.1
2875 -1183.4 2433.9
2876 1092.2 -1661.6
2877 1117.6 -1668
2878 1081 -1714.5
2879 944.6 2227.3
2880 1038.3 -1874.3
2881 1009.7 -1865.9
2882 1111.4 -1895.1
2883 885.9 -1829.2
2884 918.7 -1839.2
2885 870.3 -1893
2886 896.6 -1788.5
2887 1246.4 -1908.9
2888 1182.4 -1902.8
2889 216.7 -1569.2
2890 931.3 2311.2
2891 331.5 -1616.5
2892 -534 2216.1
2893 -310.4 2212.5
2894 783.6 2491
2895 760.6 2463
2896 856.6 2492.7
2897 1053.5 2496.1
2898 1087.7 2496.8
2899 -1088.9 1915.5
2900 -1093.7 1976.5
2901 795 2261.5
2902 -1574.6 1495.2
2903 -1646.9 1499.8
2904 -1574.6 1598.6
2905 -1667.8 1857.3
2906 -1158.5 1015.9
2907 -1129.6 1015.2
2908 -1151.1 1180.2
2909 -1033.8 1185
2910 -1487.3 1510.3
2911 -1417.2 1511.2
2912 1118.2 2379.4
2913 -1488.4 1573.1
2914 -1413.9 1435.1
2915 -1107.2 815.4
2916 -1022.4 1012.9
2917 1266.8 1755.7
2918 807.2 1261.7
2919 1317 1776
2920 1350.6 1789
2921 1335.6 1731.8
2922 1300.5 1823.3
2923 1140.9 2310.8
2924 615.4 1337
2925 671 1312.4
2926 648 1412.3
2927 1387.2 1749.9
2928 1242.7 1708
2929 1363.9 1687.6
2930 472.8 483.3
2931 696.5 541.2
2932 723 502.9
2933 912.6 435.1
2934 1185.4 2403.9
2935 939.9 424
2936 878.4 450.1
2937 693.1 750.9
2938 981.6 413.6
2939 991.6 460.5
2940 424.8 2062.7
2941 496.3 -1062.7
2942 492.2 -1313.5
2943 456.1 -1298.8
2944 -4 500
2945 1078.3 2364.9
2946 -14 466
2947 490.1 2201.9
2948 462.9 2229.6
2949 1039.8 -1176.5
2950 1213.1 -1204.4
2951 80.1 1176.3
2952 58.1 1015.3
2953 -110.6 -288.6
2954 -119 -355.7
2955 974.2 -1155.6
2956 179.5 -1652.7
2957 1162.6 2434.7
2958 -267.3 -1483.3
2959 362.1 -1071.4
2960 1244.8 -1206.8
2961 156.6 1661.2
2962 175.2 1750.6
2963 225.6 1640.7
2964 207.2 1602.5
2965 32.1 809.6
2966 30 751.6
2967 254.4 625.5
2968 738.2 2435.7
2969 208.7 614.5
2970 171.5 629.3
2971 216.5 638.6
2972 374.4 802.4
2973 374.8 863.3
2974 622.1 770.4
2975 663.2 786.9
2976 529.8 657.3
2977 377.2 686.1
2978 436.3 681.5
2979 804.8 2377
2980 377 718.8
2981 -173.9 1878.8
2982 -80.8 1917.2
2983 -326 878.7
2984 -377.6 900.4
2985 -373.5 765
2986 -350.2 824.4
2987 -51.8 1840.6
2988 12.7 1860.2
2989 -202.2 1488.9
2990 714.3 2406.7
2991 -123.8 1462.3
2992 -186.5 1544.9
2993 241.4 2339.3
2994 -1806.5 -1975.7
2995 -1821.6 -1911.2
2996 -1856.2 -1969.1
2997 -1329.6 -465.7
2998 -1357.3 -460.6
2999 -1309.3 -287.7
3000 -1338.3 -547.5
3001 680.4 2432.7
3002 -1740.7 -2317.3
3003 -1750.3 -2215.1
3004 -1574 -2301.3
3005 -1257.9 178.9
3006 -1234.7 389.5
3007 -1368.7 -1299.9
3008 -1419.5 -1249.5
3009 -1484.9 -1311.7
3010 -414.8 1012.3
3011 -391.5 1063.5
3012 -1958.3 -1329.5
3013 42.7 1208.4
3014 0.8 1117.9
3015 54.1 1253.2
3016 -88.4 1256.4
3017 -342.8 1173.2
3018 -325.4 1210.9
3019 -238.7 1222.6
3020 24 1261.7
3021 -1232.9 713.3
3022 -1273.3 712.5
3023 -2017.4 -1328.2
3024 -1194.2 378.5
3025 -1224.8 480.7
3026 -768.3 391.4
3027 -708.7 558.6
3028 867.7 1877.4
3029 874.1 1918.5
3030 -1100.7 2437.9
3031 -914.9 2450.5
3032 559.4 2321.3
3033 -1056 -1117.9
3034 -1574.5 1724.8
3035 -977 -1210
3036 -978.4 -1145.7
3037 -952.8 -1007.3
3038 -978.1 -1104.9
3039 -1293 -1287.6
3040 -1308.1 -2281.3
3041 -1282.1 -2279.2
3042 -1675.9 709.8
3043 -1754.6 718.2
3044 -1386 554.2
3045 -1490.9 1720.5
3046 -1822.9 725.4
3047 -1867.3 731.2
3048 -1866.2 609.4
3049 -1848.4 654.7
3050 829.7 1321.1
3051 880.5 1296.7
3052 1161.3 1081.4
3053 1248.4 1123.2
3054 1255.3 1151.1
3055 939.1 1284.8
3056 -1575 1856.2
3057 -1288.1 1710.2
3058 -1291.3 1651.7
3059 513 1110.6
3060 529.1 1147.7
3061 716.4 1020.9
3062 644.9 1052.4
3063 733.1 1064.4
3064 -194 2042.1
3065 -120.2 2021.8
3066 -263 2057.3
3067 245.8 -1690.9
3068 -1097.5 2025.8
3069 -202.9 2004.8
3070 36.9 1964.9
3071 44 1995.6
3072 -55.2 2001.8
3073 -8.8 1988.3
3074 -34.1 2080.4
3075 111.6 2287.7
3076 105.6 2261.2
3077 74.4 2127.1
3078 221.1 1953.5
3079 -1103.7 2105.8
3080 213.3 1902.2
3081 292.3 1924
3082 -132.9 2297.5
3083 -120.6 2348.7
3084 -141.1 2263.2
3085 401.9 2013.2
3086 364.4 2036.2
3087 299.1 1793.3
3088 131.2 1890.2
3089 116.6 1830.3
3090 -1185.2 2019.9
3091 205.5 1871
3092 182 2097.6
3093 177.1 2077.8
3094 129.5 2110.1
3095 440.3 2252.7
3096 394.2 2299.6
3097 531.1 2485.6
3098 518.3 2452.9
3099 562.5 2486.5
3100 398.8 2452.2
3101 -1571.9 2002.1
3102 348.4 2346.4
3103 436.4 2434.4
3104 458 2485.5
3105 -1433 2337.6
3106 -1335.2 2349.6
3107 -1195.7 2269.1
3108 -1210.6 2335.8
3109 -1248.5 2265.5
3110 -1432.9 2380.7
3111 -1336.3 2386
3112 -1657.3 1988.3
3113 -1338.1 2438.9
3114 -1332.3 2268.4
3115 -1371.4 2269.8
3116 -1267.4 2355.7
3117 -1284.7 2440.2
3118 -967.3 2119.1
3119 -1400.8 2270.8
3120 -1330.5 2214.8
3121 -1237 2203.9
3122 -1215.4 2099.7
3123 -1574.7 1194.5
3124 -1187 2101.3
3125 -1229.3 2159.5
3126 -1112.3 2216.8
3127 -1574.6 1391.4
3128 -1574.6 1442.6
3129 -1653.9 1394.3
3130 -1636.2 1118
3131 -1755.7 1200.9
3132 -1761.1 1149.5
3133 -1776.6 1003.9
3134 -1204.3 1182
3135 -1747.3 999.1
3136 -1853.7 1016.6
3137 -1787.3 930.4
3138 -1773.7 1348.8
3139 -1657.7 1337.5
3140 -1666.4 1729.5
3141 -1765.3 1110.9
3142 -1730.5 1105.7
3143 -1769.1 1074.7
3144 -1761.2 1507.1
3145 -1574.7 1273.5
3146 -1769.1 1406.3
3147 -1703.3 1503.4
3148 -1831.9 1158.8
3149 -1357.9 1713.8
3150 -1494.7 1886.4
3151 -1650.4 1447.1
3152 -1383.7 1573.9
3153 -1440.4 1573.6
3154 -1010 819.1
3155 -1293.9 1604.5
3156 946.6 1393.9
3157 -964.9 2076.5
3158 -908.4 2213.3
3159 -872.5 2213.6
3160 -972.6 2212.8
3161 -974.1 2238.9
3162 -819.6 2214
3163 -744.8 2214.5
3164 -1124.9 2390.2
3165 -1127 2419.5
3166 -913.3 2406
3167 965.8 1439.5
3168 -695 2406.6
3169 -698.7 2368
3170 -743.9 2345.3
3171 -719.8 2146.8
3172 -1052.2 1440.4
3173 -1001.2 1299.5
3174 -791.2 1809.9
3175 -753.7 1792.1
3176 -1014 974.3
3177 -830.6 960.2

# Edges
0 1
0 1112
0 1989
0 3057
1 2175
1 3175
2 1438
2 1449
2 1455
2 2956
3 268
3 292
3 2557
4 44
4 2843
4 3175
5 6
5 7
5 2173
6 21
6 2176
7 2175
8 1911
8 2293
8 2900
8 3157
9 10
9 13
9 2688
10 17
10 18
11 12
11 13
11 58
11 3177
12 15
12 1896
13 15
13 1899
14 25
14 36
14 335
15 1900
15 2688
15 3027
16 971
16 972
16 2688
17 18
17 3010
18 2687
19 20
19 21
19 2854
20 31
20 37
21 31
21 2407
21 2408
22 23
22 24
22 2853
24 59
24 68
25 87
26 29
26 2196
27 30
28 29
28 30
28 3018
29 42
30 3017
31 32
31 41
32 47
32 2177
33 34
33 35
33 2854
34 2194
35 2195
36 71
36 2296
37 2197
37 2198
38 39
38 40
38 3018
39 2196
40 70
41 1899
42 2195
43 129
43 130
43 2687
44 2849
45 46
45 56
45 61
45 66
46 51
47 58
47 69
48 49
48 53
48 446
48 2457
49 86
49 113
50 52
50 2312
50 2408
50 2848
52 2175
53 2844
53 3171
54 91
54 102
54 2468
55 2457
55 2892
56 57
56 59
57 60
57 62
60 68
61 65
61 1904
62 63
62 66
63 64
63 1024
64 67
64 2992
65 66
65 1024
67 106
67 107
68 70
69 2177
69 2178
69 3177
70 2294
70 3016
71 3066
72 73
72 83
72 2982
73 136
74 75
74 76
74 180
75 89
76 87
76 88
77 78
77 79
77 2892
78 86
79 2893
80 91
80 102
80 114
81 85
81 92
81 180
82 84
82 147
83 3069
84 3066
84 3069
85 169
85 3074
86 2892
87 2893
89 3066
90 115
90 2988
90 3070
92 3064
93 94
93 95
93 147
94 2296
95 224
96 97
97 98
97 99
97 2417
98 125
98 1815
99 100
100 102
100 2142
101 103
101 104
101 225
102 2892
103 1818
103 2409
104 2417
105 106
105 107
105 1068
106 108
107 1013
108 2992
109 110
109 1125
109 2158
110 2993
110 3096
111 119
111 3088
112 115
112 116
112 3070
113 224
113 335
113 446
114 2335
116 118
116 119
116 3071
117 3089
118 3094
119 120
119 126
120 126
120 3078
121 3071
121 3077
122 2301
122 3078
123 124
123 1940
123 3092
124 2301
124 3093
125 1817
125 2335
126 3093
127 128
127 1136
128 2961
129 2189
129 3010
130 131
130 2184
131 132
131 2984
131 2986
132 2185
132 2985
133 134
133 135
133 141
134 142
135 2182
136 147
136 2981
137 138
137 2373
137 2965
138 143
139 140
140 2202
140 3016
141 145
141 3014
142 143
143 144
143 2209
144 2206
146 148
146 149
146 2400
148 2204
149 153
149 2182
150 2183
150 2984
151 152
151 153
151 2205
154 155
154 156
154 157
155 2901
156 1875
156 2316
156 2363
157 209
157 2857
158 169
158 180
158 2893
158 3084
159 160
159 161
159 2870
160 1801
160 2870
161 162
161 163
161 2897
162 1801
162 2897
163 2898
164 165
164 1823
164 2898
165 2957
166 1817
166 3104
167 168
167 170
167 171
168 171
168 183
168 184
169 191
169 202
170 183
170 203
171 184
171 198
172 187
172 3029
173 200
173 291
174 190
174 291
174 512
175 192
175 196
176 177
177 187
177 205
177 206
178 179
178 188
178 259
179 250
179 1875
181 182
181 194
181 2872
182 197
182 2872
183 2317
184 193
185 186
185 253
186 255
186 2861
188 207
189 190
189 192
191 413
191 3075
191 3082
192 269
192 494
193 1985
193 2901
194 1985
195 196
195 204
196 201
196 205
197 198
198 2327
199 200
201 203
201 247
202 213
202 3076
202 3077
204 2612
205 2318
206 2328
207 208
207 2872
208 2328
208 2330
209 2990
210 435
211 302
211 2601
212 214
212 227
212 435
213 1101
213 2153
214 231
214 2331
214 2396
215 216
215 237
216 217
216 218
217 222
217 239
218 242
218 243
219 220
219 221
219 238
220 230
220 2319
221 228
221 229
222 223
222 229
223 226
223 234
223 237
224 990
225 236
225 3083
226 239
227 313
227 2319
228 233
229 1984
230 231
232 235
232 241
232 369
233 313
233 517
234 235
234 1984
235 336
236 413
237 240
238 2331
240 241
240 2732
243 3156
244 255
245 246
245 458
246 252
247 258
247 269
248 249
249 264
249 2524
249 2859
250 257
251 260
251 2524
252 253
254 256
254 2861
255 635
256 2332
258 515
259 646
259 2334
260 1875
261 263
261 2646
262 295
262 307
262 2646
263 271
263 284
263 524
264 267
265 502
266 267
266 268
266 2858
269 496
270 524
271 299
271 300
272 281
272 288
272 447
273 282
273 669
274 275
274 2333
275 281
276 277
276 279
277 282
278 283
278 669
279 2860
280 291
280 302
280 2917
280 2928
281 502
283 312
283 2341
284 285
286 287
286 513
287 288
288 613
289 293
289 2557
290 293
291 495
292 2513
292 2858
293 2341
294 295
294 299
296 297
296 305
297 298
298 300
300 669
301 306
303 314
304 305
304 316
306 307
307 315
307 2926
308 316
308 2869
309 310
309 311
310 2869
311 312
312 314
313 324
313 521
315 316
317 2352
317 3062
318 329
318 2822
318 3062
319 325
319 388
319 2924
320 321
320 535
320 2657
321 325
321 327
321 328
322 327
322 2918
322 2925
323 325
323 2925
324 500
325 326
326 381
329 330
329 333
329 340
331 332
331 2976
331 2978
333 334
333 2390
334 342
336 347
336 358
337 2822
337 3061
338 339
338 343
338 2974
339 353
339 375
340 1855
340 2825
341 2972
341 2980
342 2397
343 1855
343 2824
344 367
344 368
345 346
345 348
345 410
345 437
345 546
346 382
347 517
348 370
349 350
349 373
350 363
350 374
351 352
351 3051
352 383
354 355
354 356
354 357
355 387
355 2392
356 379
357 379
357 387
358 369
358 1861
359 2727
359 2733
360 361
360 362
361 376
361 382
364 2624
364 2926
365 366
365 383
366 382
366 386
366 2657
367 378
367 2966
368 2393
369 1859
370 422
371 372
371 373
371 2624
372 3051
374 2343
374 2737
375 2354
375 2388
376 377
376 390
377 420
377 437
377 2819
378 392
378 2579
380 391
380 402
380 413
380 2145
381 388
384 757
385 389
385 390
385 757
386 546
387 724
388 3060
391 2152
391 2161
391 2993
392 2970
393 394
393 591
394 569
394 2722
394 2743
395 399
395 2741
396 835
397 2738
397 2754
398 2742
398 2750
399 2725
400 2726
400 2729
401 2726
401 2740
402 2155
403 404
403 2722
404 2779
405 406
406 428
406 846
406 857
407 417
407 2835
408 409
408 691
408 2835
408 2838
409 440
410 414
410 2841
411 412
412 419
412 433
412 439
414 418
415 2679
415 2782
416 2824
416 2837
417 418
417 428
417 442
419 427
419 429
420 430
421 2690
421 2931
422 2840
423 425
423 2820
424 435
424 469
424 2601
425 434
425 1202
426 429
426 2747
427 440
427 2747
428 1202
428 2820
429 436
430 431
430 442
431 2820
432 2838
432 2937
433 448
434 813
436 780
438 535
438 3063
439 440
440 2780
441 2838
442 2349
443 2753
443 2776
444 449
444 2752
445 602
445 2801
446 2844
447 458
447 469
447 480
450 451
450 2789
451 2760
451 2939
452 2755
452 2774
452 2812
453 454
453 467
453 479
454 485
454 530
454 531
455 2320
455 2957
456 457
456 462
456 2934
457 459
457 460
459 462
459 475
460 1856
461 462
461 463
461 464
461 466
463 470
463 475
465 466
466 479
467 468
467 541
468 490
470 472
470 484
471 2934
472 474
473 478
473 2923
474 476
476 477
478 488
478 490
478 492
480 613
481 482
482 487
482 488
483 484
484 485
486 489
486 2871
487 489
487 504
491 502
491 513
491 524
491 2635
492 493
493 511
494 496
495 2922
497 498
497 2325
498 512
498 2922
499 505
499 511
500 514
501 503
501 504
503 515
504 510
505 509
506 519
506 2922
507 508
508 514
508 2929
509 528
509 529
510 515
513 3167
514 2928
516 519
516 522
516 523
518 521
520 521
522 527
525 1861
525 1862
526 527
526 533
526 538
527 534
529 540
531 1858
531 1862
532 542
535 546
536 537
536 542
536 543
537 541
538 2326
539 2326
540 2325
541 2323
544 545
544 1862
547 548
548 2537
549 551
549 2573
550 1487
550 1488
550 2573
551 552
551 2537
552 1498
552 1500
553 554
553 555
554 565
555 571
556 564
557 668
557 779
557 2404
558 2701
558 2937
558 2974
558 2975
559 586
560 603
561 562
561 563
561 584
561 587
561 630
562 597
563 615
563 621
564 565
564 574
564 689
565 576
565 577
566 567
566 2340
567 880
567 2579
567 2944
568 570
569 580
569 2790
570 571
570 578
571 2944
571 2946
572 573
572 574
573 585
573 633
575 2944
576 674
577 579
577 583
578 604
578 607
578 647
579 581
579 582
580 591
580 602
581 2339
582 664
582 735
583 631
583 666
584 645
585 586
585 587
586 600
586 630
588 589
588 590
588 696
588 697
589 592
591 2749
592 593
592 594
593 711
594 715
594 2816
595 615
596 598
596 619
597 598
597 627
598 608
599 600
599 601
600 693
601 641
603 604
603 645
605 606
605 607
605 628
605 2953
606 619
607 621
607 628
607 647
607 906
608 614
608 634
609 610
609 611
609 612
610 649
611 644
612 620
612 662
612 2953
613 624
616 617
616 618
616 700
617 692
617 697
618 636
618 637
618 638
618 711
619 620
620 639
622 623
622 701
622 732
623 653
624 2331
624 2396
625 626
625 1265
625 1982
626 632
626 731
626 2709
628 923
629 730
631 677
631 678
632 721
632 730
633 690
634 692
635 646
635 657
635 3028
636 715
637 709
638 709
638 733
639 654
640 641
640 681
640 696
640 712
642 643
642 644
642 658
643 732
647 648
647 887
648 906
648 2398
649 665
650 651
650 664
651 666
651 671
652 653
652 654
655 658
655 659
656 1981
656 1982
657 2859
659 660
659 731
659 1981
661 662
663 1245
663 1980
663 2954
665 1980
665 1982
666 671
667 678
668 1747
668 1772
670 673
670 677
670 686
671 678
672 677
672 679
673 674
675 676
676 681
676 688
678 679
680 691
680 702
680 713
680 2753
682 683
682 686
682 688
682 708
683 687
683 688
684 685
684 706
685 735
687 698
689 698
692 694
694 695
695 696
698 2399
699 701
700 701
702 846
702 857
702 868
703 704
703 705
703 706
704 707
704 708
705 707
705 2816
709 710
709 716
710 733
710 734
712 714
713 2745
714 717
715 716
716 876
716 877
716 1870
717 2816
718 719
718 720
718 2345
719 721
719 725
720 723
721 722
723 725
724 2846
724 2977
725 1983
726 2355
726 2709
726 2710
727 1366
727 1870
727 2710
728 733
729 732
734 2345
734 2348
735 2579
735 2846
735 2967
735 2969
736 737
736 767
736 2712
737 2735
737 2832
738 752
738 891
738 2762
739 765
739 2766
739 2833
740 742
740 756
741 743
741 773
741 2764
742 747
742 2764
743 770
743 2764
744 761
744 767
744 2767
745 766
745 2786
746 757
746 824
746 2731
747 2765
748 766
748 2784
749 2762
750 2719
751 752
751 753
753 755
753 774
754 773
754 2786
755 782
755 879
756 758
756 2598
757 2344
757 3052
758 764
759 2785
760 761
760 2832
762 770
762 771
763 2767
764 765
764 2599
768 780
768 791
768 802
768 2760
769 2786
769 2936
770 773
771 775
771 2788
772 781
772 2589
772 2598
772 2600
773 775
774 2720
774 2813
775 2938
776 781
776 2764
777 778
778 2627
778 2845
779 1747
779 1769
779 1784
781 783
782 2814
783 786
783 793
783 902
784 785
784 786
785 789
785 792
786 2589
787 790
787 796
787 2631
787 2810
788 789
788 795
789 2643
790 2631
791 2745
792 793
792 2815
794 795
794 796
794 2814
795 2815
796 2633
797 806
797 807
797 864
797 2818
798 799
798 800
798 2595
798 2597
799 2617
800 805
801 808
801 810
802 2939
803 804
803 2617
803 2622
804 2600
805 806
805 2593
807 808
807 809
808 814
810 811
810 2596
811 2833
812 2622
812 2634
812 2641
812 2644
813 824
813 835
813 2819
814 2831
815 816
815 2594
815 2616
816 866
816 2602
817 818
818 2611
818 2649
819 823
819 2611
819 2654
820 2608
820 2734
821 2632
821 2634
822 2615
822 2640
823 2651
825 2628
825 2655
826 848
826 2629
827 828
827 836
827 2650
829 830
829 831
829 832
830 839
831 869
832 844
832 860
833 847
833 850
834 836
834 837
834 2653
835 2726
837 2653
838 850
838 2602
839 840
840 841
840 878
841 862
841 872
842 843
842 844
842 845
843 853
843 855
844 2652
845 849
846 1191
848 854
849 1865
849 2630
851 1484
851 2630
851 2656
852 1484
852 1519
852 2656
853 854
854 859
855 859
856 858
857 2835
858 2647
860 861
860 2652
861 866
862 2592
863 2592
864 865
864 873
864 875
865 874
867 874
868 2754
870 2818
871 872
871 873
872 877
874 2592
874 2593
875 876
876 2816
877 1869
877 2536
878 1869
879 891
879 902
879 2815
881 883
882 883
882 2680
883 2677
884 885
884 886
885 888
888 889
888 2681
889 895
890 1001
890 1113
890 2459
891 2761
892 894
893 894
893 2946
895 915
895 1201
896 897
897 898
898 905
899 910
899 916
899 925
900 915
901 903
901 904
901 905
902 2763
903 904
903 911
904 945
904 1229
904 1230
905 915
906 907
906 909
907 923
908 909
908 912
908 914
911 916
912 925
913 924
913 1953
913 2075
915 1201
916 917
917 918
917 931
917 932
918 927
919 920
919 921
919 922
920 933
921 923
921 926
922 965
922 1241
924 1952
924 2670
928 929
928 930
928 934
929 954
930 949
930 950
931 936
933 953
933 1240
934 936
934 937
934 938
935 946
935 1084
935 2062
936 941
937 1240
937 1242
939 940
939 941
940 943
942 943
942 944
942 945
942 947
944 1231
945 1232
946 1092
947 951
947 961
948 951
948 952
950 952
950 967
953 954
955 967
955 969
956 958
956 959
957 968
957 979
958 970
958 1193
959 960
960 2677
960 2985
961 962
962 966
963 964
964 965
965 1239
968 2061
968 2062
970 973
971 981
971 1217
972 976
972 980
973 974
974 975
974 1193
975 982
975 983
976 981
977 978
977 1200
978 985
979 1961
979 1966
980 984
981 1211
982 984
983 1194
985 986
986 1194
987 2715
987 3044
988 989
988 991
988 998
989 992
989 1369
990 1002
991 992
991 999
992 993
993 1380
994 998
995 996
996 999
997 1291
997 1906
998 1302
1000 1003
1000 1391
1001 2463
1002 2843
1002 2849
1003 1269
1004 1022
1004 1269
1005 1006
1006 1302
1007 1012
1007 1413
1007 1435
1008 1458
1008 3005
1009 1010
1009 1011
1009 1424
1010 1111
1010 1243
1011 1012
1013 1024
1013 1035
1013 1068
1014 1021
1014 1324
1015 1023
1015 1324
1016 1017
1016 1018
1017 1026
1017 1041
1018 1020
1019 1020
1019 1021
1021 1028
1022 1025
1022 1313
1025 1027
1026 1034
1026 1036
1026 1048
1027 1031
1027 1269
1028 1029
1028 1037
1029 1030
1030 1033
1030 1034
1031 1032
1031 1033
1031 1038
1032 1099
1032 1100
1034 1036
1035 2981
1035 2982
1035 2987
1036 1247
1038 1258
1039 1040
1039 1044
1039 1064
1040 1042
1041 1043
1042 1043
1044 1045
1044 1062
1045 1047
1045 1051
1045 1053
1046 1057
1046 1068
1046 1090
1046 1908
1046 2018
1047 1048
1049 1050
1049 1236
1050 1067
1051 1052
1051 1067
1052 1065
1052 1066
1053 1054
1054 1056
1054 1061
1055 1056
1055 1058
1056 1065
1057 1090
1057 1158
1058 1059
1058 1076
1058 1138
1058 1148
1059 1070
1059 1075
1060 1061
1060 1070
1061 1063
1062 1063
1062 1064
1063 1064
1065 1069
1066 1067
1066 1069
1069 1138
1070 1071
1072 1073
1072 1074
1073 1086
1074 1083
1075 1078
1076 1077
1077 1078
1077 1081
1078 1080
1079 1090
1079 2962
1079 3089
1080 1081
1080 1082
1080 1150
1082 1085
1083 1094
1084 2078
1084 3023
1085 1150
1085 1172
1086 1093
1087 1088
1087 1089
1087 1091
1088 1091
1089 1092
1091 1093
1094 1095
1094 1186
1095 3023
1096 1098
1096 1424
1097 1098
1097 1102
1097 1104
1098 1107
1100 1102
1100 1103
1101 1114
1101 1125
1101 2156
1104 1105
1104 1108
1105 1106
1106 1110
1106 1347
1107 1108
1107 1111
1107 1115
1108 1116
1109 1110
1109 2998
1112 2899
1113 1578
1113 1583
1114 3092
1117 1118
1117 1119
1117 1128
1117 1135
1118 1120
1118 1131
1119 1139
1120 1121
1121 1347
1122 1236
1123 1124
1123 1126
1123 1127
1124 1140
1125 2300
1125 2479
1126 1157
1126 1164
1127 1144
1127 1159
1128 1129
1128 1130
1129 1130
1129 1152
1130 1144
1130 1156
1131 1137
1132 1133
1132 1139
1133 3000
1134 1135
1134 1137
1134 1148
1135 1142
1136 1147
1136 1909
1140 1141
1140 1142
1140 1164
1141 1149
1142 1146
1143 1144
1143 1145
1143 1580
1145 1153
1145 1156
1146 1148
1147 1805
1147 2568
1149 1150
1151 1152
1152 1153
1153 1154
1154 1155
1154 1905
1157 1159
1157 1162
1158 2987
1158 2988
1159 1591
1160 1161
1160 1170
1161 1163
1162 1164
1163 1174
1163 1591
1165 1166
1165 1167
1166 1179
1166 1181
1167 1175
1167 1176
1168 1170
1168 1171
1168 3009
1169 1180
1169 2419
1170 1179
1171 1176
1171 1181
1171 1941
1171 3009
1173 1174
1173 1591
1174 1177
1174 1178
1175 1177
1175 1183
1176 1181
1176 1945
1176 2084
1178 1183
1178 1184
1180 2862
1182 1183
1182 1188
1183 1189
1184 1185
1184 1188
1185 1186
1186 1189
1186 1192
1187 1190
1187 1945
1188 1189
1190 1192
1190 1945
1190 2069
1190 3012
1191 1202
1191 1213
1192 3012
1193 1195
1196 1203
1197 1198
1197 1199
1198 1207
1198 1223
1199 1200
1200 1208
1201 1203
1201 1204
1203 1205
1204 1206
1204 1227
1206 1207
1208 1209
1209 1218
1210 1211
1210 1212
1210 1214
1210 1215
1211 1217
1212 1217
1212 1220
1213 2738
1214 1220
1215 1219
1216 1218
1218 1221
1220 3026
1221 1222
1221 1223
1222 1226
1224 1335
1224 1715
1224 2361
1225 1236
1225 1336
1226 1227
1226 1228
1230 1232
1230 1233
1231 1232
1231 1238
1234 1237
1234 1238
1235 1237
1243 2999
1243 3005
1244 1253
1245 1246
1245 1253
1246 1977
1247 1258
1247 1336
1248 1249
1248 1263
1248 1267
1248 1277
1249 1261
1250 1251
1250 1252
1251 1283
1251 1977
1252 1259
1252 1264
1253 1255
1254 1255
1254 1256
1254 1268
1256 1260
1257 1262
1257 1263
1260 1261
1260 1300
1263 1264
1265 1266
1265 1272
1265 1309
1266 1305
1267 1977
1268 1305
1269 1280
1270 1271
1270 1281
1271 1283
1272 1273
1272 1282
1274 1275
1274 1276
1274 1303
1274 1334
1274 1384
1275 1294
1275 1298
1276 1303
1277 1278
1277 1306
1277 1311
1278 1282
1278 1307
1279 1281
1279 1286
1279 1330
1279 1333
1280 1413
1280 1424
1283 1288
1284 1285
1285 1286
1286 1311
1286 1325
1287 1289
1287 1290
1288 1289
1289 1297
1289 1883
1290 1295
1291 1302
1291 1313
1291 1324
1292 1293
1292 1295
1293 1294
1293 1296
1296 1297
1297 1432
1297 1883
1298 1331
1298 1337
1299 1300
1301 1304
1303 1379
1303 1392
1304 1305
1307 1322
1308 1320
1308 2713
1309 2713
1310 1311
1312 1314
1312 2709
1314 2714
1315 1316
1315 1352
1316 1371
1316 1375
1317 1318
1317 1319
1317 1365
1317 1367
1318 1345
1318 1372
1319 1362
1320 1321
1320 1322
1320 1323
1321 1343
1323 1350
1325 1326
1326 1327
1326 1328
1327 1329
1327 1330
1328 1344
1329 1331
1331 1334
1332 1333
1332 1337
1334 1341
1334 1428
1335 1704
1335 2553
1336 1358
1338 1339
1338 1340
1339 1341
1339 1355
1340 1342
1341 1355
1341 1410
1342 1360
1342 1361
1344 1352
1344 1353
1345 1346
1346 1348
1346 1349
1347 1358
1348 1350
1348 1351
1349 1356
1349 1374
1351 1354
1353 1354
1355 1363
1355 1406
1356 1357
1356 1371
1359 2711
1360 1370
1362 2711
1363 1368
1363 1412
1364 1365
1364 2709
1366 1367
1366 1870
1366 2355
1366 2529
1366 2532
1367 2529
1368 1370
1368 2959
1369 1380
1369 1391
1373 1375
1373 2529
1373 2534
1373 2808
1373 2809
1376 1377
1376 1378
1376 1379
1377 1387
1378 1385
1379 1432
1380 1402
1381 1382
1381 1383
1381 1398
1381 2694
1383 1396
1384 1401
1385 1386
1386 1390
1386 1397
1387 1388
1387 1389
1388 1394
1389 1392
1390 1393
1391 1402
1393 1432
1393 1713
1394 1397
1394 2694
1395 1433
1395 2694
1396 1401
1398 1399
1398 1400
1398 1403
1399 1425
1400 1441
1401 1431
1402 1447
1403 1404
1403 1423
1403 1442
1404 1440
1405 1406
1405 1407
1405 1412
1405 1415
1407 1410
1408 1412
1408 1668
1408 2692
1409 1410
1409 1411
1411 1420
1412 1414
1414 1416
1415 1419
1416 1417
1416 2692
1417 1418
1417 1419
1418 1442
1420 1423
1421 1422
1421 2429
1422 1429
1422 1430
1425 1426
1426 1427
1427 1428
1429 1713
1429 2958
1430 1713
1432 1724
1433 1434
1433 1437
1433 1451
1434 1440
1435 1447
1435 1458
1436 1437
1436 1438
1436 2430
1438 1451
1439 1443
1443 2692
1444 1574
1444 2889
1444 2956
1445 2257
1445 2260
1445 2430
1446 1557
1446 1710
1446 2554
1447 1458
1448 1449
1448 1450
1449 2956
1450 1451
1452 1456
1453 1454
1453 1456
1453 2956
1455 2430
1456 2469
1457 1475
1457 1866
1457 2586
1459 1460
1459 1462
1459 1464
1460 1466
1460 1468
1461 1462
1461 1463
1462 1467
1463 2533
1464 1475
1465 1466
1466 1474
1467 1471
1468 2572
1469 1480
1469 1491
1470 1478
1470 1482
1472 1473
1472 1479
1472 1482
1474 1479
1476 1477
1477 2528
1478 1479
1478 1489
1478 2575
1479 1481
1480 1502
1480 1535
1481 1485
1482 1483
1484 2587
1485 1486
1486 1488
1488 1490
1490 1497
1491 1558
1492 2527
1492 2536
1493 2548
1494 2538
1494 2543
1495 1496
1495 1505
1496 1497
1497 1526
1497 2526
1498 1499
1498 1503
1499 1501
1499 2539
1500 1505
1500 1506
1502 1878
1502 1880
1503 1504
1503 1514
1504 1506
1505 1508
1507 1508
1507 1509
1507 1517
1509 1510
1509 1512
1510 1511
1510 1516
1511 1552
1511 2523
1512 2955
1513 1524
1513 1535
1513 1602
1513 1886
1514 1517
1514 2941
1514 2955
1515 1516
1515 2566
1516 1551
1518 2525
1518 2526
1519 1523
1519 1536
1520 1521
1520 1542
1521 1531
1522 1523
1522 1525
1522 2587
1523 1538
1524 1882
1526 2565
1527 1528
1527 1531
1528 2569
1528 2660
1529 2525
1529 2574
1530 1531
1530 1532
1532 2660
1532 2811
1533 2576
1533 2587
1534 1536
1534 1537
1536 2658
1537 2659
1539 1540
1539 1541
1539 2570
1540 1553
1541 1545
1541 1556
1542 2570
1543 1544
1543 1545
1544 1547
1544 1552
1546 1558
1546 1878
1546 3037
1546 3038
1548 1549
1548 1663
1549 1555
1549 1675
1550 1551
1550 2567
1551 1553
1554 1556
1554 2523
1554 2949
1555 1779
1555 2942
1556 2571
1557 1690
1557 1723
1558 1613
1559 1562
1559 1629
1559 2942
1560 1561
1560 1562
1561 1565
1561 2516
1562 1565
1562 1633
1563 1631
1563 1633
1563 2498
1564 1610
1564 1617
1564 2497
1564 2498
1565 2943
1566 1567
1566 1568
1566 1577
1566 2464
1567 1575
1567 2466
1568 1576
1569 1580
1569 1591
1569 3008
1570 2466
1570 2467
1571 1573
1571 1588
1572 1588
1572 2465
1573 2481
1574 2483
1575 1577
1576 1578
1577 2480
1578 2477
1579 1581
1579 2461
1579 2699
1582 2461
1584 2695
1584 2708
1585 1586
1585 2700
1585 2706
1586 1587
1589 1590
1590 2698
1592 1593
1592 1594
1593 2460
1594 2453
1595 1597
1596 1598
1596 2476
1597 2459
1597 2705
1598 1600
1599 2453
1599 2703
1600 2487
1601 2475
1601 2486
1601 2487
1602 1669
1602 1888
1602 2380
1603 1604
1603 1605
1603 1607
1603 2486
1604 1606
1604 1609
1605 1662
1606 2495
1607 1608
1608 1609
1608 2484
1610 1623
1611 1625
1611 2497
1612 1614
1612 1615
1612 1616
1613 3035
1614 1634
1614 1640
1615 1620
1615 1631
1616 1627
1616 1637
1618 1619
1618 1620
1618 1627
1621 1622
1621 1623
1621 2471
1623 1625
1623 1626
1624 3033
1625 1628
1626 2485
1627 1630
1627 1665
1628 2484
1629 1632
1630 2942
1632 1633
1634 2498
1635 1646
1635 1878
1636 1643
1636 2499
1636 2500
1637 1638
1637 1644
1637 1671
1638 1641
1638 1648
1639 1640
1639 1642
1639 2500
1640 1641
1642 1643
1643 1645
1644 1645
1644 1647
1644 1650
1646 1657
1647 1678
1649 1658
1649 1662
1649 2499
1649 2509
1650 1651
1650 2514
1651 1679
1652 1653
1652 1655
1654 2497
1655 1658
1656 1660
1656 2514
1657 1895
1657 3037
1659 1660
1659 2502
1661 1758
1661 2508
1663 1676
1663 2563
1664 1681
1664 2563
1665 1666
1665 1674
1665 1675
1666 1672
1666 1678
1667 1673
1667 1678
1668 1779
1668 2517
1668 2943
1669 1724
1669 1735
1669 2273
1670 1673
1670 1674
1670 1677
1671 1672
1673 1681
1676 1677
1678 1679
1679 1682
1680 1691
1680 1702
1680 1802
1680 1824
1681 2564
1682 1683
1682 1692
1683 2514
1684 1686
1684 1689
1685 1686
1686 2580
1687 1689
1687 2585
1688 1693
1688 1695
1690 1694
1690 1717
1690 1725
1691 1713
1691 1724
1691 1746
1692 2578
1693 1694
1695 1696
1696 2581
1696 2949
1697 1698
1697 2559
1697 2561
1698 1700
1699 1703
1699 2559
1699 2561
1700 1701
1700 2949
1702 1768
1702 2101
1703 2551
1703 2560
1704 1705
1705 1706
1705 1707
1705 2876
1707 1708
1707 1712
1708 1709
1708 1716
1709 1710
1710 1719
1711 1714
1712 1734
1712 2876
1714 1716
1715 1766
1715 2877
1717 2582
1718 1719
1718 1720
1720 1721
1721 1731
1721 1734
1721 1755
1722 1725
1722 1729
1722 2503
1723 1732
1724 1735
1725 1726
1725 1727
1726 1731
1726 1732
1726 1733
1727 1728
1727 1733
1727 1740
1728 1729
1728 1730
1728 2510
1730 1736
1731 1742
1733 1742
1733 1744
1734 1741
1735 1885
1736 1749
1737 1749
1737 1756
1738 1748
1738 2505
1739 1761
1739 1764
1739 2494
1740 1752
1741 1751
1742 1755
1742 2886
1743 1744
1743 1745
1743 1747
1743 2491
1745 1752
1745 1753
1745 1754
1746 2068
1746 2958
1747 1769
1747 1773
1748 2878
1750 1760
1750 1763
1750 2886
1751 1755
1751 2505
1753 1773
1754 1756
1756 1788
1757 1768
1757 1780
1757 1791
1758 1759
1758 2488
1760 2506
1761 2881
1761 2884
1762 1764
1762 2884
1764 1765
1764 2885
1765 2494
1766 2887
1767 2882
1767 2888
1768 2683
1769 2491
1769 2522
1770 2454
1771 1786
1772 1775
1772 2454
1773 1778
1773 1783
1774 1787
1774 1795
1775 1783
1776 2882
1777 1789
1777 2492
1778 1781
1779 2518
1780 2101
1780 2274
1781 2487
1782 1793
1782 2405
1782 2827
1784 2522
1785 2492
1786 1788
1786 2487
1787 1794
1788 2486
1789 1792
1789 1793
1790 1792
1790 1794
1790 2456
1791 2422
1791 2683
1795 2828
1796 1797
1796 2188
1797 2400
1798 1799
1798 3047
1799 2010
1799 2011
1800 1803
1800 2896
1801 2896
1802 1813
1802 2201
1802 2284
1804 2904
1804 3034
1805 2951
1805 3015
1806 1807
1806 3016
1806 3020
1807 2213
1808 1811
1808 2947
1809 1810
1809 2314
1810 1814
1811 1814
1811 3098
1812 2164
1812 3095
1812 3098
1813 1824
1813 1835
1813 1846
1814 1816
1814 3099
1815 2409
1816 2894
1816 3099
1817 3030
1818 2019
1819 1820
1819 2149
1819 2370
1820 1821
1821 1822
1821 3104
1822 2162
1823 2320
1824 2272
1825 3004
1825 3040
1826 2289
1826 2795
1827 1828
1827 2794
1828 2478
1828 2791
1829 1830
1829 2244
1829 2673
1829 2799
1830 1832
1831 1832
1831 2243
1831 2366
1831 2802
1833 1834
1833 1836
1833 2242
1834 2242
1834 2366
1835 2272
1835 2380
1836 1839
1836 1841
1837 1838
1837 1839
1837 1840
1838 2227
1839 2661
1840 1843
1840 2217
1841 1842
1842 2421
1843 1844
1843 1845
1844 1847
1844 2215
1845 2216
1845 2217
1846 1868
1847 2179
1847 2395
1847 2421
1848 1849
1848 2095
1848 2096
1848 2671
1849 2092
1849 2095
1850 1999
1851 1852
1851 1877
1851 3026
1852 3027
1853 1854
1853 2685
1853 3022
1853 3044
1854 2717
1856 1858
1857 1868
1857 1879
1857 1891
1859 1860
1859 2732
1860 1986
1860 2736
1861 1862
1863 2868
1863 2979
1864 2292
1864 2293
1864 2844
1865 1866
1866 1867
1866 1978
1867 1869
1867 1870
1868 2281
1870 1978
1870 1983
1871 1872
1871 2685
1871 3021
1872 2415
1872 2416
1873 2535
1873 2857
1873 3032
1874 1875
1874 2535
1874 2857
1875 2316
1875 2363
1876 2031
1876 3002
1877 1903
1879 1990
1880 1881
1881 1882
1883 1884
1885 1886
1885 1887
1886 1894
1887 1893
1888 2358
1888 2391
1889 1892
1889 2369
1890 2001
1890 2112
1890 2420
1891 1913
1892 1976
1893 1894
1896 1897
1896 1898
1897 1901
1897 2416
1898 2181
1899 2180
1900 1901
1900 1903
1901 2415
1902 1913
1902 1924
1902 2013
1902 2383
1903 2415
1905 3000
1907 1943
1907 2357
1907 2375
1907 3007
1907 3009
1908 1910
1908 2018
1909 1910
1909 2213
1911 2292
1912 1914
1912 1915
1912 2026
1913 2347
1914 1919
1914 2033
1915 2027
1915 2036
1916 1917
1916 1918
1916 3003
1917 1930
1917 2041
1918 2994
1919 1921
1919 2032
1920 1921
1921 3003
1922 1923
1922 1926
1922 2060
1923 1947
1923 1948
1923 2030
1924 2167
1925 1926
1925 2043
1926 2077
1927 1928
1927 1929
1927 2103
1928 2050
1928 2097
1929 1931
1930 1931
1930 1932
1932 2040
1932 2131
1932 2376
1933 1934
1933 1936
1933 2120
1934 2121
1934 3041
1935 1946
1935 1957
1935 1976
1935 2313
1936 2134
1937 1939
1937 2367
1937 3086
1938 2304
1938 3086
1939 1940
1939 2305
1941 1942
1941 1943
1942 2085
1942 2086
1942 2087
1943 2087
1944 2091
1944 2093
1944 2671
1945 2083
1946 2265
1946 2449
1947 1949
1947 1959
1947 2058
1948 1949
1948 1950
1948 2028
1949 2051
1950 2044
1950 2045
1951 1952
1951 1953
1951 1954
1952 1955
1952 1964
1954 1955
1954 1956
1954 1959
1955 1964
1956 2059
1957 1968
1957 1979
1958 1959
1958 1960
1958 1962
1958 2058
1960 1964
1960 1966
1960 2064
1961 1962
1961 1963
1961 2054
1962 1966
1963 2051
1964 1965
1965 1972
1965 2064
1965 2672
1966 1967
1967 1974
1967 2064
1968 2002
1969 1970
1969 1971
1969 2073
1970 2067
1970 2069
1970 3012
1971 1972
1971 1973
1972 2065
1972 2066
1973 1975
1973 2065
1973 2067
1974 1975
1975 2070
1976 2449
1978 2532
1979 1990
1980 1982
1983 2410
1986 2736
1986 2768
1987 2796
1987 3041
1988 3172
1989 3172
1990 2002
1991 1992
1991 1993
1991 2008
1991 2443
1992 2169
1992 2170
1993 1994
1993 1995
1994 2166
1995 2009
1996 1997
1996 1998
1996 1999
1997 2006
1997 2007
1998 2003
1999 2000
2000 2005
2000 2095
2001 2424
2002 2281
2003 2004
2003 2005
2004 2007
2005 2375
2006 2009
2007 2008
2008 2009
2011 2012
2011 2014
2012 2014
2012 3136
2013 2024
2013 2168
2013 2228
2015 2016
2015 2017
2016 2794
2017 2795
2019 2020
2020 2144
2020 2370
2021 2022
2022 2031
2023 2025
2024 2221
2025 2026
2026 2027
2027 2029
2028 2029
2028 2030
2029 2036
2030 2038
2033 2034
2035 2046
2035 2057
2035 2221
2035 2241
2036 2037
2037 2038
2038 2039
2039 2043
2040 2132
2040 3004
2042 2050
2042 2994
2044 2048
2045 2047
2046 2124
2046 2239
2047 2048
2049 2050
2051 2052
2052 2053
2054 2055
2054 2056
2057 2263
2059 2060
2060 2077
2061 2063
2064 2065
2066 2072
2067 2071
2068 2079
2068 2090
2069 2080
2069 2083
2070 2071
2071 2078
2072 2073
2072 2074
2072 2672
2073 2080
2073 2081
2074 2081
2074 2093
2074 2104
2075 2076
2075 2995
2077 2996
2078 3012
2079 2682
2080 2082
2081 2082
2082 2083
2083 2084
2084 2085
2085 2126
2086 2089
2086 2126
2087 2092
2088 2210
2088 2965
2089 2091
2089 2092
2090 2427
2090 2428
2091 2105
2093 2094
2093 2672
2095 2098
2095 2109
2095 2110
2096 2097
2096 2099
2097 2102
2098 2099
2098 2100
2099 2102
2100 2102
2100 2103
2101 2682
2103 2376
2104 2105
2104 2127
2105 2106
2106 2127
2107 2108
2107 2109
2108 2110
2108 2667
2109 2376
2111 2114
2111 2115
2112 2874
2112 3110
2112 3113
2113 2124
2113 2232
2113 2235
2113 2262
2114 2119
2114 2123
2116 2118
2116 2123
2117 2118
2118 2123
2118 2364
2118 2669
2119 2120
2120 2122
2121 2122
2121 2798
2122 2123
2125 2357
2125 2447
2125 3039
2128 2129
2129 2916
2129 3154
2130 2612
2132 2133
2133 2134
2135 2146
2135 2157
2135 2426
2136 2137
2137 2138
2137 2375
2138 2139
2139 2442
2140 3163
2140 3170
2141 2142
2141 2893
2143 2163
2143 2164
2143 3096
2144 2145
2146 2275
2147 2162
2147 3102
2148 2149
2148 2150
2148 2162
2150 2159
2150 2993
2151 2156
2151 2993
2152 2153
2152 2154
2155 3075
2157 2286
2159 2160
2160 2161
2163 3103
2165 2214
2165 2364
2165 2666
2166 2666
2167 2169
2167 2441
2168 2219
2170 2214
2171 2172
2172 3173
2173 2174
2173 2177
2174 2406
2178 2322
2178 2909
2179 2190
2181 3177
2182 2202
2183 2186
2183 2187
2183 2984
2184 2185
2185 2686
2187 2188
2188 2983
2190 2216
2190 2219
2191 2193
2191 2983
2192 2193
2192 2676
2194 3011
2197 2199
2200 3016
2200 3019
2201 2212
2201 2683
2203 2204
2205 2206
2206 2207
2208 2209
2208 2210
2211 3020
2214 2365
2214 2395
2216 2218
2217 2220
2218 2220
2218 2226
2221 2222
2222 2425
2223 2512
2223 2801
2223 2930
2224 2335
2224 3031
2224 3168
2225 2236
2225 2247
2225 2269
2226 2227
2228 2229
2228 2288
2228 2426
2229 2230
2231 2241
2231 2662
2232 2233
2232 2234
2233 2238
2233 2663
2234 2238
2234 2673
2235 2237
2235 2674
2236 2277
2238 2243
2239 2240
2240 2241
2242 2663
2244 2245
2245 2799
2245 2805
2246 2248
2246 2673
2247 2673
2248 2805
2249 2250
2249 2277
2250 2268
2250 2385
2251 2252
2251 2253
2251 2259
2252 2255
2253 2806
2254 2256
2255 2256
2257 2259
2258 2269
2258 2280
2258 2291
2258 2427
2260 2428
2261 2262
2261 2263
2261 2280
2263 2264
2264 2274
2266 2436
2266 2448
2267 2441
2268 2270
2270 2806
2271 2280
2271 2682
2272 2273
2273 2380
2275 2413
2276 2422
2278 2279
2278 2391
2279 2281
2279 2282
2283 2369
2284 2285
2285 2286
2286 2287
2289 2290
2289 2360
2289 2797
2291 2302
2293 2899
2294 2295
2295 2989
2297 2298
2297 2513
2298 2501
2299 2501
2303 2304
2303 2305
2304 3081
2306 3081
2307 2309
2307 3087
2308 3087
2309 2310
2309 2963
2311 3065
2312 2852
2313 2324
2313 2336
2314 3032
2315 2873
2316 2873
2317 2879
2321 3154
2321 3176
2322 2916
2324 2347
2328 2329
2332 2333
2336 2383
2336 2384
2336 2450
2337 2338
2337 2936
2338 2932
2339 2340
2342 2343
2342 3052
2345 2346
2350 2918
2350 3050
2351 2668
2351 2918
2352 3059
2353 2374
2353 2390
2353 3059
2356 2746
2356 2817
2357 2359
2358 2369
2358 2391
2360 2797
2360 2803
2361 2362
2361 2552
2363 2857
2364 2365
2365 2395
2368 2853
2371 2372
2371 2373
2371 2389
2371 2392
2371 2397
2372 2374
2373 2952
2373 2965
2374 2390
2377 2424
2378 3115
2378 3119
2379 3058
2379 3155
2380 2391
2381 2382
2381 2439
2385 2386
2385 2387
2388 2972
2389 2973
2394 2979
2401 2581
2402 2413
2402 2422
2402 2423
2403 2434
2403 2440
2404 2458
2406 2909
2407 2408
2411 2412
2411 2416
2411 3021
2412 2414
2412 3154
2414 2416
2414 3154
2418 2419
2418 3090
2418 3122
2418 3125
2419 3090
2423 2425
2423 2426
2424 2435
2429 2430
2429 2431
2429 2958
2432 2433
2432 2434
2432 2452
2432 3039
2433 3035
2433 3039
2434 2436
2434 2447
2435 3105
2435 3120
2437 2438
2437 2439
2437 2440
2437 2441
2438 2445
2439 2442
2442 2443
2442 2444
2445 2447
2446 2457
2446 2468
2446 3163
2446 3171
2448 2449
2448 2450
2449 2452
2450 2451
2453 2702
2453 2703
2453 2704
2454 2455
2455 2702
2455 2703
2456 2458
2456 2521
2460 2461
2460 2462
2460 2463
2462 2519
2462 2520
2464 2465
2464 2466
2464 2699
2467 2469
2467 2792
2468 3169
2470 2471
2470 2472
2470 2485
2470 2693
2471 2891
2472 2484
2472 2495
2473 2474
2473 2475
2473 2476
2473 2691
2474 2519
2476 2703
2476 2807
2477 2478
2477 2480
2479 2490
2479 2501
2481 2482
2481 2483
2481 3067
2482 2693
2484 2485
2486 2487
2486 2488
2489 2491
2489 2493
2491 2885
2492 2493
2492 2494
2493 2521
2494 2880
2495 2689
2495 2691
2496 2497
2496 2498
2496 2499
2496 2500
2502 2503
2502 2511
2503 2583
2504 2505
2504 2506
2504 2507
2506 2880
2507 2878
2508 2509
2508 2510
2508 2511
2512 2719
2512 2720
2513 2524
2513 2535
2513 2940
2513 2947
2514 2583
2515 2516
2515 2517
2515 2518
2515 2889
2516 2891
2517 2692
2518 2808
2519 2807
2520 2689
2520 2691
2521 2522
2523 2949
2524 2858
2525 2526
2525 2565
2527 2528
2527 2529
2527 2531
2527 2532
2528 2549
2530 2541
2530 2549
2530 2572
2530 2573
2531 2533
2534 2536
2534 2545
2537 2538
2537 2539
2538 2540
2538 2541
2539 2542
2540 2545
2540 2547
2540 2548
2542 2543
2542 2544
2544 2809
2546 2557
2546 2568
2546 2869
2547 2550
2549 2550
2551 2552
2551 2553
2553 2554
2554 2556
2555 2556
2556 2558
2558 2559
2558 2949
2560 2561
2560 2571
2560 2960
2561 2950
2562 2563
2562 2564
2562 2941
2564 2577
2565 2566
2565 2567
2568 2964
2569 2570
2569 2571
2574 2575
2574 2576
2577 2578
2577 2580
2579 2590
2579 2966
2580 2581
2582 2583
2582 2584
2582 2585
2586 2587
2588 2589
2588 2591
2588 2643
2590 2675
2590 2965
2591 2622
2591 2644
2593 2594
2593 2595
2596 2597
2596 2600
2598 2599
2598 2600
2599 2833
2601 2612
2602 2603
2602 2645
2603 2604
2604 2605
2604 2615
2605 2638
2605 2639
2606 2607
2606 2608
2606 2609
2606 2639
2607 2610
2608 2618
2608 2619
2609 2649
2610 2611
2610 2734
2612 3028
2613 2614
2613 2615
2613 2616
2613 2617
2614 2620
2618 2625
2619 2637
2619 2638
2619 2639
2620 2621
2620 2622
2621 2641
2623 2734
2623 2810
2623 2845
2624 2635
2624 2646
2624 3050
2624 3156
2625 2626
2625 2627
2626 2634
2626 2636
2626 2637
2627 2631
2627 2632
2628 2629
2628 2630
2629 2650
2629 2651
2632 2633
2633 2643
2636 2641
2638 2640
2638 2642
2641 2642
2643 2644
2645 2647
2645 2652
2648 2649
2648 2650
2650 2651
2651 2655
2652 2653
2654 2655
2654 2656
2657 2668
2658 2659
2658 2660
2659 2811
2661 2662
2661 2663
2664 2665
2665 2798
2665 2803
2666 2667
2666 2669
2670 2671
2670 2672
2673 2674
2675 2676
2675 2677
2676 2985
2678 2680
2678 2681
2679 2690
2679 2701
2684 2685
2684 3025
2685 3044
2686 2687
2686 2688
2689 2697
2689 2698
2690 2777
2693 2696
2695 2696
2697 2706
2699 2700
2702 2703
2704 2705
2706 2707
2706 2708
2709 2710
2711 2713
2711 2714
2712 2723
2712 2757
2715 2716
2715 2717
2716 3042
2716 3048
2717 2718
2717 3042
2718 3123
2718 3130
2719 2762
2721 2722
2721 2724
2721 2744
2722 2790
2723 2784
2723 2785
2723 2829
2724 2725
2724 2726
2724 2728
2727 2728
2727 2729
2727 2779
2729 2730
2729 2731
2730 3053
2732 2733
2732 2736
2732 2737
2735 2746
2735 2757
2737 3054
2738 2739
2738 2740
2739 2741
2741 2742
2741 2743
2743 2744
2743 2749
2745 2747
2745 2748
2746 2829
2748 2771
2748 2776
2749 2750
2749 2759
2750 2751
2750 2752
2751 2753
2751 2771
2752 2769
2753 2754
2755 2756
2755 2758
2755 2759
2756 2760
2756 2770
2758 2773
2759 2769
2759 2775
2761 2762
2761 2788
2763 2764
2763 2788
2765 2766
2765 2767
2765 2787
2768 2779
2768 2790
2769 2770
2769 2771
2772 2773
2772 2774
2777 2778
2777 2780
2778 2937
2781 2782
2781 2783
2781 2785
2783 2931
2783 2932
2786 2787
2788 2789
2789 2938
2791 2792
2791 2793
2792 2804
2793 2794
2793 2804
2795 2800
2796 2797
2796 2798
2798 2803
2799 2800
2799 2802
2801 2812
2804 2805
2804 2806
2808 2809
2808 2941
2808 2949
2808 2959
2809 2941
2810 2813
2813 2814
2816 2817
2816 2818
2819 2820
2821 2822
2821 2825
2821 2840
2823 2834
2823 2846
2823 2930
2824 2825
2824 2975
2826 2827
2826 2828
2826 2887
2829 2930
2830 2831
2830 2832
2830 2833
2835 2836
2836 2837
2836 2838
2837 2841
2839 2840
2839 2841
2842 3127
2842 3139
2842 3145
2843 2844
2847 2848
2847 2849
2850 2904
2850 2913
2850 3045
2851 3045
2851 3149
2852 2853
2852 2854
2855 2856
2855 2909
2855 3172
2855 3173
2856 2866
2856 2867
2859 2860
2859 2861
2862 2863
2862 3101
2863 3150
2864 2865
2864 3155
2865 2914
2866 3145
2867 3134
2868 2879
2868 2890
2868 2901
2870 2890
2871 2890
2871 2945
2872 2873
2874 2875
2874 3117
2875 3165
2876 2877
2876 2878
2880 2881
2880 2882
2883 2884
2883 2885
2883 2886
2887 2888
2889 2891
2894 2895
2894 2896
2895 2968
2897 2898
2899 2900
2900 3068
2902 2903
2902 2904
2902 3128
2903 3147
2903 3151
2905 3056
2905 3112
2906 2907
2906 2908
2907 2915
2907 2916
2908 2909
2908 3134
2910 2911
2910 2913
2910 2914
2911 2914
2912 2923
2912 2934
2912 2945
2912 2957
2913 3153
2915 3154
2916 3176
2917 2919
2919 2920
2919 2921
2919 2922
2921 2927
2921 2928
2921 2929
2924 2925
2924 2926
2933 2935
2933 2936
2935 2938
2938 2939
2940 3085
2942 2943
2944 2946
2947 2948
2948 3095
2949 2950
2949 2955
2949 2960
2950 2960
2951 2952
2951 3013
2953 2954
2956 3067
2961 2962
2961 2963
2963 2964
2965 2966
2967 2971
2968 2979
2968 2990
2968 3001
2969 2970
2969 2971
2972 2973
2977 2978
2977 2980
2982 3072
2983 2984
2983 2986
2985 2986
2989 2991
2989 2992
2994 2995
2994 2996
2997 2998
2997 2999
2997 3000
3002 3003
3002 3004
3005 3006
3006 3024
3006 3025
3007 3008
3007 3039
3008 3009
3010 3011
3011 3017
3012 3023
3013 3014
3013 3015
3013 3016
3015 3020
3017 3018
3017 3019
3021 3022
3026 3027
3028 3029
3030 3031
3030 3165
3031 3166
3033 3038
3034 3045
3034 3056
3034 3140
3035 3036
3036 3038
3040 3041
3042 3043
3043 3046
3046 3047
3046 3049
3046 3137
3048 3049
3050 3051
3051 3055
3052 3053
3053 3054
3056 3101
3057 3058
3057 3149
3059 3060
3061 3062
3061 3063
3064 3065
3064 3066
3064 3069
3065 3072
3068 3079
3068 3090
3070 3071
3070 3073
3072 3073
3072 3074
3075 3076
3077 3094
3078 3080
3078 3081
3079 3118
3079 3126
3080 3091
3082 3083
3082 3084
3085 3086
3085 3087
3088 3089
3088 3091
3090 3124
3092 3093
3092 3094
3095 3096
3096 3102
3097 3098
3097 3099
3097 3104
3098 3104
3100 3102
3100 3103
3101 3112
3103 3104
3105 3106
3105 3110
3106 3111
3106 3114
3106 3116
3107 3108
3107 3109
3108 3116
3109 3114
3109 3116
3109 3121
3110 3111
3111 3113
3113 3117
3114 3115
3114 3120
3115 3119
3116 3117
3118 3157
3118 3158
3118 3160
3120 3121
3121 3125
3121 3126
3122 3124
3122 3125
3123 3131
3123 3134
3123 3145
3126 3160
3126 3164
3127 3128
3127 3129
3128 3151
3129 3139
3129 3146
3129 3151
3130 3142
3131 3132
3132 3141
3132 3148
3133 3135
3133 3136
3133 3137
3133 3143
3135 3137
3135 3142
3136 3148
3138 3139
3138 3146
3141 3142
3141 3143
3144 3146
3144 3147
3152 3153
3152 3155
3156 3167
3158 3159
3158 3160
3159 3162
3160 3161
3162 3163
3162 3166
3164 3165
3164 3166
3166 3168
3168 3169
3169 3170
3174 3175
3176 3177
