# Nodes
0 -408.5 1030.6
1 -667.1 -2259.2
2 896.8 426.7
3 -2189.9 -176
4 -1273.2 863
5 -1304.8 869.9
6 -1439.6 693.2
7 789.7 1197.3
8 844.8 1190.1
9 792 1149.4
10 94.4 616.7
11 -14.4 710.7
12 -58.2 686.3
13 31.3 602.5
14 -2039.5 -882.2
15 -48.2 743.6
16 -6.1 494.9
17 8.4 470.7
18 -93.5 778.8
19 -140.1 832.3
20 -114 763.6
21 1081.6 1073.4
22 798.7 300.5
23 767.7 248.7
24 911.5 238.7
25 -2085.5 -932.6
26 731.1 327.3
27 -173 142.1
28 113 430.9
29 257.3 143.8
30 248 87
31 261.2 169
32 73.3 234.4
33 321 259.9
34 23.8 447.6
35 450.2 -10.4
36 -2413.8 -823.9
37 424.6 -111.4
38 483.8 277.7
39 522.2 297.5
40 631.7 496.8
41 484.8 141.6
42 475.5 342.5
43 401.9 -318.4
44 612.8 455.1
45 673.9 477.5
46 357.8 -480.7
47 -2623.4 -721.5
48 374.7 -377.5
49 972.2 43.9
50 731.7 388.8
51 1099.8 1239.9
52 1057.2 824.8
53 1165.2 1310.9
54 1171.6 1377.2
55 1079.1 733.8
56 936.7 1145.6
57 788.6 1140.2
58 -1547.6 -1430
59 833.5 1143.2
60 824.9 1080.7
61 980.3 1144.2
62 1199.4 1129.6
63 1178.8 1061.8
64 1204.9 1058.6
65 835.9 766.9
66 844.8 767.4
67 1197.5 1374.2
68 1222.5 1371.2
69 -1538.3 -1447.8
70 1061.9 1387.2
71 -471.3 677
72 -356 718.6
73 -275.9 674.4
74 -249.9 762.3
75 -375.4 624.7
76 -241.6 847.2
77 -257.4 910.9
78 -210.4 706.3
79 -199.5 794.1
80 -1647.3 -1324.6
81 -218 817.3
82 -1603.6 8.2
83 -1697.1 -58.7
84 -1518 37.3
85 865.9 1073.5
86 987.7 1191.7
87 954.8 1229.1
88 1744.8 843.5
89 1782.7 838.3
90 1698.2 848.4
91 -1374.4 -1403.7
92 2060.4 263.2
93 2010.7 268.9
94 1649.7 584.5
95 1834.8 547.3
96 1891.1 556
97 1408.4 683.2
98 1783.6 538.1
99 1846.4 659.5
100 1725.2 536.7
101 1935.5 551
102 -1651.6 -1167.9
103 2072.2 471.4
104 1973.8 480.2
105 1724.2 492.5
106 1785.2 568.7
107 1977.2 507.4
108 1886.2 516.4
109 1839.5 830.1
110 1518.8 759
111 1476.5 763.7
112 1873 825.3
113 886.1 471.2
114 -1699 -1164
115 1550.1 808.2
116 1547.5 757.6
117 1650.7 853.4
118 1603.5 805.5
119 1647.8 803.3
120 1600.5 755.2
121 1412.9 856.8
122 1931.3 512.4
123 1928.3 484.4
124 1978.1 396.9
125 -1652.7 -1105.2
126 1545.3 422.7
127 1583.2 421.5
128 1617.7 315.9
129 1868.3 355.1
130 1971.3 342.6
131 1964.5 287.7
132 1223.5 -145
133 1245.3 -212.4
134 1144.4 99.4
135 1228.3 126.8
136 -1649.6 -1229.5
137 1155.6 65.2
138 1123.1 170.4
139 1198.1 -64.3
140 1184.3 -20.9
141 1169.5 21
142 1106 -47.4
143 1092.4 -6
144 1207.7 191.3
145 1253.1 48.9
146 1356.4 121.2
147 -1870.5 -1115.9
148 1900.2 116
149 1050.4 -62.8
150 1373.5 44.2
151 1690.5 121.2
152 1048.9 737
153 545.7 254.2
154 749.2 350.5
155 570.4 437.9
156 527.6 344.3
157 -242 599.1
158 -1871.3 -1164.7
159 517.5 322.5
160 -76.6 446.8
161 -110.1 522.8
162 -326 649.4
163 -152.6 735.3
164 550.9 394.9
165 596.8 374.7
166 538 366.9
167 -357.4 443.2
168 -434.7 442
169 -1978.7 -1110.6
170 -398 527.5
171 -39.4 555.8
172 -41.9 455.7
173 597.4 278.7
174 743.7 438.8
175 475.5 266
176 27.9 318.1
177 -618.1 596.4
178 -577.3 588.6
179 -614 561.5
180 -1783.3 -1116.3
181 993.4 -13
182 753.3 279.8
183 734.6 84.7
184 -693.5 1043.7
185 -667.7 986.4
186 -617.1 1009.5
187 -744.5 1049.9
188 -715.8 1097.8
189 -437.4 1036
190 -981 775.1
191 -1807.4 -1500.7
192 -263 508.7
193 -782 1104.2
194 -785.9 1054.1
195 -842.7 1108.8
196 -412.4 793.3
197 -759.3 947.9
198 -1023.2 951.2
199 -432.9 596.8
200 -842.1 641.5
201 -551.8 985.8
202 -1836.1 -1393
203 -709.5 968.7
204 385.4 -390.5
205 606.5 -423.8
206 315.6 -127.8
207 219.8 -75.1
208 414.7 399.9
209 378 337.6
210 350.3 74.2
211 153.7 104.6
212 369 -102.3
213 -1387 -2271.1
214 320.9 -93.1
215 357.2 -172
216 200.2 383.2
217 217.2 260
218 227.8 -32
219 329.1 -49.5
220 236.9 22.3
221 315 -696
222 98.5 -7.6
223 310 -163.4
224 914.5 354.8
225 -1394 -2247.5
226 452.1 -1063.8
227 343.1 -551.8
228 421.4 258.6
229 419.2 302.9
230 382.1 258.3
231 -17.6 -57.6
232 293.1 245.9
233 432.7 -66.6
234 385.9 -1.8
235 469.6 310
236 -1523 -2327.4
237 270.2 312.8
238 416.9 338.2
239 290.6 215.5
240 377.3 -57
241 346.9 -1027.3
242 272.5 345.6
243 201.7 257.1
244 158 298.9
245 338.6 5.4
246 217.2 399.4
247 -1378.5 -2366.5
248 465.5 339.8
249 148 38.2
250 -79.4 316
251 -78.4 262.2
252 73.8 266.2
253 -606.7 299.4
254 -500.4 260.7
255 -238.6 50.8
256 -234.5 136.3
257 -679.4 360.3
258 -1786.1 -1049.4
259 -268.5 35.4
260 -48 -13.5
261 -183 222.6
262 -249.3 269.4
263 -242.9 214.2
264 -364.1 175.5
265 -1965.7 -68.1
266 -574.7 259
267 -498.5 210.4
268 -252.3 377.8
269 -1866.4 -852.9
270 -559.4 244
271 -584.8 216
272 -388.1 -1.2
273 -344.4 -44.6
274 -164.3 865.1
275 -352.7 -117.6
276 3.9 578.5
277 -46.3 665.7
278 -265.7 947.3
279 79.8 497.7
280 -2063.6 -808.6
281 -837.8 696.7
282 -891.6 706.9
283 -872 676.2
284 -896 661.8
285 -649.9 944.2
286 -618.7 957.5
287 -1053.6 936
288 -691.4 926.7
289 -1256 1042.5
290 -1093.8 987.2
291 -1431.1 -976
292 -1166.6 1044.3
293 -913.2 744.4
294 -944.6 724.4
295 -527.5 797.6
296 -1086.4 910.8
297 -592.1 1001.6
298 -826.3 557.2
299 1990.8 196
300 1608.1 186.5
301 1572.4 305
302 -1814.5 -1497.7
303 1638.5 258.6
304 1468.3 265
305 1493.5 259.2
306 1398.3 233.4
307 -1712.9 -1033.3
308 -1697 -1105.7
309 -1797 -946.2
310 -1152.4 -2213
311 -948.6 -2305.8
312 -1319.9 -356.1
313 -1200.7 -1463
314 -2087.6 -978.6
315 -1306.3 -277.3
316 -1706.8 -1214.6
317 -1682.6 -2221.4
318 1300.4 680.8
319 309 -1873.7
320 -394.8 986.5
321 -2517.5 -617.1
322 -2573.7 -682.5
323 -2352.6 -372.4
324 111.8 -162.8
325 -2527.7 -460.3
326 -2006.5 -487.3
327 -1603.6 -742.2
328 -1532.3 -682.9
329 -1239.4 205.2
330 -1755 -1349.1
331 -1710.8 -1262.7
332 -1693.1 -1816.1
333 15.2 -2266.5
334 41.9 -2145.9
335 986.4 463.9
336 -152.4 -91
337 3.9 -2068
338 7.9 -2115.9
339 56.6 -2045.8
340 84.1 -1958.2
341 122.5 -1821.8
342 -14.3 -1877.5
343 372.6 -1343.9
344 231.2 -1437.8
345 -27 -1069.1
346 406.5 -1224.9
347 -735.2 -311.9
348 299.4 -1196
349 418.4 -1184.2
350 508.8 -1093.4
351 513.1 -1665.9
352 124.2 -1408.1
353 264.5 -1320.5
354 -1955.3 -1962.4
355 -1242.2 -1417.9
356 66.5 -2116.1
357 1021.6 -118.8
358 -583.6 -312.1
359 1119.6 -259.2
360 -429.8 836.7
361 -1306 1105.9
362 -563.5 434.4
363 -482.7 439.6
364 -564.1 532.2
365 -675 -342.6
366 -534.3 -299.8
367 -1177.7 987.3
368 1855.5 716.2
369 -754 -291.5
370 443.2 -1914.2
371 1387.4 297.5
372 -649.2 555.5
373 180.4 -2163
374 506.9 -1678.9
375 -722.5 -1849.7
376 -707.2 -1822
377 -667.1 -1748.9
378 -1023.2 -1729.8
379 1016.3 28.4
380 -688.9 -147
381 -1527.6 -654.9
382 1110.7 -265.1
383 995.3 -310
384 951.1 -327.3
385 1348.6 -171.8
386 29.6 -2087.8
387 -1876.7 -1068.4
388 -1790.4 -1000.7
389 96.9 -2078.7
390 189.9 -1983.3
391 135.7 -2109.9
392 712 669.7
393 74.5 -1550.6
394 185.5 -1165.1
395 190 -1583.3
396 295.3 -1613.1
397 446.4 -1653.6
398 337.2 -1466.7
399 45.9 -1676
400 260 -1736.2
401 197.7 -1121.8
402 -34.8 -1101.3
403 683.4 607.9
404 157.1 -1289.9
405 311.4 -1153.8
406 232 -996.4
407 -1171.9 -1929.8
408 -1197.6 -1782.9
409 -1231.1 -1998.6
410 -1157.3 -1961.9
411 -1477.9 -1915
412 -1449 -2050
413 -1677.4 -1911.7
414 799.8 611.7
415 -1869.7 -2036
416 -1701 -2069.4
417 -1233.3 -1638.9
418 -1284.7 -1597.5
419 -1239.2 -1581.2
420 -1537.6 -1635.5
421 -1074.9 -2426.6
422 -963.4 -2351.7
423 556.4 -671.1
424 573.1 -584.1
425 515.1 738.7
426 587 -733.6
427 -1748.2 -1202.3
428 -1648.9 -1262.3
429 -1764.6 -1307.6
430 -1666.1 -984.7
431 -1610.7 -993.2
432 -1673.2 -941.3
433 -1722.7 -988
434 -1660.5 -1022
435 -1624.4 -1275
436 279.8 -802
437 -1612.2 -1169.9
438 -1438.5 -1088.1
439 -1577.6 -996.8
440 -1276.3 -1406.1
441 -633.3 154.2
442 -770.7 337.5
443 203.4 -1941.4
444 227.6 -1850.7
445 97.8 -1909.7
446 11 -1788.8
447 327.5 -622.6
448 155.1 -1706.8
449 -162.4 -2535.1
450 -252.7 -2488.2
451 -21.9 -2249.2
452 -1369.5 -2247.9
453 -997.6 -1773
454 -1065.8 -1623.9
455 -1427.5 -938
456 210.3 -225.8
457 628.3 -403.4
458 -884.8 -2147.5
459 149.3 -587.2
460 289 -230.2
461 192.4 -199.6
462 143.6 -139.6
463 207.5 -145.8
464 91.2 -92.7
465 213.6 -110.6
466 94.8 -52.7
467 -25.1 -95.9
468 135.5 332
469 76.4 320.8
470 75.5 -343.4
471 122.7 275.9
472 54.5 396.2
473 365.8 193.8
474 323.7 204.8
475 487.3 224.9
476 429.1 206
477 465.9 394.7
478 492.9 460.6
479 527.7 540.6
480 543.5 624.3
481 -103.2 -236.3
482 557.2 606
483 -24.1 381.9
484 685.4 -915.5
485 592.9 -680.2
486 780.5 -635.2
487 747 -928.9
488 -649.3 -237.6
489 -477 175
490 -1044.1 -333.6
491 154.4 -202
492 -319.5 -197.7
493 106.3 -169.9
494 -460.2 -166.2
495 -348.2 83.7
496 -986 -1772.6
497 -1103.8 -2017.7
498 -1366.3 -2258.5
499 -1199.6 -2169.7
500 402.1 -835
501 -1550.3 -2323.8
502 -1595.6 -2292.1
503 -489.1 -267.1
504 -1508.2 -2284.5
505 -1574.7 -2277
506 -1261.3 -2191.4
507 -1221.1 -2149.5
508 -869.1 -1678.8
509 1363.2 -33.5
510 1421 446.1
511 1417.7 416.9
512 1440.2 427.8
513 -931.6 -2318.4
514 -97.2 -174.4
515 -567.1 -2075.8
516 -775.7 -1965
517 -1009.3 -1868
518 -797.5 -1969.2
519 -1012.7 -1825.6
520 -616.8 -1673.9
521 -812 -2013
522 -760.3 -1918.9
523 -1301.8 -1355.6
524 -1014.1 -1627.2
525 -91.9 -98
526 877 350.7
527 886.4 1150.1
528 895.5 1188.5
529 950.4 1154.6
530 1416.5 541.2
531 1424 504.8
532 1036.9 618.9
533 1268.9 544.9
534 686.8 315.1
535 685.3 246.7
536 -255.4 17
537 568.4 252.2
538 686.1 367.6
539 634.3 403.1
540 708.1 460.3
541 577.7 216.3
542 684.1 206.5
543 679.3 -43.8
544 680.7 21.4
545 669.3 -96
546 744.4 -28.4
547 -105.2 38.8
548 -1354.4 -2238.4
549 -276.9 -2539.4
550 1083.4 1146.1
551 1082.2 1184.8
552 403.6 -270.4
553 418.2 -181.2
554 -1273.2 685.7
555 -1251.7 656
556 -1294.6 714.7
557 -1013.9 339.4
558 -342.8 -146.9
559 -1000 291.8
560 -1017.4 442
561 -1057.7 377.2
562 -1140.2 463.8
563 -1212.8 604.4
564 -1111.4 433.5
565 -1219.5 441.4
566 624.2 -329.8
567 554.6 -316.8
568 633.6 -281.9
569 -59.5 -1939.5
570 39.2 -299.6
571 702.3 -345.2
572 712.8 -293
573 904 -252.2
574 802.4 -338.4
575 -748.3 -2420.5
576 -939.4 -2340.6
577 -2077.1 -254.5
578 -1926.7 -189.6
579 -2121.7 -144.6
580 -2227 -317.8
581 -1985 -921
582 -2190.4 -439
583 -2151.3 -550.2
584 -1812.5 -277.8
585 -2312.3 -491.2
586 -2274.7 -600.7
587 -2232.7 -725.5
588 -2377.2 -788.5
589 -2491.1 -715.4
590 -2450.5 -687.3
591 -2552.1 -656.2
592 -2029.9 -924.6
593 -1245.9 55.5
594 -1222.4 190.5
595 -1359.2 16.1
596 -1364.5 -13
597 -1351.9 53.8
598 -1472.2 -22.6
599 -1327.7 179
600 -1336.9 134
601 -1454.7 120.4
602 -624.1 360.4
603 -1981.8 -977.1
604 -662.9 348
605 -641.3 495.4
606 -633 430.5
607 -601.9 513.5
608 -695.6 488.9
609 -489.8 568.8
610 -523.6 552.2
611 -459.2 499
612 -509.2 616.5
613 -531.4 578.3
614 -2283.6 -1107.9
615 -564.2 746.6
616 -577.5 777.7
617 -526.1 656.5
618 -338.7 816.6
619 -382.4 802.7
620 -282.5 833.3
621 -370 892.9
622 -304.4 739.3
623 -789.1 670.9
624 -808.6 712.5
625 -2089.6 -1029.3
626 -817.7 660.5
627 -710.3 698.3
628 -592.4 812.2
629 -606.9 850.4
630 -407.3 380.5
631 -533.6 373.6
632 -376.9 306.3
633 -502 302.5
634 -373.5 264.7
635 -1804.1 269.3
636 -2321.8 -1107.1
637 -1702.6 302
638 -1763.5 142.8
639 -1478.1 379.1
640 -1506.7 498.8
641 -1454.9 387.4
642 -1659.3 178.9
643 -1619.7 58.2
644 -1924.9 95.5
645 -1185.5 335.8
646 -1348.5 285.2
647 -1979.9 -1030.8
648 -1348.8 415.3
649 -1296 535.1
650 -1568.3 -913.7
651 -1559.2 -847.3
652 -1676.8 -835.5
653 -1486.9 -96.4
654 -1520.9 -202.2
655 -1447.1 -99.8
656 -1580.7 -59.2
657 -1646.7 -573
658 -1882.2 -1019.1
659 -1712 -585.9
660 -1489.4 -466.5
661 -1637 -542.8
662 -1658.1 -678.3
663 1583.8 -72.8
664 1499.6 -113.3
665 1560.6 -5.2
666 1819.9 295.4
667 1818.1 221
668 1753.8 291.1
669 -1979 -1079.5
670 1827.4 197.5
671 1789.5 162.9
672 1640.1 37.7
673 1688.6 -20.2
674 1149.2 243
675 1172.4 299.9
676 1104.7 231.6
677 1385.5 324.8
678 1348.7 320.4
679 1055 210.9
680 -36.2 -1891.6
681 -2174.1 -919.7
682 1028.9 202.5
683 1055 283.2
684 -1427.1 -263.2
685 -1474.1 -405.7
686 -1382.3 -111.5
687 -1365.4 -271.4
688 -1607 -455.3
689 -1380.6 -379
690 -1516.6 -589.9
691 -1434.7 -35.3
692 -2194.1 -845.5
693 -1774.4 -387
694 -1741.3 -504.2
695 -1559.3 -317.3
696 -1646.3 -469.3
697 -1775.7 -618
698 -2532.7 -758.7
699 -2109 -672.4
700 -1956 -599.4
701 -1910.1 -688.2
702 -1799.4 -630.1
703 -1743.7 -890.3
704 -1888.4 -726.6
705 -1816 -538
706 -1583.8 -388.8
707 973.2 184.5
708 931.8 171.7
709 947 251.2
710 1431.2 750.5
711 1430.1 682.4
712 1295.6 659.7
713 1290.3 603.6
714 -1681.2 -899.7
715 1409.8 744.8
716 1317.4 785.2
717 -329.3 62.8
718 -347.9 123.1
719 -297.8 61.7
720 -336.7 0.1
721 -55.2 39.8
722 -123.1 150.7
723 -1545.4 -759.6
724 -1871.7 -822.7
725 -2499.4 -1166.2
726 -1742.8 -834.8
727 -1744 -724.4
728 957.6 600
729 888.5 757
730 884.5 722.2
731 973.8 748.1
732 953.9 791
733 964.4 662.5
734 623.7 -1700.5
735 1406.1 323.1
736 -2410.3 -978.1
737 1400.4 257.6
738 1397.6 427.2
739 1346.3 430.3
740 1453.3 319.6
741 1064.2 351.6
742 1048.7 410.9
743 1140.3 346.2
744 1185.6 343.5
745 1196.6 393.5
746 1244.9 333.1
747 -2315.8 -891.2
748 1293.6 337.2
749 1340.5 334.4
750 1297.8 386.9
751 988.9 431.3
752 1033.1 353.6
753 1183.2 330.2
754 1135.1 334.4
755 1072.7 337.7
756 1042.9 339.3
757 1018.6 59.1
758 -563.3 -299.1
759 987.9 343.4
760 1007.4 267.5
761 1034.2 659.1
762 971.3 720.3
763 1034.7 722.8
764 864.6 988.3
765 968.2 981.9
766 859.9 922.8
767 1011 979.3
768 963.3 917.4
769 828 678.3
770 892.5 797.6
771 1066.2 1030.8
772 1015.7 1036
773 1131.8 1019.3
774 1173.6 1014
775 1077 1026.3
776 1120.8 920.7
777 1137.4 1066.7
778 1083 776
779 1383.4 989
780 876.9 666.3
781 1422.3 984.1
782 1379.8 949.2
783 1327.7 948.7
784 1344.7 -102.8
785 1371.2 -162.7
786 1306.4 -116.4
787 1334.3 -53.5
788 1337.3 -23.2
789 1344.7 30.9
790 1319.7 24.8
791 -388 -1746.5
792 1185.7 765.4
793 1281.2 -37.3
794 1362.7 169.9
795 1371.5 241.5
796 1392.9 182
797 1380.2 94.2
798 1431.8 193.2
799 1410.7 770.6
800 1405 608.2
801 1413.1 881
802 1436.8 877
803 1209.4 1009.4
804 1374.5 890.7
805 1419 951.7
806 1618 420.3
807 1651.8 418.6
808 1159.6 443.5
809 1032.5 458.9
810 1151.9 397.6
811 1516.4 322.7
812 1495 425.2
813 1568.7 318.9
814 1104.5 774.1
815 1542 46.5
816 1477 -44.5
817 1442.1 67
818 1438.2 113.2
819 1524.2 93.2
820 1509.2 137.7
821 1592.7 117.3
822 1484.5 209.4
823 1473.7 244.6
824 1504.7 215.9
825 1313.3 753.7
826 1521.1 308.2
827 1481 310.9
828 1531.3 269.5
829 1542.3 227.2
830 1557.9 170.8
831 1590.6 243
832 1613.6 82.4
833 1627.1 128.9
834 772.2 564.2
835 848.8 553.9
836 1238 1054.7
837 741.2 511.2
838 1282.3 143.3
839 1261.7 208.2
840 1241.8 270.7
841 1187.3 254.4
842 1294 106.3
843 1240.1 90.1
844 1144.8 -172.1
845 1119.9 -91.6
846 1091.9 -190
847 1324.4 995.9
848 1066.8 -109.8
849 1050.5 -203.5
850 1087.8 80.9
851 1050 139.3
852 999.9 464.1
853 216.7 -2165.3
854 172.4 -2052.1
855 160.1 -2145.8
856 73.9 -2169.5
857 -1139.4 239.4
858 1023.1 555.2
859 -1212.5 218.3
860 -1270.2 -101.9
861 -1454.6 79.8
862 -1533.3 84.8
863 803.1 908.3
864 801 880.1
865 849.7 905.7
866 831.2 353.9
867 853.7 282.4
868 783.3 350.7
869 1149.5 546.6
870 894.3 295.5
871 808.7 267.9
872 892.9 158.8
873 712.9 223.1
874 682.1 90.9
875 588.5 174.6
876 641.3 191.4
877 582.3 98.7
878 474 113.9
879 474 143.5
880 940 273.3
881 414.6 122.4
882 397.6 65.5
883 359 130.2
884 111.7 149.7
885 70.5 150.6
886 117.7 226.1
887 103.5 44.6
888 -21.1 152.6
889 -72.3 152.8
890 -22.6 233.5
891 926.7 305.9
892 -77.8 233.4
893 28.6 233.9
894 -22.9 263.5
895 -23.4 317.1
896 28.5 264.7
897 -135.7 231.6
898 -160.5 385.9
899 -174.8 446.1
900 -53.7 393
901 -345.7 552.1
902 -225.8 -1438.3
903 955.5 352.2
904 -301.2 444.1
905 -292.9 575.5
906 -279.9 382.8
907 -440.5 784.8
908 -406.8 700.7
909 -464.1 777.4
910 -748.1 479.8
911 -704 546.9
912 -758.1 535.8
913 -713.3 615.4
914 815.2 -712.9
915 -2613.9 -680.1
916 -2599.4 -663
917 1821.8 361.2
918 1871.4 296.9
919 1703.7 306.6
920 1660.8 300.4
921 1670.2 370.9
922 1715.4 148
923 1671.1 269.4
924 1708.2 266
925 760.4 -698.1
926 1624.3 301.7
927 1918.1 278.3
928 1966.7 222.3
929 1708.9 417.3
930 1823.8 411.6
931 1827.4 485.5
932 1865.4 408.4
933 2078.8 534.9
934 2075.1 498.4
935 1982.5 545.8
936 78.7 -301.9
937 2032.4 548.1
938 640.6 622.5
939 585.8 518
940 -1171.1 -116.8
941 -1593.4 -21.9
942 -1496.6 -29.4
943 -1685.2 -96.5
944 888.7 17.1
945 848.2 144.8
946 933.8 32
947 83.7 -174.2
948 781.2 122.9
949 748.1 112.2
950 727.9 105.6
951 625.4 92.8
952 681.7 68.4
953 -1428.3 833
954 -1583.9 641.3
955 -1347.1 768.6
956 -1404.3 885.5
957 -1879.1 -79.3
958 1046.5 781.3
959 -1865.5 -120
960 -1782 -51.4
961 -1853 -157.2
962 -1458.9 55.2
963 -1464.4 22.3
964 -1508.7 8.3
965 -1757.7 -123.2
966 -1769.9 -85
967 -843.6 1012
968 -978.3 1004.2
969 978.2 788.6
970 -780.2 856.1
971 -844.6 1059.6
972 -1004.1 1017.6
973 -1074.1 1071.2
974 -1062 1128.9
975 -1084.3 1026.6
976 -1159.5 1088.1
977 -1277.1 1062.5
978 -1560.9 594.7
979 -1112.5 934.8
980 1046.5 842.8
981 -1137.9 947.5
982 -2338.8 -246.5
983 340.2 -2089.5
984 390.6 -2009.7
985 380.9 -1895.9
986 -1784.6 -808.4
987 -1791.5 -718.7
988 -1781.6 -839
989 -2133.7 -118.1
990 -397.6 -2478
991 -1340.8 -466.6
992 1053.5 909.8
993 996.9 847.1
994 1003.6 914
995 959.1 851.4
996 972.6 1040.5
997 1027.7 1142.5
998 854.6 861.5
999 845.5 801.8
1000 1299.1 433.3
1001 1343.5 383.8
1002 -944.3 -419.5
1003 1250.4 436.4
1004 1206.5 439.9
1005 1246.9 390
1006 646.9 -213.4
1007 726.1 -224
1008 661.6 -140.3
1009 922.6 -234.3
1010 882.9 -354.1
1011 587.4 -126.7
1012 824.5 -113.7
1013 -379.5 -2413.6
1014 -1442.9 -930.9
1015 866.3 -116.9
1016 820.5 -160.4
1017 888.3 -118
1018 904.7 -172.2
1019 928.7 -105.7
1020 749.6 -106.9
1021 768.3 -366.2
1022 785.8 -394.1
1023 813.1 -235.7
1024 854.1 -241.7
1025 -148.4 -1859
1026 799.9 -309.5
1027 741.2 -150.3
1028 822.2 -3.7
1029 850.4 5.1
1030 829.8 -48.5
1031 972.5 -233.6
1032 942.7 -161.1
1033 939.3 -136.1
1034 965.8 -85.1
1035 1065.9 975.7
1036 -639.6 352.3
1037 1109.1 815.3
1038 1067.2 926
1039 1354.9 544.1
1040 1356.2 600.7
1041 -645.6 334.4
1042 -687.9 609.8
1043 757.5 -70.3
1044 768.5 -20.5
1045 860.4 -165.1
1046 -1655.1 -1621.5
1047 -355.4 105.4
1048 -1328.5 -1597.3
1049 -1769.7 -1624.3
1050 -1789.6 -1499.9
1051 -233.5 -2147.3
1052 -1792.5 -1561.3
1053 -1256.4 -2015.9
1054 -1002.9 -1668.2
1055 -1504.4 -928.6
1056 -1571.8 -952.6
1057 -1434.6 -861.7
1058 -611.8 -229
1059 -1740.3 -903.8
1060 -1733.2 -936
1061 -1803 -907.5
1062 -1895.9 -917.3
1063 -1890.3 -962.2
1064 -1322.3 -1403.1
1065 -1332.8 -1327.6
1066 -992.3 -1730.6
1067 -1034.8 -1862.1
1068 -1345.8 -2260.6
1069 -1795.7 -9.5
1070 -1024.7 -328.1
1071 -1983.2 -1509.7
1072 -1954.9 -1507
1073 -1969.3 -1524.9
1074 -2043.1 -1535.2
1075 -2092.3 -1515.2
1076 -2089.4 -1635.2
1077 -2017.6 -1801
1078 -1903.5 -2078.4
1079 1028 1151.9
1080 -1887 -36.1
1081 927.8 1044.5
1082 869.7 1049.7
1083 791.2 371.3
1084 839.8 399.2
1085 772.2 421.3
1086 842.7 451.3
1087 755.4 724.4
1088 770.7 767.3
1089 652.3 784.1
1090 318.5 801.3
1091 -1723.1 21.1
1092 445 754.7
1093 301.9 765.7
1094 200.9 855.5
1095 154.1 741.3
1096 118.6 757.4
1097 176.4 731.2
1098 97.8 646.2
1099 7.1 806.6
1100 50.3 919.5
1101 -137 959.2
1102 -1707.4 -29
1103 -274.9 985.4
1104 -460 910.6
1105 -478.2 956.3
1106 -388.5 940.6
1107 -332.7 961.2
1108 -322.1 934.7
1109 -443.3 869.4
1110 -495.2 852.8
1111 -521.9 1040.6
1112 -510.5 889.7
1113 -804.6 -1688.3
1114 -542.9 832.5
1115 -512.4 762.4
1116 -699.9 810.5
1117 -558.6 869.4
1118 -628.3 894.4
1119 -662.1 715.1
1120 -579 917
1121 -599.9 965.5
1122 -597.6 907.6
1123 -741.5 906.1
1124 -547.8 -2331.8
1125 -867.9 -1712.5
1126 -610 732.5
1127 -660.7 604.7
1128 -763.4 569.9
1129 -813.8 523.4
1130 -774.4 627.6
1131 -804.7 633.8
1132 -824 746.2
1133 -842.7 788.4
1134 -856.3 728
1135 -877.4 628.9
1136 -939.9 -1700
1137 -912.4 594
1138 -951.2 716.8
1139 -804 469.4
1140 -818.1 510.1
1141 1527.7 542
1142 1526.4 507.6
1143 1590.3 539.2
1144 1428.3 608.8
1145 1593.4 598.9
1146 1648.4 537.1
1147 -550.9 -1666.5
1148 1647.5 502.5
1149 1882.8 488.5
1150 1739.5 308.3
1151 1722.8 368
1152 1877.2 141.2
1153 1760.5 138.1
1154 1808.3 80.9
1155 1736.3 118.4
1156 1781.4 59.9
1157 1755.3 37.4
1158 -972.4 -1736.4
1159 414.7 682
1160 1650.5 612.9
1161 1651.2 638.3
1162 1571.6 642.5
1163 1728 634.2
1164 1788.4 631
1165 1726.1 575.3
1166 1429.6 649.4
1167 1573 675.1
1168 1595.7 673.8
1169 -985.6 -1819.8
1170 1543.3 676.8
1171 1640.1 671.3
1172 1644.8 753.1
1173 1790.1 662.7
1174 1514.4 678.3
1175 1520.2 867.4
1176 1552.9 863.6
1177 1521.5 809.3
1178 1606.6 858.2
1179 1429.1 813.8
1180 -275.3 -1812.5
1181 1480.5 872
1182 1478.8 810.6
1183 1372.2 865.3
1184 1326 871.2
1185 1364.2 776.9
1186 1328.8 900.6
1187 1086.3 1222.6
1188 1034.4 1226.3
1189 1102.9 1317.8
1190 -1665 -732.5
1191 511.9 -864.5
1192 -1613.8 -841.8
1193 -1417.4 -782
1194 1673.7 143.8
1195 1457.3 12.6
1196 -19.1 40.7
1197 -18.3 -11.9
1198 61 43.8
1199 -149.6 314.3
1200 -251.1 310.8
1201 -142.2 266.8
1202 563 -871.9
1203 -1858.5 -901
1204 -724.6 352.2
1205 -191.9 484.7
1206 -235.2 445.2
1207 478 -190.3
1208 491.8 -109.8
1209 459.3 -299
1210 534.4 -198.2
1211 506.8 -18.5
1212 438.8 -100.4
1213 545.4 -728
1214 548 -119.7
1215 603.7 -32.8
1216 563.9 -27.4
1217 518.1 43.3
1218 572.9 34.7
1219 468.9 52.4
1220 456.7 54.5
1221 426.8 150.5
1222 361.8 157.4
1223 157.1 147.8
1224 39.2 -2031.2
1225 161.3 213.8
1226 -127.7 561.1
1227 -211.5 528.4
1228 -58.9 592.4
1229 -160.4 634.8
1230 -100 663.4
1231 -87.7 643.5
1232 -905.3 805.8
1233 -941 790.5
1234 -858.5 824.8
1235 105.6 -755.9
1236 -86.9 -1986.9
1237 -880.7 764.6
1238 -947.7 857.8
1239 -976.9 836.3
1240 -981.6 899.7
1241 -1010.8 813.5
1242 -1009.4 878.8
1243 -1118.8 853.7
1244 -1088.7 815.6
1245 -1144.6 821.6
1246 -1080.1 885.9
1247 -644 -1689.6
1248 -1338.2 1014.4
1249 -1294.5 991.9
1250 515.2 -309.4
1251 561.8 -275.2
1252 574.2 -203.5
1253 614.1 27.3
1254 1146.6 1141.3
1255 1157.2 1233.6
1256 1197.3 1138.6
1257 776 979.4
1258 -682 -1648
1259 808.4 971.6
1260 791 1086.7
1261 804.8 804
1262 854.4 958.7
1263 1306.2 66.3
1264 1267 7.1
1265 816.6 1025.8
1266 859.6 1022.3
1267 837.3 1152.5
1268 606.2 418.5
1269 -604.4 -1634.6
1270 652.4 435.7
1271 550.9 448.9
1272 347.4 522.9
1273 218 582.7
1274 380.9 602.1
1275 395.3 636.1
1276 574.4 321
1277 583.9 346.8
1278 774.5 491.3
1279 801.9 475.7
1280 -1120 -2042.3
1281 818.2 503.2
1282 819.8 440.9
1283 -1966.3 -1413.6
1284 -1975.4 -1212.8
1285 159.1 450.1
1286 153.7 428.4
1287 167.5 477
1288 258.4 433.1
1289 92.4 482.5
1290 269 693.4
1291 -1443.6 -1064.3
1292 143.3 633.8
1293 316.7 408.6
1294 375.6 403.4
1295 318.1 454.5
1296 864.7 1186.3
1297 268.8 207.3
1298 320.2 336.3
1299 288.3 -1867.9
1300 1054.4 1323.5
1301 1002.6 1329.8
1302 -1450 -1013.3
1303 1039.5 1277.7
1304 -1429.5 578.5
1305 -1379.8 627
1306 -1217.1 726.2
1307 -1197.2 691.5
1308 -1239.9 762.1
1309 -1322 686.5
1310 114.9 -451.8
1311 -2300 -350.8
1312 390.3 730.4
1313 -1612.9 -1096.8
1314 428.6 715.2
1315 357.2 653.1
1316 952.8 1193.5
1317 1654.8 313.5
1318 1710.1 94.8
1319 -1976.8 -1168.9
1320 1031.3 1190.5
1321 989.2 1227.9
1322 904.4 1229.9
1323 960.9 1334.8
1324 -1463 -963.5
1325 964.2 1397
1326 1008.5 1392.6
1327 1108.4 1383.2
1328 -838.2 -2060.6
1329 -1256.5 920.7
1330 -1240.3 951.3
1331 -1308.6 941.6
1332 -1005.4 485.6
1333 -1122 767.5
1334 -1026.4 741
1335 -2171.3 -119.7
1336 -1045.1 850.1
1337 -1379.6 741.9
1338 -1275.2 801.1
1339 -898 499.6
1340 -1163.2 790.9
1341 -1202.1 802.3
1342 -1106.2 796.9
1343 -1206 997.3
1344 -1171.1 903.1
1345 -1265.5 739.9

# Edges
0 189
0 320
0 1103
0 1106
1 458
1 515
1 575
1 1013
1 1124
2 113
2 224
2 335
2 1084
3 579
3 580
3 982
3 1335
4 5
4 1329
4 1338
5 956
5 1331
6 978
6 1305
6 1337
7 8
7 9
8 1267
8 1296
9 1267
10 13
10 279
10 1098
11 12
11 13
11 15
12 20
12 277
12 1230
13 16
13 276
14 269
14 280
14 592
15 18
16 17
16 171
17 34
17 172
18 19
18 20
19 79
19 274
20 163
21 550
21 775
21 777
22 182
22 868
22 871
23 182
23 871
23 873
23 948
24 708
24 709
24 870
25 314
25 592
25 681
26 182
26 534
26 868
27 256
27 261
27 722
28 472
28 1285
28 1289
29 30
29 31
29 883
29 1223
30 211
30 220
31 1225
31 1297
32 252
32 886
32 893
33 230
33 232
33 237
33 474
33 1298
34 472
34 1289
35 233
35 234
35 1211
35 1212
35 1219
35 1220
36 47
36 588
36 698
36 736
36 747
37 212
37 233
37 553
38 39
38 42
38 475
39 153
39 159
39 1276
40 44
40 45
40 939
41 475
41 875
41 878
42 159
42 477
43 204
43 457
43 552
44 1268
44 1270
45 540
45 1270
46 48
46 204
46 227
46 1310
47 698
47 725
47 915
48 491
48 552
49 181
49 708
49 757
49 946
50 154
50 538
50 1085
51 550
51 1189
51 1255
52 958
52 1037
52 1038
53 54
53 1189
53 1255
54 67
54 1327
55 152
55 761
55 778
56 61
56 527
56 1081
57 59
57 1260
58 69
58 80
58 91
58 191
59 60
59 527
60 85
60 1260
60 1265
61 996
61 997
62 63
62 64
62 1254
63 64
63 774
63 777
64 803
64 836
65 769
65 999
65 1088
66 729
66 769
66 999
67 68
69 91
69 191
69 420
70 1300
70 1326
70 1327
71 199
71 617
71 908
71 1115
72 162
72 619
72 622
72 908
73 78
73 157
73 162
73 622
74 78
74 79
74 620
74 622
75 162
75 199
75 901
75 908
76 77
76 81
76 620
77 274
77 278
78 163
78 1229
79 81
79 163
80 330
80 428
80 429
80 435
81 274
82 84
82 643
82 941
82 1102
83 941
83 943
83 966
83 1102
84 862
84 962
84 964
85 527
85 1266
86 1316
86 1320
86 1321
87 1316
87 1321
87 1322
87 1323
88 89
88 90
89 109
90 117
91 440
91 1048
91 1064
91 1065
92 93
92 299
93 927
93 928
94 1145
94 1146
94 1160
94 1165
95 96
95 98
95 99
95 106
95 108
95 931
96 101
96 108
97 711
97 715
97 800
98 100
98 106
99 368
99 1173
100 105
100 1146
100 1165
101 122
101 935
102 114
102 125
102 136
103 104
103 934
104 107
104 123
105 931
105 1148
106 1164
106 1165
107 122
107 934
107 935
108 122
108 1149
109 112
110 111
110 116
110 1174
110 1177
111 710
111 1182
112 368
113 835
113 1086
114 180
114 308
114 316
115 116
115 118
115 1176
115 1177
116 120
116 1170
117 119
117 1178
118 119
118 120
118 1178
119 1172
120 1168
120 1172
121 799
121 801
121 1183
122 123
123 1149
124 130
124 932
125 308
125 434
126 127
126 812
126 813
127 128
127 806
128 813
128 1317
129 130
129 917
129 918
129 932
130 131
131 918
132 133
132 139
132 786
132 844
133 359
133 385
134 135
134 137
134 138
134 850
135 144
135 838
135 843
136 316
136 428
137 141
137 843
138 144
138 674
138 676
138 850
139 140
139 793
139 845
140 141
140 142
140 1264
141 143
141 145
142 143
142 149
142 845
144 839
144 841
145 843
145 1263
145 1264
146 789
146 794
146 842
147 158
147 169
147 180
147 387
148 299
148 1152
149 357
149 379
149 757
149 848
150 509
150 797
150 817
151 832
151 922
151 1194
151 1318
152 761
152 958
153 173
153 475
154 534
154 1083
155 164
155 1268
155 1271
156 159
156 166
156 1276
157 905
157 1227
157 1229
158 202
158 427
160 161
160 172
160 899
160 900
161 171
161 1205
161 1226
162 905
163 1230
164 165
164 166
165 1268
165 1277
166 1277
167 168
167 170
167 904
168 363
168 611
168 630
169 669
169 1319
170 199
170 611
170 901
171 276
171 1228
173 534
173 1276
174 540
174 1085
174 1278
175 228
175 235
175 475
176 469
176 895
176 896
177 178
177 179
177 1127
178 364
178 613
178 1126
179 372
179 607
180 258
181 379
181 1034
182 535
183 950
183 952
183 1044
184 185
184 186
184 187
184 188
185 186
185 203
185 285
186 297
186 1121
187 194
187 203
188 193
188 1111
189 1111
190 294
190 1233
190 1241
191 202
191 1046
191 1052
191 1072
191 1073
192 905
192 1206
192 1227
193 194
193 195
194 197
194 971
195 971
195 974
196 360
196 619
196 907
197 203
197 1123
198 287
198 972
198 975
198 1240
199 609
200 626
200 1131
200 1135
201 297
201 1105
201 1111
201 1112
201 1120
201 1121
202 1283
203 288
204 205
205 491
206 214
206 223
206 465
207 214
207 218
207 465
207 466
208 238
208 477
208 1294
209 230
209 238
209 1294
209 1298
210 245
210 882
210 883
211 249
211 1223
212 214
212 215
212 240
213 225
213 236
213 247
213 1068
214 219
215 223
215 553
216 237
216 246
216 468
216 1286
217 237
217 239
217 468
218 219
218 220
218 222
219 240
219 245
220 245
220 249
221 436
221 447
221 1213
222 466
222 887
222 1197
223 460
223 463
224 526
224 891
224 903
224 1083
225 412
225 504
225 548
226 241
226 349
226 350
226 1191
227 424
227 447
228 229
228 230
229 235
229 238
231 260
231 466
231 467
231 1197
232 239
233 240
234 240
234 245
234 882
235 248
236 247
236 501
237 242
238 248
239 474
241 405
241 406
241 500
242 246
242 1288
243 244
243 1225
243 1297
244 468
244 471
246 1288
248 477
249 887
250 251
250 895
250 1199
251 892
251 894
251 1201
252 469
252 471
252 896
253 266
253 602
253 633
254 266
254 267
254 633
254 634
255 259
255 547
255 719
256 263
256 718
257 602
257 608
257 1204
258 307
258 387
258 388
259 536
259 719
260 721
260 1197
261 263
261 897
262 263
262 634
262 1200
262 1201
264 267
264 634
264 718
265 578
265 989
265 1080
266 270
267 270
268 898
268 906
268 1200
269 724
269 988
269 1203
270 271
271 441
271 604
272 273
272 441
272 720
273 275
273 720
275 441
275 514
275 558
276 277
277 1231
278 1103
278 1108
279 1289
280 692
280 699
280 701
281 283
281 624
281 626
281 1134
282 283
282 293
282 1134
283 284
284 294
284 1135
285 286
285 288
285 1118
286 1121
286 1122
287 290
287 296
287 1242
288 1123
289 292
289 367
289 977
289 1249
289 1343
290 975
290 979
291 302
291 313
291 490
292 367
292 975
292 976
293 294
293 1233
293 1237
295 616
295 1114
295 1115
296 979
296 1336
297 1111
298 1128
298 1129
298 1135
299 928
300 830
300 831
300 833
301 826
301 831
301 926
302 454
303 831
303 923
303 926
303 1194
304 737
304 740
304 823
305 824
305 827
305 828
306 737
306 796
306 823
307 308
307 433
307 434
309 388
309 1060
309 1061
309 1063
310 311
310 499
311 422
311 458
311 513
312 315
312 689
312 860
312 940
312 991
313 496
313 1050
314 603
314 625
315 687
315 860
316 331
316 427
317 502
317 505
318 712
318 825
319 397
319 985
319 1299
320 1106
321 585
321 590
321 591
322 591
322 915
322 916
323 325
323 585
323 1311
324 456
324 488
324 1047
325 916
325 982
326 583
326 693
326 700
327 723
327 1190
327 1192
328 381
328 662
328 723
329 594
329 599
329 859
330 429
331 427
331 428
332 413
332 1049
333 373
333 451
334 338
334 356
334 451
334 856
335 858
335 903
336 525
336 536
336 1047
337 338
337 386
337 1224
337 1236
338 386
339 340
339 389
339 1224
340 390
340 445
340 569
341 444
341 445
341 446
341 448
342 445
342 446
342 569
343 346
343 353
343 397
343 398
344 352
344 353
344 395
344 398
345 401
345 402
345 902
345 1235
346 348
346 349
347 358
347 365
347 369
347 490
347 1002
348 353
348 394
349 405
350 484
351 397
351 734
352 393
352 404
353 404
354 1077
354 1078
355 440
355 1054
356 386
356 389
357 849
357 1031
358 366
358 380
358 758
359 846
360 1109
361 974
361 977
362 363
362 606
362 607
362 631
363 610
364 607
364 610
365 366
366 503
367 979
369 380
369 1070
370 984
370 985
371 787
372 605
372 1127
373 855
374 397
374 734
375 376
375 522
376 377
377 520
377 1247
378 408
378 1054
378 1158
379 757
381 690
382 383
382 846
383 384
383 1031
384 1010
384 1031
385 784
387 658
387 669
388 433
388 658
389 390
389 391
390 443
390 854
391 853
391 854
391 855
391 856
392 403
392 414
392 425
393 394
393 395
393 399
393 680
393 902
394 401
394 402
394 404
395 396
395 448
396 397
396 398
396 400
399 446
399 448
400 444
400 448
401 405
401 406
402 902
403 834
403 938
406 436
407 408
407 409
407 410
408 410
408 417
408 419
408 1066
408 1158
409 410
409 412
410 497
410 1280
411 412
411 413
411 420
412 1053
413 415
413 416
414 769
414 834
414 835
415 416
415 1078
417 418
417 419
418 419
418 420
419 440
419 1048
420 1046
420 1048
421 422
423 424
423 447
423 485
423 925
423 1213
424 566
425 480
425 482
425 1092
426 485
426 1202
426 1213
430 431
430 432
430 433
430 434
431 439
431 1313
432 714
432 1056
432 1060
433 1060
435 437
436 447
436 500
436 1235
437 438
437 1313
438 1065
438 1291
439 1056
439 1302
440 523
440 524
440 1064
440 1065
441 442
442 559
442 604
442 1139
442 1204
443 444
443 445
443 1299
444 1299
447 459
449 450
449 451
450 549
450 1013
451 1051
452 453
452 1280
453 454
453 497
454 455
455 1050
455 1070
456 457
456 460
458 497
458 513
458 1280
458 1328
459 470
459 1235
459 1310
460 461
460 552
461 462
461 463
462 463
462 464
463 465
464 465
464 466
464 467
464 470
464 947
467 525
468 469
468 471
468 472
468 1286
470 481
470 570
470 936
470 1310
471 886
472 483
472 900
473 474
473 476
473 1222
474 475
474 1297
475 476
475 537
475 879
476 1221
477 478
478 479
478 1271
478 1272
479 480
479 482
479 939
479 1274
480 1159
481 492
481 514
481 570
482 938
483 895
483 898
484 487
484 925
484 1191
484 1202
485 925
486 925
487 914
488 489
488 1070
489 495
489 1041
490 1058
491 493
492 503
492 558
493 494
493 495
494 758
494 1058
495 514
496 497
496 498
497 517
497 1067
497 1280
498 1280
499 1068
499 1280
500 1191
501 502
501 504
502 505
503 758
504 505
506 507
506 548
507 1053
507 1280
508 524
508 1136
508 1269
509 784
509 1195
510 511
510 512
510 531
511 735
511 738
511 740
512 740
512 812
513 576
514 525
514 947
515 516
515 791
516 518
516 521
516 522
517 518
517 519
517 1067
517 1169
518 521
518 522
519 1067
519 1158
519 1169
520 1147
520 1269
521 1328
523 1014
524 1158
525 536
525 547
526 866
526 870
527 528
527 529
527 1082
527 1267
528 1296
528 1316
528 1322
529 1079
529 1316
530 531
530 533
530 738
530 800
530 1039
530 1141
530 1144
531 1142
532 761
532 858
532 869
533 712
533 713
533 869
533 1039
534 535
534 537
534 538
535 541
535 542
537 541
538 539
538 540
538 1276
539 1268
539 1270
540 837
541 875
542 873
542 874
542 876
543 544
543 545
543 546
543 1215
544 952
544 1253
545 1008
545 1020
546 1043
546 1044
547 721
547 722
548 1068
549 990
550 551
550 771
550 997
550 1079
550 1254
551 1187
551 1320
552 553
552 1209
553 1207
553 1212
554 555
554 556
554 1306
555 563
555 1307
556 955
556 1309
556 1345
557 559
557 560
557 561
559 857
559 859
560 564
560 1139
560 1332
561 564
561 645
562 563
562 564
562 565
563 649
563 1307
565 645
565 648
565 649
566 567
566 568
566 571
567 1250
567 1251
568 572
568 1006
568 1251
569 680
569 1025
569 1051
569 1180
569 1224
569 1236
570 936
571 572
571 1021
572 1007
572 1026
573 574
573 1009
573 1024
574 1021
574 1026
575 576
577 578
577 579
577 580
578 961
579 989
580 582
580 1311
581 592
581 603
581 1062
581 1203
582 583
582 584
582 585
583 586
583 699
584 654
584 693
584 961
585 586
586 587
586 590
587 588
587 692
587 699
589 590
589 591
589 698
592 681
593 594
593 595
593 860
594 859
595 596
595 597
595 598
596 686
596 691
597 600
597 962
598 653
598 691
598 942
598 963
599 600
599 601
599 646
599 859
600 861
601 643
601 861
601 862
602 604
602 606
602 631
603 647
603 1063
605 606
605 607
605 608
608 910
608 911
609 610
609 611
609 612
609 613
610 613
612 613
612 617
614 625
614 636
615 616
615 617
615 1115
615 1126
616 628
618 619
618 620
618 621
618 622
620 1108
621 1106
621 1109
623 624
623 626
623 627
623 1130
624 1132
625 647
626 1131
627 970
627 1119
628 629
628 1114
629 1116
629 1117
629 1118
629 1119
629 1120
630 631
630 632
630 906
631 633
632 633
632 634
632 1200
635 637
635 638
635 644
635 954
636 725
636 736
637 639
637 642
638 642
638 644
638 1091
639 640
639 641
640 978
641 646
641 648
642 643
643 862
643 1091
644 989
644 1080
645 646
647 658
647 669
648 1304
649 1305
650 651
650 714
650 1014
650 1055
650 1056
651 723
651 1057
651 1192
652 714
652 726
652 1190
652 1192
653 654
653 655
653 656
654 684
654 695
655 686
655 691
656 941
656 942
656 943
657 659
657 660
657 661
657 662
658 1063
659 694
659 697
660 685
660 690
660 991
661 688
662 1190
663 664
663 665
663 673
664 785
664 816
665 672
665 815
665 816
666 667
666 668
666 917
666 918
666 927
666 1150
667 670
667 671
668 671
668 919
668 924
670 927
670 1152
671 1153
672 673
672 832
672 1318
673 1157
674 675
674 676
674 841
675 753
675 841
676 679
676 754
676 755
677 678
677 735
677 738
677 749
677 795
678 746
678 840
679 682
679 683
679 851
680 1025
681 692
681 747
682 707
682 760
682 851
683 756
683 760
684 685
684 686
684 687
685 688
685 689
687 689
688 696
688 706
693 694
693 695
694 696
694 705
695 706
696 706
697 702
697 705
699 700
700 701
700 705
701 702
701 704
702 987
703 714
703 726
703 1203
704 724
704 987
707 708
707 709
707 757
707 903
708 872
709 880
710 711
710 715
710 1179
711 800
711 1166
711 1174
713 825
713 1040
714 1059
715 799
715 825
715 1179
716 825
716 1184
716 1185
717 718
717 719
717 720
721 889
721 1196
722 889
722 897
723 1193
724 986
726 727
726 988
727 987
727 1190
728 733
728 780
728 858
729 730
729 731
729 770
730 762
730 780
731 762
731 969
732 770
732 969
732 995
733 761
733 762
733 780
735 737
735 740
736 747
738 739
739 1000
739 1001
740 811
740 827
741 742
741 743
741 752
742 809
742 810
743 744
743 810
744 745
744 746
745 810
745 1004
745 1005
746 748
746 753
746 840
746 1005
748 749
748 750
749 1001
750 1000
750 1001
750 1005
751 752
751 852
751 903
752 903
753 754
754 755
755 756
756 759
757 850
757 851
759 760
759 903
761 763
761 858
762 763
763 958
764 765
764 766
764 1082
765 767
765 768
765 996
766 768
766 998
767 772
767 994
767 1035
768 994
768 995
769 780
769 858
769 1087
770 999
771 772
771 1035
772 996
772 997
773 774
773 775
773 776
773 777
774 803
775 1035
776 1037
776 1038
777 1254
778 814
778 958
779 781
779 782
779 847
781 805
782 783
782 804
782 805
783 847
783 1186
784 785
784 786
784 787
784 816
786 793
787 788
788 789
788 790
788 793
789 790
790 1263
790 1264
791 902
791 1025
791 1147
791 1180
791 1269
792 803
792 814
792 825
793 1264
794 795
794 796
794 838
795 839
796 797
796 798
797 818
798 818
798 822
799 1185
800 1040
801 802
801 804
801 805
802 1179
802 1181
803 836
803 847
804 1183
804 1186
806 807
806 1317
807 921
807 929
808 809
808 810
808 1004
809 852
811 812
811 813
814 1037
815 819
815 832
815 1195
816 1195
817 818
817 819
817 1195
818 820
819 820
819 821
820 822
820 830
821 830
821 832
821 833
822 823
822 824
824 829
826 827
826 828
828 829
829 830
829 831
833 1194
834 837
834 1281
835 1281
837 1278
838 839
838 842
839 840
840 841
842 843
842 1263
844 845
844 846
845 848
846 848
846 849
849 1031
852 858
853 983
854 983
855 856
857 859
857 940
858 869
859 860
860 940
861 962
863 864
863 865
863 1259
864 1257
864 1261
865 999
865 1262
866 867
866 868
867 870
867 871
867 872
870 891
871 945
872 945
872 946
873 949
874 950
874 951
874 952
875 876
875 877
876 951
877 878
877 951
877 1218
878 879
878 881
878 1219
878 1220
879 1221
880 891
880 903
881 882
881 883
881 1221
882 1220
883 1222
884 885
884 886
884 887
884 1223
885 888
885 1198
886 1225
887 1198
888 889
888 890
888 1196
890 892
890 893
890 894
892 897
893 896
894 895
894 896
897 1201
898 899
898 900
898 906
898 1199
899 1205
899 1206
901 904
901 905
904 906
904 1206
907 908
907 909
909 1110
909 1115
910 912
910 1139
910 1204
911 912
911 913
912 1128
912 1129
913 1042
913 1130
914 925
915 916
917 930
917 1151
919 920
919 921
919 923
919 1150
919 1317
920 923
920 926
921 1151
922 923
922 1155
922 1194
923 924
924 1153
927 928
928 1152
929 930
929 1151
930 931
930 932
931 1149
933 934
933 935
933 937
935 937
936 947
938 939
939 1271
941 964
942 964
943 965
944 945
944 946
944 1019
944 1029
945 948
946 1034
948 949
948 1028
949 950
951 1253
953 954
953 955
953 956
954 978
955 1337
955 1338
956 1248
957 959
957 960
957 1080
958 969
958 980
959 961
959 966
960 966
960 1069
960 1102
961 965
962 963
963 964
965 966
967 968
967 970
967 971
968 972
970 1234
972 973
973 974
973 975
973 976
976 977
977 1248
979 981
979 1246
980 992
980 993
981 1343
981 1344
982 1311
983 984
984 985
986 987
986 988
989 1080
989 1335
990 1013
991 1002
991 1014
991 1193
992 994
992 1035
993 994
993 995
995 998
996 1081
998 999
999 1261
1000 1003
1003 1004
1003 1005
1006 1007
1006 1008
1006 1252
1007 1023
1007 1027
1008 1011
1008 1027
1009 1010
1009 1018
1009 1031
1009 1032
1010 1022
1011 1214
1011 1215
1011 1252
1012 1015
1012 1016
1012 1020
1012 1030
1013 1051
1013 1124
1014 1055
1014 1057
1014 1302
1015 1017
1015 1045
1016 1023
1016 1027
1016 1045
1017 1018
1017 1019
1017 1029
1018 1032
1018 1045
1019 1033
1019 1034
1020 1027
1020 1043
1021 1022
1023 1024
1023 1026
1024 1045
1028 1029
1028 1030
1028 1044
1030 1043
1031 1032
1032 1033
1033 1034
1035 1038
1036 1047
1036 1058
1036 1127
1039 1040
1041 1042
1042 1127
1046 1049
1049 1052
1049 1077
1051 1236
1053 1280
1054 1158
1055 1324
1056 1324
1057 1193
1059 1060
1059 1061
1061 1062
1062 1063
1066 1158
1069 1080
1069 1091
1071 1072
1071 1075
1072 1283
1073 1074
1074 1076
1076 1077
1079 1320
1080 1091
1081 1082
1083 1084
1083 1085
1084 1282
1085 1279
1085 1282
1086 1281
1086 1282
1087 1088
1087 1089
1090 1092
1090 1093
1090 1094
1091 1102
1092 1314
1093 1290
1093 1312
1094 1095
1094 1100
1095 1096
1095 1097
1096 1098
1096 1099
1097 1290
1097 1292
1098 1292
1099 1100
1099 1101
1100 1101
1101 1103
1103 1107
1104 1105
1104 1106
1104 1109
1104 1112
1105 1111
1106 1107
1107 1108
1109 1110
1110 1112
1110 1114
1112 1117
1113 1125
1113 1136
1113 1258
1114 1117
1116 1119
1116 1123
1117 1120
1118 1122
1119 1126
1119 1127
1120 1121
1120 1122
1125 1158
1128 1130
1129 1139
1130 1131
1132 1133
1132 1134
1133 1234
1133 1237
1134 1237
1135 1137
1135 1138
1135 1140
1136 1158
1137 1334
1137 1339
1138 1334
1138 1336
1139 1140
1140 1339
1141 1142
1141 1143
1142 1148
1143 1145
1143 1146
1144 1145
1144 1166
1145 1160
1145 1162
1146 1148
1147 1269
1150 1151
1152 1154
1153 1154
1153 1155
1154 1156
1155 1156
1155 1318
1156 1157
1157 1318
1158 1169
1159 1275
1159 1314
1160 1161
1161 1162
1161 1163
1162 1166
1162 1167
1163 1164
1163 1165
1164 1173
1167 1168
1167 1170
1168 1171
1170 1174
1171 1172
1171 1173
1175 1176
1175 1177
1175 1181
1176 1178
1177 1182
1179 1182
1181 1182
1183 1184
1183 1185
1184 1186
1187 1188
1187 1189
1188 1303
1188 1320
1188 1321
1189 1300
1189 1327
1191 1202
1191 1213
1196 1197
1196 1198
1199 1200
1199 1201
1205 1227
1207 1208
1207 1209
1207 1210
1208 1211
1208 1212
1208 1214
1209 1250
1210 1214
1210 1250
1210 1252
1211 1216
1211 1217
1214 1216
1215 1216
1215 1253
1216 1218
1217 1218
1217 1219
1218 1253
1221 1222
1223 1225
1226 1227
1226 1228
1226 1229
1228 1231
1229 1230
1230 1231
1232 1233
1232 1234
1232 1237
1232 1238
1233 1239
1238 1239
1238 1240
1239 1241
1239 1242
1240 1242
1241 1336
1242 1336
1243 1244
1243 1245
1243 1246
1243 1344
1244 1334
1244 1336
1244 1342
1245 1342
1246 1336
1247 1258
1247 1269
1248 1249
1249 1330
1249 1331
1251 1252
1254 1255
1254 1256
1257 1259
1257 1260
1258 1269
1259 1262
1259 1265
1262 1266
1265 1266
1272 1273
1272 1274
1272 1295
1273 1287
1273 1290
1273 1292
1274 1275
1275 1315
1276 1277
1278 1279
1279 1281
1279 1282
1283 1284
1284 1319
1285 1286
1285 1287
1287 1288
1287 1289
1288 1293
1288 1295
1290 1315
1291 1302
1291 1313
1293 1294
1293 1295
1293 1298
1300 1301
1300 1303
1301 1323
1301 1326
1302 1324
1304 1305
1305 1309
1306 1307
1306 1308
1306 1340
1307 1333
1308 1341
1308 1345
1309 1337
1312 1314
1312 1315
1323 1325
1325 1326
1329 1330
1329 1331
1330 1343
1330 1344
1332 1333
1332 1339
1333 1334
1333 1340
1333 1342
1338 1341
1338 1345
1340 1341
